,symbol,sec_name,pre_close,open,high,low,close,pct,amp,volume,amount,trade_date,turnrate,tot_mv,a_mv_ex_ltd,pb_mrq,pe_ttm
0,SHSE.600000,浦发银行,10.30,10.33,10.34,10.24,10.27,-0.29,0.97,25042540,257631071.94,2021-04-27,0.09,301446523111.24,301446523111.24,0.56,5.17
1,SHSE.600004,白云机场,12.68,12.71,12.74,12.04,12.11,-4.50,5.52,32461665,397634535.53,2021-04-27,1.57,28660958407.13,25059471424.54,1.53,526.21
2,SHSE.600006,东风汽车,6.66,6.55,6.58,6.28,6.39,-4.05,4.50,57360779,367261076.12,2021-04-27,2.87,12780000000.00,12780000000.00,1.58,23.09
3,SHSE.600007,中国国贸,12.46,12.40,12.50,12.37,12.40,-0.48,1.04,564597,7009164.80,2021-04-27,0.06,12490303421.60,12490303421.60,1.51,15.13
4,SHSE.600008,首创环保,2.94,2.93,2.99,2.93,2.96,0.68,2.04,37437148,110787911.02,2021-04-27,0.51,21728148403.92,21728148403.92,1.35,14.78
5,SHSE.600009,上海机场,53.25,52.91,52.95,48.88,49.60,-6.85,7.64,54248953,2731127010.79,2021-04-27,4.96,95577139020.80,54236429291.20,3.32,-75.46
6,SHSE.600010,包钢股份,1.55,1.55,1.56,1.48,1.49,-3.87,5.16,742519920,1122510456.94,2021-04-27,2.34,67921698645.52,47199045264.63,1.27,-192.01
7,SHSE.600011,华能国际,4.04,4.04,4.05,3.97,3.98,-1.49,1.98,25061644,99978767.89,2021-04-27,0.23,62478411568.82,43770885477.62,0.83,13.69
8,SHSE.600012,皖通高速,7.11,7.13,7.25,7.02,7.16,0.70,3.23,6256765,44526839.80,2021-04-27,0.54,11875647600.00,8345696000.00,1.02,12.93
9,SHSE.600015,华夏银行,6.19,6.20,6.20,6.15,6.18,-0.16,0.81,18576705,114642453.01,2021-04-27,0.14,95093044214.94,79244203515.54,0.42,4.47
10,SHSE.600016,民生银行,4.82,4.82,4.82,4.74,4.74,-1.66,1.66,84237194,401995242.34,2021-04-27,0.24,207528663699.48,168090464029.62,0.44,6.05
11,SHSE.600017,日照港,2.74,2.74,2.75,2.73,2.75,0.36,0.73,8438946,23133169.50,2021-04-27,0.27,8458048192.00,8458048192.00,0.67,13.22
12,SHSE.600018,上港集团,4.50,4.51,4.53,4.43,4.45,-1.11,2.22,21792528,97196970.40,2021-04-27,0.09,103122852192.50,103122852192.50,1.14,12.41
13,SHSE.600019,宝钢股份,8.66,8.50,8.70,8.25,8.54,-1.39,5.20,186088275,1569273594.59,2021-04-27,0.84,190173753903.00,189693498351.98,1.00,11.53
14,SHSE.600020,中原高速,3.28,3.28,3.28,3.24,3.28,0.00,1.22,4500953,14681415.66,2021-04-27,0.20,7371379608.96,7371379608.96,0.71,28.34
15,SHSE.600021,上海电力,7.02,7.02,7.05,6.88,6.93,-1.28,2.42,11797918,81986333.46,2021-04-27,0.50,18136947885.21,16266416893.65,1.09,20.40
16,SHSE.600022,山东钢铁,1.75,1.74,1.77,1.70,1.73,-1.14,4.00,125771072,216963721.03,2021-04-27,1.15,18937530835.68,18937530835.68,0.87,26.21
17,SHSE.600023,浙能电力,3.68,3.68,3.69,3.63,3.66,-0.54,1.63,25216721,92140333.98,2021-04-27,0.19,49778525356.08,49778525356.08,0.71,8.47
18,SHSE.600025,华能水电,5.53,5.51,5.68,5.51,5.63,1.81,3.07,49281340,276532732.22,2021-04-27,0.27,101340000000.00,101340000000.00,2.06,18.46
19,SHSE.600026,中远海能,6.24,6.23,6.30,6.17,6.29,0.80,2.08,12492662,77855752.60,2021-04-27,0.44,29957331956.65,18020678207.52,0.85,12.63
20,SHSE.600027,华电国际,3.40,3.40,3.41,3.35,3.37,-0.88,1.76,23194459,78196238.60,2021-04-27,0.28,33238231320.61,27451154088.61,0.69,7.95
21,SHSE.600028,中国石化,4.21,4.21,4.22,4.17,4.20,-0.24,1.19,77235304,324050853.50,2021-04-27,0.08,508499080513.20,401342638393.20,0.67,15.44
22,SHSE.600029,南方航空,6.55,6.53,6.58,6.37,6.40,-2.29,3.21,46300980,298042382.51,2021-04-27,0.57,98107535328.00,51913730758.40,1.50,-9.05
23,SHSE.600030,中信证券,23.05,23.06,23.09,22.69,22.75,-1.30,1.74,70618507,1611466438.81,2021-04-27,0.72,294084154659.75,223283553675.00,1.58,19.73
24,SHSE.600031,三一重工,31.85,31.55,31.65,30.82,31.36,-1.54,2.61,99598220,3110576228.49,2021-04-27,1.17,266096542821.76,266096542821.76,4.28,17.24
25,SHSE.600033,福建高速,2.65,2.65,2.66,2.63,2.65,0.00,1.13,3246231,8576535.89,2021-04-27,0.12,7272660000.00,7272660000.00,0.72,17.66
26,SHSE.600035,楚天高速,2.83,2.82,2.83,2.77,2.80,-1.06,2.12,4559107,12751512.53,2021-04-27,0.28,4508324522.80,4508324522.80,0.68,11.66
27,SHSE.600036,招商银行,52.07,51.95,52.43,51.58,52.07,0.00,1.63,36329922,1890139552.87,2021-04-27,0.18,1313197360444.07,1074149136418.03,1.96,12.93
28,SHSE.600037,歌华有线,9.25,9.25,9.47,9.24,9.25,0.00,2.49,10787386,100825344.39,2021-04-27,0.78,12873945427.00,12873945427.00,1.02,78.54
29,SHSE.600038,中直股份,51.90,51.86,51.88,50.30,50.94,-1.85,3.04,5125530,260557785.36,2021-04-27,0.87,30027943913.04,30027943913.04,3.32,39.63
30,SHSE.600039,四川路桥,6.66,6.61,6.70,6.61,6.65,-0.15,1.35,17194328,114537725.78,2021-04-27,0.48,31770842421.85,24009994641.50,1.33,12.32
31,SHSE.600048,保利发展,14.00,14.00,14.18,13.91,14.12,0.86,1.93,44975962,632324208.24,2021-04-27,0.38,169009245226.56,169009245226.56,1.04,5.84
32,SHSE.600050,中国联通,4.20,4.19,4.23,4.17,4.22,0.48,1.43,78450831,329586740.73,2021-04-27,0.26,130870020871.14,129788818574.64,0.88,22.49
33,SHSE.600051,宁波联合,7.85,7.73,7.73,7.11,7.14,-9.04,7.90,9701968,70432655.67,2021-04-27,3.12,2219683200.00,2219683200.00,0.75,25.31
34,SHSE.600052,东望时代,3.44,3.42,3.70,3.36,3.63,5.52,9.88,14849411,52879029.69,2021-04-27,1.76,3064426909.83,3064426909.83,0.91,90.40
35,SHSE.600053,九鼎投资,17.05,17.05,17.15,16.80,17.00,-0.29,2.05,1323768,22402899.78,2021-04-27,0.31,7370193600.00,7370193600.00,2.75,84.95
36,SHSE.600054,黄山旅游,10.95,10.95,10.99,10.53,10.68,-2.47,4.20,6893698,73730919.68,2021-04-27,1.34,7789772419.20,5482044000.00,1.84,-167.98
37,SHSE.600055,万东医疗,13.32,13.26,13.27,12.64,12.86,-3.45,4.73,10237967,132069316.13,2021-04-27,1.89,6954896319.14,6954896319.14,2.98,30.80
38,SHSE.600056,中国医药,13.18,13.12,13.36,13.03,13.31,0.99,2.50,8986628,119129373.21,2021-04-27,0.84,14221542457.54,14216520115.38,1.39,11.37
39,SHSE.600057,厦门象屿,6.74,6.75,6.78,6.65,6.66,-1.19,1.93,15938819,106720559.70,2021-04-27,0.75,14368644206.10,14235527336.22,1.27,10.34
40,SHSE.600058,五矿发展,7.38,7.37,7.40,7.19,7.25,-1.76,2.85,6284700,45879409.00,2021-04-27,0.59,7771352654.75,7771352654.75,1.79,28.92
41,SHSE.600059,古越龙山,11.97,11.98,12.08,11.43,11.58,-3.26,5.43,20604482,239803037.47,2021-04-27,2.55,10555661142.54,9362709830.70,2.44,60.17
42,SHSE.600060,海信视像,12.06,12.29,12.29,11.33,11.53,-4.39,7.96,39283594,459923150.71,2021-04-27,3.00,15086788489.66,15086788489.66,0.96,11.20
43,SHSE.600061,国投资本,12.74,12.68,12.92,12.68,12.79,0.39,1.88,13498588,172929029.37,2021-04-27,0.32,54065252810.23,54065252810.23,1.25,13.03
44,SHSE.600062,华润双鹤,11.91,11.88,12.07,11.85,12.04,1.09,1.85,5772763,69189954.76,2021-04-27,0.55,12560582028.40,12560582028.40,1.31,12.50
45,SHSE.600063,皖维高新,4.02,4.02,4.02,3.90,3.93,-2.24,2.99,29858848,117609532.92,2021-04-27,1.55,7568766139.56,7568766139.56,1.33,10.95
46,SHSE.600064,南京高科,9.64,9.66,9.67,9.53,9.56,-0.83,1.45,2438140,23362740.00,2021-04-27,0.20,11815747849.28,11815747849.28,0.86,5.40
47,SHSE.600066,宇通客车,14.41,14.47,14.49,14.01,14.08,-2.29,3.33,8898550,125820628.04,2021-04-27,0.40,31862071619.84,31172264259.84,2.12,61.75
48,SHSE.600067,冠城大通,3.33,3.33,3.33,3.27,3.29,-1.20,1.80,4182684,13754491.36,2021-04-27,0.28,4909044285.25,4909044285.25,0.61,8.80
49,SHSE.600068,葛洲坝,7.13,7.11,7.18,7.09,7.14,0.14,1.26,16343381,116563966.85,2021-04-27,0.35,32878110721.68,32878110721.68,0.97,7.68
50,SHSE.600070,ST富润,6.33,6.33,6.96,6.30,6.46,2.05,10.43,20727523,137712995.93,2021-04-27,3.97,3371771922.28,3371771922.28,1.37,7.10
51,SHSE.600071,凤凰光学,13.85,13.77,13.97,13.55,13.61,-1.73,3.03,2259564,31030613.26,2021-04-27,0.95,3832220629.29,3232000126.16,7.46,157.41
52,SHSE.600072,中船科技,11.76,11.71,11.75,11.41,11.66,-0.85,2.89,10619850,122725272.02,2021-04-27,1.44,8584673635.78,8584673635.78,2.18,59.84
53,SHSE.600073,上海梅林,8.09,8.05,8.08,7.97,8.00,-1.11,1.36,5720740,45807919.99,2021-04-27,0.61,7501835776.00,7501835776.00,1.73,18.54
54,SHSE.600075,新疆天业,7.27,7.26,7.26,6.95,7.07,-2.75,4.26,24665404,174325551.10,2021-04-27,2.54,10037475100.59,6875733028.64,1.37,7.58
55,SHSE.600076,康欣新材,4.31,4.32,4.48,4.26,4.37,1.39,5.10,20517219,90058821.71,2021-04-27,1.98,5875654513.79,4519734243.73,1.21,-44.72
56,SHSE.600077,*ST宋都,2.63,2.63,2.72,2.60,2.70,2.66,4.56,8113318,21618892.60,2021-04-27,0.61,3618330280.20,3618330280.20,0.76,4.39
57,SHSE.600078,ST澄星,2.93,2.92,2.94,2.80,2.86,-2.39,4.78,13355924,37937342.92,2021-04-27,2.02,1894958382.46,1894958382.46,-3.89,270.01
58,SHSE.600079,人福医药,31.33,31.11,33.08,31.00,32.95,5.17,6.64,14398055,465204026.04,2021-04-27,1.06,53809719368.60,44604556750.90,4.46,75.83
59,SHSE.600080,金花股份,6.53,6.46,6.64,6.42,6.46,-1.07,3.37,2592642,16896457.66,2021-04-27,0.69,2411326041.10,2411326041.10,1.39,52.05
60,SHSE.600081,东风科技,12.66,12.43,12.45,11.98,12.05,-4.82,3.71,11161620,135716226.72,2021-04-27,3.56,3778398000.00,3778398000.00,2.57,38.34
61,SHSE.600082,海泰发展,2.89,2.88,2.92,2.85,2.90,0.35,2.42,2567602,7384563.70,2021-04-27,0.40,1873735895.40,1839440367.80,1.08,-45.85
62,SHSE.600083,博信股份,5.86,5.57,5.78,5.57,5.57,-4.95,3.58,8581619,47919186.41,2021-04-27,3.76,1281100000.00,1269922825.82,119.22,-30.74
63,SHSE.600084,中信尼雅,2.52,2.49,2.50,2.42,2.45,-2.78,3.17,8556610,20956374.29,2021-04-27,0.76,2753130733.50,2753130733.50,1.28,-48.81
64,SHSE.600085,同仁堂,28.50,28.45,28.83,28.28,28.35,-0.53,1.93,10014080,286034750.64,2021-04-27,0.73,38881181927.70,38881181927.70,3.83,37.70
65,SHSE.600088,中视传媒,13.10,13.10,13.10,11.79,11.79,-10.00,10.00,14461422,176975451.54,2021-04-27,3.64,4688958456.00,4688958456.00,4.32,-53.66
66,SHSE.600089,特变电工,11.65,11.59,11.73,11.42,11.72,0.60,2.66,49493510,574430038.54,2021-04-27,1.33,43531745887.08,43531745887.08,1.25,17.50
67,SHSE.600090,退市济堂,1.65,1.61,1.64,1.57,1.59,-3.64,4.24,24716202,39486456.16,2021-04-27,1.72,2289064082.55,2289064082.55,0.59,-8.42
68,SHSE.600091,退市明科,1.78,1.78,1.79,1.76,1.77,-0.56,1.69,1118800,1983303.00,2021-04-27,0.26,774220167.48,774220167.48,0.88,150.08
69,SHSE.600093,退市易见,8.02,8.02,8.20,8.02,8.13,1.37,2.24,6378867,51700313.88,2021-04-27,0.57,9125498175.00,9125498175.00,-2.52,-5.46
70,SHSE.600094,大名城,3.61,3.60,3.61,3.50,3.52,-2.49,3.05,17413733,61438699.30,2021-04-27,0.76,8713144200.64,8013649466.24,0.65,19.44
71,SHSE.600095,湘财股份,7.89,7.87,7.93,7.64,7.70,-2.41,3.68,13522395,104876631.77,2021-04-27,2.89,20651325263.80,3601750698.70,1.92,57.96
72,SHSE.600096,云天化,7.75,7.71,7.80,7.55,7.76,0.13,3.23,22940993,175631717.85,2021-04-27,1.69,14258194100.72,10562522960.16,2.03,17.06
73,SHSE.600097,开创国际,9.11,9.08,9.13,8.92,8.97,-1.54,2.31,2746800,24720815.00,2021-04-27,1.14,2161200934.23,2161200934.23,1.15,15.31
74,SHSE.600098,广州发展,5.85,5.86,5.90,5.79,5.90,0.85,1.88,4441029,25939572.88,2021-04-27,0.16,16084559692.20,16084559692.20,0.88,17.80
75,SHSE.600099,林海股份,6.28,6.25,6.33,6.19,6.32,0.64,2.23,1204523,7533905.13,2021-04-27,0.55,1384838400.00,1384838400.00,2.85,179.32
76,SHSE.600100,同方股份,5.87,5.87,5.89,5.83,5.87,0.00,1.02,6213317,36436031.35,2021-04-27,0.21,17398086842.37,17398086842.37,1.09,-29.89
77,SHSE.600101,明星电力,5.35,5.35,5.35,5.19,5.22,-2.43,2.99,3585285,18748024.58,2021-04-27,0.85,2199878537.40,2199878537.40,0.90,31.42
78,SHSE.600103,青山纸业,2.10,2.11,2.27,2.11,2.21,5.24,7.62,105498996,230894394.29,2021-04-27,4.58,5095857353.47,5095857353.47,1.40,32.96
79,SHSE.600104,上汽集团,19.83,19.77,19.82,19.58,19.59,-1.21,1.21,22098760,434204761.93,2021-04-27,0.19,228879008140.35,228879008140.35,0.85,11.20
80,SHSE.600105,永鼎股份,3.30,3.31,3.34,3.22,3.29,-0.30,3.64,26465347,86604683.01,2021-04-27,1.92,4543061671.61,4543061671.61,1.63,-14.09
81,SHSE.600106,重庆路桥,2.60,2.60,2.60,2.56,2.59,-0.38,1.54,4984556,12871442.79,2021-04-27,0.38,3442174910.58,3442174910.58,0.72,15.15
82,SHSE.600107,美尔雅,6.82,6.78,6.88,6.76,6.86,0.59,1.76,4106612,28011142.98,2021-04-27,1.14,2469600000.00,2469600000.00,3.36,-55.59
83,SHSE.600108,亚盛集团,2.65,2.64,2.67,2.61,2.62,-1.13,2.26,10899000,28684083.00,2021-04-27,0.56,5100917617.02,5100917617.02,1.27,115.74
84,SHSE.600109,国金证券,12.27,12.29,12.47,12.15,12.33,0.49,2.61,33349518,409696681.76,2021-04-27,1.10,37290350292.30,37290350292.30,1.63,20.02
85,SHSE.600110,诺德股份,7.71,7.68,7.72,7.42,7.58,-1.69,3.89,42584885,321836183.02,2021-04-27,3.70,10591296101.70,8719365695.26,3.04,132.26
86,SHSE.600111,北方稀土,20.33,20.33,20.88,20.01,20.60,1.33,4.28,90406529,1851774104.50,2021-04-27,2.49,74841159600.00,74841159600.00,6.60,89.89
87,SHSE.600112,ST天成,1.33,1.34,1.40,1.33,1.40,5.26,5.26,20106431,27958905.00,2021-04-27,3.95,712886784.40,712886784.40,-9.70,-0.82
88,SHSE.600113,浙江东日,6.16,6.12,6.14,6.01,6.08,-1.30,2.11,2092471,12690745.24,2021-04-27,0.51,2501501452.80,2501501452.80,1.68,20.73
89,SHSE.600114,东睦股份,7.34,7.35,7.39,7.28,7.37,0.41,1.50,2885658,21132023.89,2021-04-27,0.47,4542789855.89,4520080232.69,1.70,16.59
90,SHSE.600115,中国东航,5.51,5.50,5.54,5.37,5.41,-1.81,3.09,26988588,146525137.95,2021-04-27,0.28,88613144788.23,53063907539.62,1.78,-7.49
91,SHSE.600116,三峡水利,8.76,8.81,8.83,8.69,8.72,-0.46,1.60,8856612,77454143.61,2021-04-27,0.89,16673886122.88,8659007977.44,1.61,22.06
92,SHSE.600117,*ST西钢,4.14,4.18,4.21,3.96,4.09,-1.21,6.04,27330906,111203110.91,2021-04-27,2.62,4274533650.68,4274533650.68,3.09,229.63
93,SHSE.600118,中国卫星,30.69,30.70,30.75,29.87,30.04,-2.12,2.87,13524490,408012485.76,2021-04-27,1.14,35521973615.40,35521973615.40,5.96,100.48
94,SHSE.600119,长江投资,6.78,7.00,7.11,6.98,7.04,3.83,1.92,4178701,29518042.02,2021-04-27,1.36,2571503404.80,2164096000.00,7.43,-26.55
95,SHSE.600120,浙江东方,5.62,5.62,5.64,5.57,5.59,-0.53,1.25,6910716,38665946.47,2021-04-27,0.31,12454189418.58,12454189418.58,0.91,13.79
96,SHSE.600121,郑州煤电,5.45,5.42,5.42,5.08,5.18,-4.95,6.24,49128841,255479118.35,2021-04-27,4.03,6311374356.84,6311374356.84,3.41,-4.96
97,SHSE.600122,*ST宏图,1.21,1.20,1.21,1.15,1.15,-4.96,4.96,22256422,26025619.18,2021-04-27,1.92,1331997102.50,1331997102.50,4.53,-0.53
98,SHSE.600123,兰花科创,5.80,5.71,5.77,5.56,5.65,-2.59,3.62,13640503,77010884.25,2021-04-27,1.19,6454560000.00,6454560000.00,0.59,11.79
99,SHSE.600125,铁龙物流,5.14,5.13,5.14,5.01,5.05,-1.75,2.53,11205751,56618781.63,2021-04-27,0.86,6592885463.70,6592885463.70,1.04,16.46
100,SHSE.600126,杭钢股份,5.85,5.84,5.91,5.68,5.76,-1.54,3.93,24321649,140341163.28,2021-04-27,0.72,19452609118.08,19452609118.08,0.97,14.42
101,SHSE.600127,金健米业,9.35,9.37,9.67,9.28,9.48,1.39,4.17,41155972,391581865.21,2021-04-27,6.41,6084104906.64,6084104906.64,8.11,288.87
102,SHSE.600128,苏豪弘业,6.35,6.35,6.38,6.16,6.25,-1.57,3.46,3367932,21028977.69,2021-04-27,1.36,1542296875.00,1542296875.00,0.81,20.21
103,SHSE.600129,太极集团,14.92,14.92,15.15,14.76,15.00,0.54,2.61,2606463,38920146.11,2021-04-27,0.47,8353361160.00,8353361160.00,2.56,126.44
104,SHSE.600130,波导股份,3.35,3.35,3.37,3.29,3.32,-0.90,2.39,4711100,15624446.00,2021-04-27,0.61,2549760000.00,2549760000.00,2.71,62.05
105,SHSE.600131,国网信通,14.36,14.36,14.52,14.10,14.17,-1.32,2.92,2816444,40057917.39,2021-04-27,0.52,16938740688.48,7654837792.94,3.62,27.91
106,SHSE.600132,重庆啤酒,127.44,122.50,132.77,122.50,132.40,3.89,8.06,4487316,584567316.12,2021-04-27,0.93,64077786615.20,64077786615.20,72.76,59.51
107,SHSE.600133,东湖高新,5.72,5.68,5.73,5.59,5.61,-1.92,2.45,5138816,28988493.11,2021-04-27,0.66,4462581942.72,4352535745.14,0.82,13.95
108,SHSE.600135,乐凯胶片,5.98,6.00,6.04,5.84,6.00,0.33,3.34,3275424,19429388.16,2021-04-27,0.77,3319842594.00,2566588902.00,1.29,89.11
109,SHSE.600136,*ST明诚,7.02,7.03,7.10,6.85,6.88,-1.99,3.56,4283174,29769744.57,2021-04-27,0.88,4022176126.24,3349749439.68,2.12,-2.18
110,SHSE.600137,浪莎股份,13.27,13.34,14.06,13.29,13.90,4.75,5.80,2071166,28416879.08,2021-04-27,2.13,1351324473.20,1351324473.20,2.61,76.10
111,SHSE.600138,中青旅,12.13,12.09,12.19,11.86,12.06,-0.58,2.72,18371656,220951936.81,2021-04-27,2.54,8729510400.00,8729510400.00,1.39,-37.61
112,SHSE.600139,*ST西源,2.74,2.74,2.77,2.71,2.73,-0.36,2.19,8025480,21938381.60,2021-04-27,1.21,1806961086.84,1806961086.84,15.21,-32.36
113,SHSE.600141,兴发集团,13.70,13.50,13.53,13.11,13.19,-3.72,3.07,24574009,326193348.00,2021-04-27,2.87,14758194224.97,11278584722.51,1.50,23.87
114,SHSE.600143,金发科技,22.21,22.26,22.98,21.70,22.93,3.24,5.76,100906572,2269095012.20,2021-04-27,3.92,59013160324.99,59013160324.99,3.78,12.86
115,SHSE.600145,退市新亿,1.43,1.43,1.46,1.39,1.41,-1.40,4.90,3427491,4870953.90,2021-04-27,0.23,2102451535.80,2102451535.80,4.20,-17.76
116,SHSE.600146,退市环球,1.37,1.36,1.37,1.31,1.33,-2.92,4.38,12196245,16338948.40,2021-04-27,2.60,625060100.00,625060100.00,1.46,-6.56
117,SHSE.600148,长春一东,13.55,13.57,13.76,13.33,13.75,1.48,3.17,1210091,16412028.49,2021-04-27,0.86,1945851187.50,1945851187.50,3.92,39.39
118,SHSE.600149,廊坊发展,6.31,6.03,6.03,5.68,5.70,-9.67,5.55,27167464,157379825.28,2021-04-27,7.15,2166912000.00,2166912000.00,12.91,200.46
119,SHSE.600150,中国船舶,15.78,15.79,16.14,15.35,16.11,2.09,5.01,26998909,423607277.63,2021-04-27,1.10,72050827291.38,39361688078.04,1.57,-110.61
120,SHSE.600151,航天机电,8.00,7.99,8.06,7.80,7.98,-0.25,3.25,21170618,168213605.38,2021-04-27,1.48,11445333250.26,11445333250.26,2.12,-15.78
121,SHSE.600152,维科技术,8.03,7.76,7.76,7.23,7.23,-9.96,6.60,32248300,239528207.53,2021-04-27,10.63,2975889921.36,2193041123.70,2.09,60.56
122,SHSE.600153,建发股份,8.40,8.40,8.44,8.34,8.35,-0.60,1.19,10270570,86036390.91,2021-04-27,0.36,23910663625.50,23673924425.50,0.64,5.31
123,SHSE.600155,华创云信,9.46,9.46,9.48,9.20,9.31,-1.59,2.96,14852561,138452000.87,2021-04-27,0.85,16195272392.88,16195272392.88,1.09,24.37
124,SHSE.600156,华升股份,3.84,3.84,3.85,3.69,3.78,-1.56,4.17,3228620,12122819.20,2021-04-27,0.80,1519978453.56,1519978453.56,2.30,45.74
125,SHSE.600157,永泰能源,1.92,1.88,1.91,1.82,1.82,-5.21,4.69,289610416,534425286.20,2021-04-27,1.30,40436330743.90,40436330743.90,0.96,8.67
126,SHSE.600158,中体产业,11.74,11.70,12.81,11.64,12.18,3.75,9.97,34170038,421745392.32,2021-04-27,5.44,11686869156.06,7646724362.76,4.79,211.97
127,SHSE.600159,大龙地产,2.38,2.37,2.38,2.35,2.37,-0.42,1.26,2693062,6354798.32,2021-04-27,0.32,1967107659.84,1967107659.84,0.80,18.73
128,SHSE.600160,巨化股份,8.77,8.73,8.83,8.61,8.71,-0.68,2.51,9662077,84341418.26,2021-04-27,0.36,23514788365.51,23514788365.51,1.88,246.55
129,SHSE.600161,天坛生物,36.12,35.90,37.02,35.49,36.72,1.66,4.24,11632129,425108323.97,2021-04-27,0.93,50422971862.80,46063042968.96,10.80,76.53
130,SHSE.600162,香江控股,1.87,1.87,1.88,1.83,1.86,-0.53,2.67,5428785,10055253.40,2021-04-27,0.16,6316153448.64,6316153448.64,1.19,22.43
131,SHSE.600163,中闽能源,4.47,4.47,4.49,4.32,4.49,0.45,3.80,10756731,47262954.29,2021-04-27,1.08,7584970416.12,4487598882.70,2.04,15.61
132,SHSE.600165,宁科生物,5.58,5.71,5.87,5.56,5.74,2.87,5.56,7088362,40478239.58,2021-04-27,1.03,3931232868.50,3931232868.50,4.10,-177.66
133,SHSE.600166,福田汽车,4.05,3.99,4.05,3.90,3.92,-3.21,3.70,114894941,454466097.66,2021-04-27,1.75,25774752824.24,25774752824.24,1.63,119.46
134,SHSE.600167,联美控股,9.59,9.55,9.61,9.36,9.43,-1.67,2.61,4785385,45323401.55,2021-04-27,0.21,21576966649.25,21576966649.25,2.32,11.77
135,SHSE.600168,武汉控股,6.67,6.68,6.68,6.49,6.56,-1.65,2.85,3508021,23020298.71,2021-04-27,0.49,4654777179.52,4654777179.52,0.85,16.07
136,SHSE.600169,太原重工,2.30,2.29,2.30,2.22,2.25,-2.17,3.48,31965293,71849498.35,2021-04-27,1.25,7499568375.00,5768898750.00,1.64,42.03
137,SHSE.600170,上海建工,2.91,2.91,2.92,2.90,2.91,0.00,0.69,14646303,42618703.27,2021-04-27,0.16,25911797388.48,25911797388.48,0.92,7.73
138,SHSE.600171,上海贝岭,17.50,17.37,17.65,17.02,17.15,-2.00,3.60,19616865,338777249.28,2021-04-27,2.80,12075685680.10,11998303165.10,3.52,19.34
139,SHSE.600172,黄河旋风,4.20,4.21,4.39,3.84,4.08,-2.86,13.10,138472820,569873634.48,2021-04-27,11.31,5884112662.08,4994826926.88,1.82,-6.00
140,SHSE.600173,卧龙地产,4.82,4.82,4.83,4.68,4.79,-0.62,3.11,3496600,16608067.00,2021-04-27,0.50,3357738478.76,3354993808.76,1.02,6.93
141,SHSE.600176,中国巨石,18.71,19.10,19.68,17.81,17.93,-4.17,9.99,77423740,1422080683.15,2021-04-27,2.21,62796361802.57,62796361802.57,3.39,19.81
142,SHSE.600177,雅戈尔,7.81,7.89,7.90,7.72,7.74,-0.90,2.30,12203128,94734815.07,2021-04-27,0.26,35828483011.02,35828483011.02,1.19,4.95
143,SHSE.600178,东安动力,7.39,7.34,7.37,7.11,7.16,-3.11,3.52,9513851,68339790.06,2021-04-27,2.06,3308492800.00,3308492800.00,1.36,27.64
144,SHSE.600179,安通控股,4.61,4.62,4.62,4.50,4.55,-1.30,2.60,9558965,43478024.82,2021-04-27,0.27,19857501532.05,16220502329.85,3.27,13.62
145,SHSE.600180,瑞茂通,5.52,5.53,6.00,5.13,5.17,-6.34,15.76,10695132,58577896.86,2021-04-27,1.05,5255188488.88,5255188488.88,0.84,25.96
146,SHSE.600182,S佳通,14.19,13.48,13.48,13.48,13.48,-5.00,0.00,161600,2178368.00,2021-04-27,0.10,4583200000.00,2291600000.00,4.49,76.85
147,SHSE.600183,生益科技,23.45,23.46,23.63,22.90,23.09,-1.54,3.11,13483471,311701834.07,2021-04-27,0.59,52907396809.43,52907396809.43,4.64,31.48
148,SHSE.600184,光电股份,10.32,10.27,10.38,10.08,10.16,-1.55,2.91,4162190,42467881.01,2021-04-27,0.82,5169009992.16,5169009992.16,2.14,59.97
149,SHSE.600185,格力地产,7.02,7.00,7.14,6.70,6.79,-3.28,6.27,57194453,393612900.95,2021-04-27,2.77,13994810809.70,13994810809.70,1.62,22.62
150,SHSE.600186,莲花健康,2.77,2.79,2.79,2.72,2.75,-0.72,2.53,6919100,18986121.00,2021-04-27,0.50,3794790876.25,3794790876.25,9.57,51.08
151,SHSE.600187,国中水务,2.36,2.35,2.36,2.30,2.32,-1.69,2.54,9310300,21634037.00,2021-04-27,0.56,3837129496.96,3837129496.96,1.12,129.70
152,SHSE.600188,兖矿能源,14.00,13.94,14.04,13.25,13.65,-2.50,5.64,20062468,272798440.11,2021-04-27,0.68,66517017730.80,40570082170.80,1.29,9.34
153,SHSE.600189,泉阳泉,12.25,11.90,11.92,11.26,11.40,-6.94,5.39,26526305,307272024.99,2021-04-27,4.30,8153255056.80,7039988170.80,5.54,65.83
154,SHSE.600190,锦州港,2.86,2.85,2.91,2.85,2.86,0.00,2.10,2559982,7347208.70,2021-04-27,0.14,5726553690.00,5089325755.80,0.88,33.01
155,SHSE.600191,华资实业,3.10,3.02,3.12,2.90,3.03,-2.26,7.10,12259064,36929644.74,2021-04-27,2.53,1469343960.00,1469343960.00,0.87,61.57
156,SHSE.600192,长城电工,4.02,4.00,4.01,3.89,3.96,-1.49,2.99,2552120,10045888.40,2021-04-27,0.58,1749322080.00,1749322080.00,0.97,-8.62
157,SHSE.600193,创兴资源,7.42,7.41,7.50,7.05,7.10,-4.31,6.06,2806807,19987981.10,2021-04-27,0.66,3020148300.00,3020148300.00,10.10,143.59
158,SHSE.600195,中牧股份,11.90,11.90,12.06,11.73,11.85,-0.42,2.77,6229466,73867313.02,2021-04-27,0.61,12034985621.85,12034985621.85,2.59,28.63
159,SHSE.600196,复星医药,49.48,49.36,50.17,47.51,48.68,-1.62,5.38,40364264,1966979712.93,2021-04-27,2.01,124761901170.60,97893437630.60,3.31,31.72
160,SHSE.600197,伊力特,24.45,24.58,25.05,23.86,24.74,1.19,4.87,27980277,685224622.49,2021-04-27,5.96,11615512359.46,11615512359.46,3.25,33.48
161,SHSE.600199,金种子酒,13.98,13.95,14.10,13.45,13.72,-1.86,4.65,28476706,389410333.17,2021-04-27,4.70,9024972425.28,8320760044.52,3.17,-37.94
162,SHSE.600200,江苏吴中,6.01,5.98,6.61,5.87,6.61,9.98,12.31,61006314,384496687.78,2021-04-27,8.56,4708890179.52,4708890179.52,2.42,-128.17
163,SHSE.600201,生物股份,21.34,21.21,21.64,21.13,21.48,0.66,2.39,11566103,248367083.98,2021-04-27,1.03,24191640376.68,24056767456.68,4.65,51.80
164,SHSE.600202,哈空调,4.05,4.05,4.11,3.92,4.08,0.74,4.69,18400034,73991105.96,2021-04-27,4.80,1564029941.76,1564029941.76,2.20,30.77
165,SHSE.600203,福日电子,8.40,8.39,8.64,8.25,8.51,1.31,4.64,3899380,33160817.28,2021-04-27,0.85,3884364991.20,3884364991.20,1.87,-79.54
166,SHSE.600206,有研新材,11.48,11.47,11.53,11.28,11.37,-0.96,2.18,6013426,68389774.29,2021-04-27,0.71,9625775280.84,9597168360.84,2.89,56.53
167,SHSE.600207,安彩高科,5.51,5.55,5.55,5.42,5.46,-0.91,2.36,3734000,20357820.00,2021-04-27,0.43,4711739618.04,4711739618.04,2.54,42.41
168,SHSE.600208,新湖中宝,3.07,3.06,3.08,3.05,3.06,-0.33,0.98,17042906,52204393.82,2021-04-27,0.20,26313991220.16,26310406078.26,0.69,10.83
169,SHSE.600209,退市罗顿,4.16,4.15,4.16,3.96,4.10,-1.44,4.81,1683213,6847491.65,2021-04-27,0.38,1799945792.90,1799945792.90,4.60,-22.41
170,SHSE.600210,紫江企业,4.66,4.65,4.66,4.61,4.66,0.00,1.07,5484600,25416974.00,2021-04-27,0.36,7067990496.28,7067990496.28,1.30,12.51
171,SHSE.600211,西藏药业,55.79,54.56,58.50,53.45,57.96,3.89,9.05,10856236,617123199.32,2021-04-27,4.38,14370477380.28,14370477380.28,5.24,32.17
172,SHSE.600212,绿能慧充,4.04,4.01,4.10,3.93,4.05,0.25,4.21,8170222,32645694.12,2021-04-27,1.60,2072373712.65,2072373712.65,8.14,106.05
173,SHSE.600213,亚星客车,6.70,6.63,6.66,6.26,6.28,-6.27,5.97,9684441,61963128.04,2021-04-27,4.40,1381600000.00,1381600000.00,73.75,-8.73
174,SHSE.600215,派斯林,7.07,7.10,7.13,6.89,7.06,-0.14,3.39,2007413,14069435.46,2021-04-27,0.43,3283132132.80,3283132132.80,1.30,39.42
175,SHSE.600216,浙江医药,14.50,14.40,14.65,14.23,14.56,0.41,2.90,19662559,284907936.80,2021-04-27,2.04,14052263680.00,14052201436.00,1.77,16.81
176,SHSE.600217,中再资环,5.10,5.11,5.18,5.09,5.11,0.20,1.76,6612202,33874186.89,2021-04-27,0.48,7096051486.02,7096051486.02,3.08,17.47
177,SHSE.600218,全柴动力,8.96,8.93,8.95,8.62,8.73,-2.57,3.68,10239053,89461102.61,2021-04-27,2.78,3219231150.00,3219231150.00,1.44,18.67
178,SHSE.600219,南山铝业,3.93,3.92,3.96,3.74,3.82,-2.80,5.60,197317931,757004365.88,2021-04-27,1.65,45650839406.40,45650839406.40,1.11,19.91
179,SHSE.600220,江苏阳光,2.31,2.31,2.39,2.29,2.35,1.73,4.33,13189801,30915962.35,2021-04-27,0.74,4190849766.10,4190849766.10,2.11,-170.87
180,SHSE.600221,海航控股,1.61,1.60,1.61,1.55,1.57,-2.48,3.73,101120230,158401929.18,2021-04-27,0.62,26385608918.10,25804524282.96,-0.75,-1.68
181,SHSE.600222,太龙药业,6.18,6.17,6.20,6.02,6.16,-0.32,2.91,6512055,40093520.00,2021-04-27,1.13,3535139503.28,3535139503.28,2.09,83.58
182,SHSE.600223,福瑞达,15.52,15.61,16.22,15.16,15.60,0.52,6.83,92793896,1457145763.88,2021-04-27,9.20,15742774304.40,15742774304.40,4.85,24.65
183,SHSE.600225,卓朗科技,1.81,1.79,1.81,1.72,1.72,-4.97,4.97,5604700,9751250.00,2021-04-27,0.60,1609047297.80,1604628707.24,-0.42,-1.46
184,SHSE.600226,瀚叶股份,2.35,2.35,2.46,2.35,2.44,3.83,4.68,30524279,73740298.69,2021-04-27,1.25,7634790702.52,5977775778.64,2.95,-10.94
185,SHSE.600227,赤天化,2.86,2.80,3.02,2.78,2.93,2.45,8.39,17513234,50711070.26,2021-04-27,1.37,4960883208.93,3745066072.71,1.53,43.77
186,SHSE.600228,返利科技,12.45,12.27,12.60,12.11,12.34,-0.88,3.94,4571084,56529709.98,2021-04-27,1.89,10159114841.70,2977888800.00,32.16,-365.48
187,SHSE.600229,城市传媒,6.21,6.21,6.27,6.14,6.16,-0.81,2.09,1488100,9201134.00,2021-04-27,0.21,4324911421.60,4324911421.60,1.45,17.69
188,SHSE.600230,沧州大化,10.64,10.64,10.81,10.50,10.81,1.60,2.91,7481767,79637519.83,2021-04-27,1.82,4452244456.62,4452244456.62,1.22,27.08
189,SHSE.600231,凌钢股份,3.08,3.07,3.12,2.98,3.12,1.30,4.55,43618473,133153804.51,2021-04-27,1.54,8817615190.80,8817615190.80,1.03,20.67
190,SHSE.600232,金鹰股份,5.07,5.08,5.08,4.98,5.06,-0.20,1.97,1303051,6567982.55,2021-04-27,0.36,1845475832.64,1845475832.64,1.73,58.01
191,SHSE.600233,圆通速递,11.04,11.05,11.20,10.72,11.14,0.91,4.35,15964288,175403546.01,2021-04-27,0.51,35200513719.50,35176158571.44,2.01,20.99
192,SHSE.600234,科新发展,9.88,10.06,10.37,9.98,10.04,1.62,3.95,409902,4177433.06,2021-04-27,0.20,2032556635.20,2032556635.20,15.11,36.10
193,SHSE.600235,民丰特纸,5.34,5.34,5.42,5.21,5.40,1.12,3.93,8725510,46290824.20,2021-04-27,2.48,1897020000.00,1897020000.00,1.40,39.07
194,SHSE.600236,桂冠电力,5.07,5.06,5.15,5.04,5.14,1.38,2.17,4967247,25345400.30,2021-04-27,0.06,40515421902.28,40515421902.28,2.58,22.32
195,SHSE.600237,铜峰电子,6.25,6.27,6.37,5.65,5.71,-8.64,11.52,54084138,320120880.52,2021-04-27,9.58,3222550216.15,3222550216.15,2.87,106.76
196,SHSE.600238,海南椰岛,11.94,11.80,11.99,11.51,11.70,-2.01,4.02,10367490,121140459.56,2021-04-27,2.33,5243940000.00,5206518486.00,9.39,97.91
197,SHSE.600241,时代万恒,3.58,3.59,3.61,3.52,3.57,-0.28,2.51,1828201,6522098.87,2021-04-27,0.62,1050658550.55,1050658550.55,1.04,-3.77
198,SHSE.600242,退市中昌,2.96,2.94,2.95,2.81,2.81,-5.07,4.73,8464961,24127181.51,2021-04-27,1.88,1283228992.82,1268137671.45,2.49,-0.80
199,SHSE.600243,青海华鼎,3.47,3.43,3.46,3.30,3.36,-3.17,4.61,3474800,11734565.00,2021-04-27,0.79,1474536000.00,1474536000.00,1.30,50.92
200,SHSE.600246,万通发展,7.43,7.43,7.58,7.38,7.42,-0.13,2.69,7532042,56206411.36,2021-04-27,0.37,15240749020.84,15240749020.84,2.22,299.62
201,SHSE.600248,陕建股份,4.19,4.19,4.22,4.08,4.22,0.72,3.34,5399261,22254366.50,2021-04-27,0.82,15830444213.56,2771206750.08,1.23,143.40
202,SHSE.600249,两面针,5.68,5.72,5.82,5.51,5.61,-1.23,5.46,22709301,128136723.09,2021-04-27,4.13,3085500000.00,3085500000.00,1.46,53.19
203,SHSE.600250,南京商旅,4.73,4.73,4.73,4.67,4.72,-0.21,1.27,1818470,8538568.70,2021-04-27,0.67,1466003108.88,1274577155.76,1.69,11.11
204,SHSE.600251,冠农股份,6.59,6.69,6.93,6.59,6.88,4.40,5.16,27039376,184827929.03,2021-04-27,3.48,5396008651.04,5345715851.04,2.14,18.44
205,SHSE.600252,中恒集团,2.87,2.86,2.92,2.83,2.92,1.74,3.14,26755671,77267330.71,2021-04-27,0.77,10147312869.24,10147312869.24,1.49,18.03
206,SHSE.600255,鑫科材料,2.46,2.44,2.46,2.34,2.35,-4.47,4.88,39376753,93711608.61,2021-04-27,2.23,4228927354.25,4158544854.25,3.42,33.65
207,SHSE.600256,广汇能源,2.93,2.94,2.95,2.87,2.92,-0.34,2.73,44773185,130042427.49,2021-04-27,0.66,19721775717.60,19721775717.60,1.12,10.49
208,SHSE.600257,大湖股份,6.08,5.92,5.95,5.67,5.76,-5.26,4.61,61887135,358286316.23,2021-04-27,12.86,2771926202.88,2771926202.88,2.40,-21.20
209,SHSE.600258,首旅酒店,26.00,26.02,26.77,25.62,26.36,1.38,4.42,17774803,466512879.84,2021-04-27,1.82,26036179578.32,25803574720.72,3.32,-52.49
210,SHSE.600259,广晟有色,35.14,35.20,35.68,33.50,34.32,-2.33,6.20,9556833,330581894.51,2021-04-27,3.17,10357854627.12,10357854627.12,5.89,203.93
211,SHSE.600260,*ST凯乐,8.56,8.39,8.39,8.05,8.11,-5.26,3.97,25452995,207296874.87,2021-04-27,2.62,8087139694.20,7887570874.14,1.18,17.82
212,SHSE.600261,阳光照明,4.05,4.04,4.05,3.96,3.98,-1.73,2.22,10593924,42261205.28,2021-04-27,0.73,5779369661.40,5779369661.40,1.41,11.93
213,SHSE.600262,北方股份,15.39,15.40,15.45,15.22,15.35,-0.26,1.49,211900,3248158.00,2021-04-27,0.12,2609500000.00,2609500000.00,2.09,39.37
214,SHSE.600265,ST景谷,15.46,15.60,15.60,15.37,15.43,-0.19,1.49,83070,1280299.00,2021-04-27,0.06,2002814000.00,2002814000.00,104.30,-416.68
215,SHSE.600266,城建发展,4.85,4.85,4.92,4.84,4.87,0.41,1.65,6333692,30847761.22,2021-04-27,0.28,10989338112.00,10989338112.00,0.51,8.90
216,SHSE.600267,海正药业,14.87,14.83,15.08,14.40,14.95,0.54,4.57,9967555,147113070.43,2021-04-27,1.03,17474209756.90,14434701037.90,2.66,28.44
217,SHSE.600268,国电南自,6.75,6.69,6.74,6.47,6.50,-3.70,4.00,9940980,65164831.20,2021-04-27,1.43,4519223696.00,4519223696.00,1.90,66.97
218,SHSE.600269,赣粤高速,3.62,3.62,3.64,3.59,3.64,0.55,1.38,6261178,22624521.31,2021-04-27,0.27,8500881530.96,8500881530.96,0.53,16.14
219,SHSE.600271,航天信息,12.08,12.09,12.14,11.86,11.99,-0.75,2.32,7186856,85959183.20,2021-04-27,0.39,22215673933.97,22215673933.97,1.78,21.49
220,SHSE.600272,开开实业,6.92,6.92,7.00,6.75,6.81,-1.59,3.61,2086523,14348386.34,2021-04-27,1.30,1654830000.00,1089600000.00,3.20,121.01
221,SHSE.600273,嘉化能源,9.15,9.15,9.21,8.99,9.04,-1.20,2.40,12417508,112709810.53,2021-04-27,0.87,12951884108.72,12951884108.72,1.60,9.25
222,SHSE.600275,退市昌鱼,2.78,2.79,2.80,2.64,2.64,-5.04,5.76,3525016,9492501.52,2021-04-27,0.69,1343330308.32,1343330308.32,34.13,-56.73
223,SHSE.600276,恒瑞医药,81.52,81.54,83.18,80.85,83.05,1.88,2.86,33601174,2772491253.98,2021-04-27,0.63,442799100255.05,440685277355.40,13.76,69.97
224,SHSE.600277,亿利洁能,3.31,3.29,3.39,3.29,3.33,0.60,3.02,22669992,75640754.87,2021-04-27,0.83,9120670696.17,9120670696.17,0.58,25.10
225,SHSE.600278,东方创业,8.66,8.64,8.67,8.53,8.59,-0.81,1.62,1699959,14591810.84,2021-04-27,0.33,7460066486.52,4486056538.01,1.11,27.84
226,SHSE.600279,重庆港,3.61,3.61,3.61,3.56,3.61,0.00,1.39,2019834,7242769.38,2021-04-27,0.23,4284587281.63,3140426325.90,0.78,48.38
227,SHSE.600280,中央商场,3.75,3.72,3.94,3.56,3.93,4.80,10.13,16743225,61612761.50,2021-04-27,1.47,4473655842.60,4473655842.60,4.65,-8.18
228,SHSE.600281,华阳新材,3.80,3.78,3.80,3.72,3.75,-1.32,2.11,2357305,8833066.65,2021-04-27,0.46,1929007593.75,1929007593.75,3.64,22.97
229,SHSE.600282,南钢股份,4.29,4.28,4.42,4.25,4.30,0.23,3.96,61127778,263591665.45,2021-04-27,1.37,26465114157.30,19163009933.40,1.08,9.30
230,SHSE.600283,钱江水利,10.50,10.48,10.48,10.22,10.36,-1.33,2.48,1611200,16631263.00,2021-04-27,0.46,3657036052.88,3657036052.88,1.81,26.38
231,SHSE.600284,浦东建设,6.23,6.20,6.25,6.15,6.20,-0.48,1.61,3596194,22247683.84,2021-04-27,0.37,6015587200.00,6015587200.00,0.92,13.53
232,SHSE.600285,羚锐制药,9.16,9.12,9.23,8.24,9.13,-0.33,10.81,11318639,101439142.08,2021-04-27,1.99,5184096096.96,5184096096.96,2.14,17.16
233,SHSE.600287,江苏舜天,5.31,5.29,5.31,5.21,5.26,-0.94,1.88,1796167,9420717.40,2021-04-27,0.41,2331667391.24,2297547349.24,0.96,9.20
234,SHSE.600288,大恒科技,12.26,12.21,12.32,12.13,12.24,-0.16,1.55,1793001,21889384.24,2021-04-27,0.41,5346432000.00,5346432000.00,3.20,93.42
235,SHSE.600289,ST信通,3.65,3.69,3.69,3.59,3.62,-0.82,2.74,1304550,4724753.92,2021-04-27,0.23,2284408489.78,2048640116.08,1.53,1.49
236,SHSE.600290,*ST华仪,3.40,3.27,3.33,3.23,3.23,-5.00,2.94,16500100,53522454.55,2021-04-27,2.17,2454488340.53,2454488340.53,2.19,72.04
237,SHSE.600291,退市西水,2.83,2.82,2.82,2.59,2.67,-5.65,8.13,33567901,89684378.71,2021-04-27,3.07,2918481889.26,2918481889.26,1.34,-0.32
238,SHSE.600292,远达环保,8.39,8.47,8.49,7.70,7.97,-5.01,9.42,57889071,461382202.46,2021-04-27,7.41,6223110613.30,6223110613.30,1.22,148.17
239,SHSE.600293,三峡新材,2.29,2.29,2.32,2.26,2.28,-0.44,2.62,6754988,15373989.60,2021-04-27,0.58,2645130704.88,2645130704.88,1.38,-4.13
240,SHSE.600295,鄂尔多斯,19.40,19.24,19.32,17.80,18.42,-5.05,7.84,31321955,583932517.40,2021-04-27,4.80,26302785010.98,12019796746.80,1.83,17.21
241,SHSE.600297,广汇汽车,2.96,2.95,2.96,2.86,2.92,-1.35,3.38,72590635,210096636.75,2021-04-27,0.90,23682331721.92,23682331721.92,0.59,15.62
242,SHSE.600298,安琪酵母,59.10,58.80,60.08,58.38,59.40,0.51,2.88,7088790,421405867.17,2021-04-27,0.86,48950408014.20,48950408014.20,7.73,32.41
243,SHSE.600299,安迪苏,12.06,12.09,12.15,11.77,11.80,-2.16,3.15,5626068,67004446.20,2021-04-27,0.21,31646435021.40,31646435021.40,2.27,23.41
244,SHSE.600300,维维股份,3.96,3.76,3.76,3.76,3.76,-5.05,0.00,631500,2374440.00,2021-04-27,0.04,6286720000.00,6286720000.00,2.07,15.42
245,SHSE.600302,标准股份,4.72,4.65,4.72,4.54,4.60,-2.54,3.81,3687632,16940359.41,2021-04-27,1.07,1591645098.40,1591645098.40,1.33,-10.22
246,SHSE.600303,ST曙光,3.80,3.78,3.81,3.68,3.70,-2.63,3.42,9817900,36567975.00,2021-04-27,1.45,2499735580.70,2499735580.70,0.86,23.70
247,SHSE.600305,恒顺醋业,18.78,18.80,18.90,18.43,18.69,-0.48,2.50,6788072,126188416.52,2021-04-27,0.68,18745248238.08,18745248238.08,7.58,59.55
248,SHSE.600306,*ST商城,7.49,7.62,7.62,7.13,7.55,0.80,6.54,482600,3558754.00,2021-04-27,0.27,1344948830.90,1339917722.30,-5.36,-10.55
249,SHSE.600307,酒钢宏兴,1.94,1.93,1.96,1.86,1.91,-1.55,5.15,81116502,155030335.90,2021-04-27,1.30,11963012679.84,11963012679.84,0.93,34.91
250,SHSE.600308,华泰股份,5.43,5.41,5.46,5.28,5.37,-1.10,3.31,19170692,102318648.98,2021-04-27,1.64,6269804820.03,6269804820.03,0.69,9.00
251,SHSE.600309,万华化学,108.75,108.90,109.22,106.04,107.41,-1.23,2.92,14173351,1522102489.78,2021-04-27,1.00,337240185098.66,152925677072.20,6.14,22.06
252,SHSE.600310,广西能源,4.27,4.28,4.30,4.07,4.15,-2.81,5.39,13384192,55390215.97,2021-04-27,1.62,4301166248.30,3435266250.00,2.13,48.00
253,SHSE.600311,*ST荣华,1.56,1.55,1.56,1.51,1.52,-2.56,3.21,8910952,13625744.52,2021-04-27,1.34,1011712000.00,1011712000.00,4.76,-22.21
254,SHSE.600312,平高电气,6.06,6.08,6.10,5.97,6.00,-0.99,2.15,6761018,40684754.90,2021-04-27,0.50,8141527854.00,8141527854.00,0.90,123.85
255,SHSE.600313,农发种业,4.66,4.67,4.69,4.58,4.58,-1.72,2.36,14013870,64746935.10,2021-04-27,1.37,4956469876.54,4668838750.06,3.38,182.93
256,SHSE.600315,上海家化,58.70,58.00,58.65,56.55,58.05,-1.11,3.58,15340962,887476204.26,2021-04-27,2.29,39356127211.05,38965973161.05,5.86,81.96
257,SHSE.600316,洪都航空,33.14,32.84,32.84,31.67,31.95,-3.59,3.53,14943702,479278914.38,2021-04-27,2.08,22911808658.40,22911808658.40,4.45,172.77
258,SHSE.600318,新力金融,6.69,6.67,6.77,6.55,6.77,1.20,3.29,6055341,40226614.34,2021-04-27,1.20,3475477184.33,3413498159.29,2.46,-434.43
259,SHSE.600319,亚星化学,4.59,4.59,4.71,4.58,4.61,0.44,2.83,930090,4292908.70,2021-04-27,0.29,1454888340.00,1454888340.00,45.72,-141.22
260,SHSE.600320,振华重工,3.23,3.22,3.23,3.16,3.19,-1.24,2.17,10222755,32573212.36,2021-04-27,0.31,16806047668.19,10597172538.59,1.19,39.80
261,SHSE.600321,正源股份,1.94,1.93,2.01,1.90,1.99,2.58,5.67,14348400,28021730.00,2021-04-27,0.95,3005994500.00,3005994500.00,1.57,-21.72
262,SHSE.600322,津投城开,1.99,2.00,2.00,1.96,1.99,0.00,2.01,5079913,10053131.74,2021-04-27,0.46,2200343000.00,2200343000.00,1.05,-47.21
263,SHSE.600323,瀚蓝环境,25.62,25.50,25.72,24.71,24.85,-3.01,3.94,9720843,242661823.79,2021-04-27,1.19,20261376578.10,20261376578.10,2.54,17.41
264,SHSE.600325,华发股份,6.47,6.47,6.51,6.36,6.40,-1.08,2.32,19288804,123548621.41,2021-04-27,0.91,13550003942.40,13509194342.40,0.89,4.67
265,SHSE.600326,西藏天路,7.16,7.17,7.19,7.01,7.10,-0.84,2.51,11958505,84659961.82,2021-04-27,1.30,6521592933.60,6521592933.60,1.54,14.93
266,SHSE.600327,大东方,4.39,4.40,4.40,4.29,4.39,0.00,2.51,5165119,22421094.48,2021-04-27,0.58,3884182084.02,3884182084.02,1.10,12.33
267,SHSE.600328,中盐化工,8.66,8.64,8.84,8.53,8.60,-0.69,3.58,16282858,141239412.01,2021-04-27,2.91,8235915491.20,4812659932.00,1.22,11.01
268,SHSE.600329,达仁堂,21.31,21.15,23.00,21.14,22.80,6.99,8.73,12146037,269360224.34,2021-04-27,2.15,17639062132.80,12901792132.80,2.93,26.66
269,SHSE.600330,天通股份,8.37,8.36,8.39,8.16,8.27,-1.19,2.75,9765460,80430817.51,2021-04-27,0.98,8241598587.10,8241598587.10,1.78,21.30
270,SHSE.600331,宏达股份,1.88,1.93,1.93,1.87,1.90,1.06,3.19,17514492,33247577.01,2021-04-27,0.86,3860800000.00,3860800000.00,45.03,-13.27
271,SHSE.600332,白云山,27.78,27.64,28.09,27.34,27.99,0.76,2.70,3705649,102430031.18,2021-04-27,0.26,45505888662.51,39350887662.51,1.64,15.61
272,SHSE.600333,长春燃气,4.68,4.69,4.74,4.52,4.74,1.28,4.70,14721297,68024722.78,2021-04-27,2.42,2886805442.16,2886805442.16,1.37,692.18
273,SHSE.600335,国机汽车,5.29,5.32,5.33,5.20,5.23,-1.13,2.46,7825119,40989020.59,2021-04-27,0.76,7619458085.73,5385523657.51,0.73,17.38
274,SHSE.600336,澳柯玛,6.73,6.68,6.70,6.52,6.57,-2.38,2.67,12086374,79569614.78,2021-04-27,1.54,5244589677.33,5149904808.33,2.27,16.91
275,SHSE.600337,美克家居,5.39,5.41,5.48,5.38,5.44,0.93,1.86,15705137,85180524.04,2021-04-27,0.96,8858100076.80,8858100076.80,2.08,13.67
276,SHSE.600338,西藏珠峰,11.40,11.42,11.85,11.25,11.63,2.02,5.26,43913564,508335985.17,2021-04-27,4.80,10632264253.84,10632264253.84,4.62,71.84
277,SHSE.600339,中油工程,2.86,2.85,2.86,2.81,2.84,-0.70,1.75,21174938,60007978.92,2021-04-27,0.38,15856138817.64,15856138817.64,0.64,15.56
278,SHSE.600340,华夏幸福,6.34,6.33,6.34,6.10,6.14,-3.15,3.79,53729557,331694528.17,2021-04-27,1.38,24030242899.88,23905200080.68,0.58,1.98
279,SHSE.600343,航天动力,9.62,9.61,9.61,9.29,9.37,-2.60,3.33,6322704,59306196.41,2021-04-27,0.99,5979993480.76,5979993480.76,2.79,-58.22
280,SHSE.600345,长江通信,14.70,14.67,14.81,14.40,14.46,-1.63,2.79,771103,11165392.35,2021-04-27,0.39,2863080000.00,2863080000.00,1.43,38.26
281,SHSE.600346,恒力石化,31.39,31.29,31.37,30.54,31.01,-1.21,2.64,21828482,675253802.54,2021-04-27,0.31,218282484363.86,218282484363.86,4.27,14.15
282,SHSE.600348,华阳股份,5.79,5.78,5.84,5.65,5.79,0.00,3.28,38577158,221670792.34,2021-04-27,1.60,13924950000.00,13924950000.00,0.80,9.25
283,SHSE.600350,山东高速,6.67,6.67,6.93,6.67,6.81,2.10,3.90,7922495,54047677.35,2021-04-27,0.16,32764039486.17,32764039486.17,1.14,16.07
284,SHSE.600351,亚宝药业,5.17,5.27,5.69,5.12,5.57,7.74,11.03,49538944,272431616.26,2021-04-27,6.43,4288900128.11,4288900128.11,1.51,32.46
285,SHSE.600352,浙江龙盛,14.18,14.16,14.26,14.03,14.20,0.14,1.62,25236281,356690572.72,2021-04-27,0.78,46197312412.00,46197312412.00,1.61,11.06
286,SHSE.600353,旭光电子,4.65,4.66,5.02,4.62,4.89,5.16,8.60,7807295,37686431.56,2021-04-27,1.44,2658790800.00,2658790800.00,2.31,43.40
287,SHSE.600354,敦煌种业,4.38,4.39,4.44,4.17,4.22,-3.65,6.16,11537702,49206847.38,2021-04-27,2.19,2227324777.60,2227324777.60,3.55,-13.11
288,SHSE.600355,精伦电子,2.22,2.21,2.22,2.17,2.21,-0.45,2.25,5620900,12319202.00,2021-04-27,1.14,1087517132.00,1087517132.00,4.20,-30.65
289,SHSE.600356,恒丰纸业,7.71,7.75,7.75,7.58,7.65,-0.78,2.20,1896571,14488691.85,2021-04-27,0.63,2285295041.70,2285295041.70,1.00,14.86
290,SHSE.600358,国旅联合,3.91,3.86,3.99,3.86,3.93,0.51,3.32,3949725,15530110.75,2021-04-27,0.78,1984401073.80,1984401073.80,12.75,-12.42
291,SHSE.600359,新农开发,7.67,7.70,7.73,7.42,7.45,-2.87,4.04,8769545,65854182.67,2021-04-27,2.30,2842270509.00,2842270509.00,5.50,72.34
292,SHSE.600360,华微电子,6.96,6.95,6.98,6.50,6.60,-5.17,6.90,31399123,209949451.51,2021-04-27,3.27,6337949006.40,6337949006.40,2.02,221.30
293,SHSE.600361,创新新材,3.78,3.77,3.80,3.66,3.69,-2.38,3.70,3341300,12364357.09,2021-04-27,0.50,2456831217.42,2456831217.42,1.05,17.69
294,SHSE.600362,江西铜业,26.78,27.11,28.25,27.00,28.11,4.97,4.67,101736304,2815391427.83,2021-04-27,4.90,97337323574.55,58335204554.55,1.59,41.95
295,SHSE.600363,联创光电,21.73,21.90,22.10,21.60,21.95,1.01,2.30,3074679,67268191.09,2021-04-27,0.69,9997714662.50,9734314662.50,3.39,37.01
296,SHSE.600365,ST通葡,2.51,2.51,2.51,2.38,2.42,-3.59,5.18,5836200,14143622.00,2021-04-27,1.46,968000000.00,968000000.00,1.63,-18.28
297,SHSE.600366,宁波韵升,6.56,6.58,6.62,6.38,6.43,-1.98,3.66,14932185,96658454.92,2021-04-27,1.51,6360001226.03,6360001226.03,1.43,23.59
298,SHSE.600367,红星发展,7.53,7.50,7.55,7.31,7.40,-1.73,3.19,4248285,31492619.25,2021-04-27,1.46,2186536830.00,2154880000.00,1.57,27.86
299,SHSE.600368,五洲交通,3.62,3.59,3.65,3.55,3.57,-1.38,2.76,6753487,24200359.22,2021-04-27,0.60,4018506482.76,4018506482.76,0.81,7.12
300,SHSE.600369,西南证券,4.53,4.52,4.57,4.50,4.54,0.22,1.55,12505777,56717047.92,2021-04-27,0.22,30168795422.96,25628795422.96,1.19,26.88
301,SHSE.600370,三房巷,3.16,3.15,3.18,3.14,3.17,0.32,1.27,2697361,8527401.76,2021-04-27,0.34,11593217510.19,2527264209.10,1.97,20.73
302,SHSE.600371,万向德农,11.58,11.48,11.66,11.28,11.28,-2.59,3.28,3892386,44355501.13,2021-04-27,1.33,3300279840.00,3300279840.00,6.17,60.28
303,SHSE.600372,中航机载,14.72,14.72,14.72,14.39,14.40,-2.17,2.24,9920700,143605577.10,2021-04-27,0.51,27766285416.00,27766285416.00,2.58,44.02
304,SHSE.600373,中文传媒,11.29,11.40,11.75,11.31,11.38,0.80,3.90,12001860,137890596.35,2021-04-27,0.89,15420625122.22,15420625122.22,0.99,8.54
305,SHSE.600375,汉马科技,6.80,6.85,6.85,6.66,6.68,-1.76,2.79,2967210,19936297.60,2021-04-27,0.53,3712347187.96,3712347187.96,1.56,-7.57
306,SHSE.600376,首开股份,6.09,6.12,6.19,6.08,6.14,0.82,1.81,8257470,50713326.17,2021-04-27,0.32,15838530585.88,15838530585.88,0.60,5.04
307,SHSE.600377,宁沪高速,9.86,9.89,9.92,9.78,9.92,0.61,1.42,3094733,30460561.24,2021-04-27,0.08,49974455200.00,37717655369.92,1.67,20.28
308,SHSE.600378,昊华科技,21.18,21.12,21.30,20.60,21.26,0.38,3.31,2921676,61237149.04,2021-04-27,0.82,19542822507.82,7581995257.00,2.96,30.17
309,SHSE.600379,宝光股份,7.85,7.86,8.20,7.81,8.18,4.20,4.97,14535948,116974873.81,2021-04-27,4.40,2701048793.52,2701048793.52,4.69,58.50
310,SHSE.600380,健康元,14.05,13.89,14.48,13.87,14.26,1.49,4.34,27586602,394541087.50,2021-04-27,1.41,27901532064.02,27901532064.02,2.46,23.11
311,SHSE.600381,青海春天,6.17,6.10,6.15,5.92,5.93,-3.89,3.73,13404517,80076784.27,2021-04-27,2.28,3481270194.13,3481270194.13,1.69,-50.42
312,SHSE.600382,广东明珠,5.52,5.52,5.54,5.09,5.19,-5.98,8.15,18223786,96110600.05,2021-04-27,2.31,4094566499.85,4094566499.85,0.64,10.93
313,SHSE.600383,金地集团,11.82,11.78,12.05,11.77,12.00,1.52,2.37,17860954,213418090.56,2021-04-27,0.40,54175002864.00,54175002864.00,0.93,5.21
314,SHSE.600385,退市金泰,5.08,4.85,4.98,4.83,4.88,-3.94,2.95,1310633,6379325.41,2021-04-27,0.92,722762882.24,696736212.32,73.98,-72.92
315,SHSE.600386,北巴传媒,3.56,3.55,3.55,3.48,3.55,-0.28,1.97,2656999,9341447.33,2021-04-27,0.33,2862720000.00,2862720000.00,1.59,23.00
316,SHSE.600387,ST海越,5.67,5.66,5.66,5.46,5.50,-3.00,3.53,7487950,41236047.00,2021-04-27,1.85,2574794552.00,2222266706.00,0.80,37.52
317,SHSE.600388,龙净环保,8.60,8.58,8.64,8.42,8.48,-1.40,2.56,5766633,49002436.96,2021-04-27,0.54,9065644208.16,9065644208.16,1.49,10.47
318,SHSE.600389,江山股份,25.29,25.25,25.25,23.82,24.72,-2.25,5.65,4062240,99809552.73,2021-04-27,1.37,7341840000.00,7341840000.00,3.50,20.74
319,SHSE.600390,五矿资本,6.11,6.10,6.12,6.02,6.04,-1.15,1.64,15259432,92271729.98,2021-04-27,0.34,27168315372.36,27168315372.36,0.70,8.27
320,SHSE.600391,航发科技,17.92,17.90,17.90,17.10,17.40,-2.90,4.46,4206680,73253505.79,2021-04-27,1.27,5744250985.80,5744250985.80,4.02,-358.43
321,SHSE.600392,盛和资源,17.00,17.23,17.25,16.48,16.83,-1.00,4.53,59866616,1011169817.94,2021-04-27,3.41,29539461737.61,29539461737.61,3.63,47.40
322,SHSE.600393,ST粤泰,2.06,2.01,2.06,1.85,2.00,-2.91,10.19,137609933,267720773.11,2021-04-27,13.93,5072495740.00,1976411104.00,1.00,-1041.80
323,SHSE.600395,盘江股份,7.20,7.16,7.24,6.88,6.90,-4.17,5.00,11881224,82814765.11,2021-04-27,0.72,11419857840.90,11419857840.90,1.58,12.20
324,SHSE.600396,*ST金山,2.45,2.44,2.45,2.35,2.38,-2.86,4.08,13523702,32254212.54,2021-04-27,0.92,3505042224.46,3505042224.46,1.63,-45.25
325,SHSE.600397,安源煤业,2.54,2.53,2.56,2.45,2.49,-1.97,4.33,12955136,32378930.32,2021-04-27,1.31,2465000106.18,2465000106.18,4.07,-11.07
326,SHSE.600398,海澜之家,6.68,6.68,6.72,6.62,6.67,-0.15,1.50,7359070,49033669.12,2021-04-27,0.17,28811686163.76,28811686163.76,2.06,15.29
327,SHSE.600399,抚顺特钢,13.97,13.85,14.45,13.83,14.25,2.00,4.44,32291484,459747246.91,2021-04-27,1.64,28102425000.00,28102425000.00,5.40,50.95
328,SHSE.600400,红豆股份,3.10,3.09,3.13,3.08,3.12,0.65,1.61,4433740,13730373.94,2021-04-27,0.17,7903761565.44,7903761565.44,2.31,50.84
329,SHSE.600405,动力源,6.68,6.40,6.48,6.01,6.16,-7.78,7.04,70651098,436667471.70,2021-04-27,12.77,3432006719.68,3408176759.68,3.44,208.85
330,SHSE.600406,国电南瑞,31.93,31.77,31.90,30.60,30.88,-3.29,4.07,17258792,536676334.07,2021-04-27,0.38,142711728142.56,141837689999.84,4.14,29.42
331,SHSE.600408,安泰集团,2.90,2.89,2.97,2.83,2.85,-1.72,4.83,11483862,33151527.24,2021-04-27,1.14,2869380000.00,2869380000.00,1.03,7.84
332,SHSE.600409,三友化工,11.23,11.18,11.42,10.91,11.07,-1.42,4.54,41454771,460547634.48,2021-04-27,2.01,22852348389.36,22852348389.36,1.87,31.87
333,SHSE.600410,华胜天成,7.13,7.13,7.15,7.03,7.05,-1.12,1.68,10418089,73594762.33,2021-04-27,0.95,7746140850.15,7746140850.15,1.62,58.91
334,SHSE.600415,小商品城,4.92,4.92,4.94,4.84,4.85,-1.42,2.03,15764295,76773198.79,2021-04-27,0.29,26626083753.60,26399588753.60,1.92,19.83
335,SHSE.600416,湘电股份,17.28,17.00,17.26,16.53,16.82,-2.66,4.22,8789000,147922456.00,2021-04-27,0.93,19426290958.00,15908933346.50,5.08,109.39
336,SHSE.600418,江淮汽车,8.39,8.33,8.41,8.18,8.31,-0.95,2.74,32490939,269076269.44,2021-04-27,1.72,15733423692.27,15733423692.27,1.19,110.32
337,SHSE.600419,天润乳业,13.83,13.81,13.88,13.58,13.83,0.00,2.17,3087908,42268973.56,2021-04-27,1.15,3714728830.71,3714728830.71,2.32,25.20
338,SHSE.600420,国药现代,9.94,9.94,10.44,9.80,10.39,4.53,6.44,25833831,263123816.82,2021-04-27,2.52,10670118410.54,10670118410.54,1.32,16.45
339,SHSE.600421,华嵘控股,10.21,10.04,10.40,10.04,10.30,0.88,3.53,404400,4160659.00,2021-04-27,0.21,2014680000.00,2014680000.00,57.93,296.76
340,SHSE.600422,昆药集团,9.05,8.99,9.05,8.86,9.01,-0.44,2.10,8946378,80187160.23,2021-04-27,1.18,6831884478.69,6831884478.69,1.47,12.20
341,SHSE.600423,柳化股份,2.72,2.71,2.71,2.63,2.65,-2.57,2.94,1514101,4018456.65,2021-04-27,0.19,2116541818.90,2116541818.90,5.23,166.44
342,SHSE.600425,青松建化,3.86,3.86,3.87,3.76,3.81,-1.30,2.85,16196900,61634921.00,2021-04-27,1.17,5253190227.66,5253190227.66,1.13,20.81
343,SHSE.600426,华鲁恒升,38.48,38.15,38.91,37.92,38.41,-0.18,2.57,11838984,454050989.42,2021-04-27,0.73,62480000997.50,62317908492.90,3.67,21.22
344,SHSE.600428,中远海特,4.03,4.02,4.15,3.98,4.13,2.48,4.22,33327355,135896907.94,2021-04-27,1.55,8865667684.23,8865667684.23,0.92,70.66
345,SHSE.600429,三元股份,5.13,5.13,5.20,5.04,5.13,0.00,3.12,8419672,43069391.08,2021-04-27,0.56,7682469595.38,7682469595.38,1.54,41.54
346,SHSE.600433,冠豪高新,4.68,4.69,4.92,4.56,4.84,3.42,7.69,15410063,73337420.06,2021-04-27,1.21,6153166744.12,6153166744.12,2.17,34.46
347,SHSE.600435,北方导航,7.90,7.89,7.94,7.76,7.78,-1.52,2.28,10888583,84963954.55,2021-04-27,0.73,11586909600.00,11586909600.00,5.21,146.10
348,SHSE.600436,片仔癀,328.05,326.99,334.94,325.04,333.72,1.73,3.02,3678515,1221546081.69,2021-04-27,0.61,201339019321.20,201339019321.20,23.89,113.81
349,SHSE.600438,通威股份,34.49,34.11,34.60,33.60,34.20,-0.84,2.90,52676274,1795136261.32,2021-04-27,1.23,153952947892.80,146644664392.80,4.94,37.45
350,SHSE.600439,瑞贝卡,2.57,2.57,2.61,2.56,2.61,1.56,1.95,4893800,12654662.60,2021-04-27,0.43,2954481998.40,2954481998.40,1.06,77.46
351,SHSE.600444,国机通用,8.90,8.90,8.94,8.68,8.78,-1.35,2.92,670432,5893718.36,2021-04-27,0.46,1285584562.96,1285584562.96,2.08,26.87
352,SHSE.600446,金证股份,13.82,13.76,13.99,13.75,13.90,0.58,1.74,5592498,77386057.64,2021-04-27,0.65,13087098879.50,11889341147.60,3.95,36.80
353,SHSE.600448,华纺股份,3.24,3.24,3.28,3.18,3.25,0.31,3.09,7217159,23240282.05,2021-04-27,1.15,2046913901.50,2046913901.50,1.43,123.94
354,SHSE.600449,宁夏建材,13.58,13.56,13.56,13.20,13.31,-1.99,2.65,3873710,51650582.08,2021-04-27,0.81,6364589669.02,6364589669.02,1.01,6.60
355,SHSE.600452,涪陵电力,18.12,18.12,18.27,17.63,17.81,-1.71,3.53,3580757,63623065.63,2021-04-27,0.82,7819302400.00,7819302400.00,3.76,19.51
356,SHSE.600455,博通股份,18.63,18.54,18.59,18.06,18.29,-1.83,2.84,1033441,18843569.56,2021-04-27,1.65,1142356820.00,1142356820.00,6.35,45.47
357,SHSE.600456,宝钛股份,39.52,39.28,39.93,38.38,38.76,-1.92,3.92,5634894,219278859.18,2021-04-27,1.31,18518657411.64,16677098532.00,3.05,51.06
358,SHSE.600458,时代新材,8.15,8.16,8.27,7.96,8.27,1.47,3.80,9796059,79591485.71,2021-04-27,1.22,6639140717.04,6639140717.04,1.37,20.33
359,SHSE.600459,贵研铂业,25.24,25.24,25.50,24.41,25.33,0.36,4.32,12199652,305262814.10,2021-04-27,2.79,11087143918.63,11087143918.63,3.08,34.00
360,SHSE.600460,士兰微,30.95,30.84,31.26,29.69,30.36,-1.91,5.07,71064894,2158823127.72,2021-04-27,5.42,39834190601.04,39834190601.04,11.00,589.29
361,SHSE.600461,洪城环境,6.76,6.74,6.79,6.67,6.68,-1.18,1.78,5698973,38215841.27,2021-04-27,0.63,6332896184.68,6082604968.08,1.18,9.54
362,SHSE.600462,ST九有,2.60,2.55,2.65,2.47,2.54,-2.31,6.92,13882144,35032548.38,2021-04-27,2.60,1482979000.00,1355801200.00,44.76,-34.71
363,SHSE.600463,空港股份,6.41,6.41,6.41,6.17,6.34,-1.09,3.74,981300,6135739.51,2021-04-27,0.33,1902000000.00,1902000000.00,1.53,209.60
364,SHSE.600466,*ST蓝光,4.08,4.06,4.07,3.98,4.00,-1.96,2.21,22131263,88739440.84,2021-04-27,0.73,12139721740.00,12139721740.00,0.73,3.62
365,SHSE.600467,好当家,2.59,2.60,2.60,2.53,2.56,-1.16,2.70,19989451,51091417.05,2021-04-27,1.37,3740145418.24,3740145418.24,1.14,60.08
366,SHSE.600468,百利电气,3.98,3.99,3.99,3.90,3.94,-1.01,2.26,6217673,24467473.29,2021-04-27,0.55,4420266449.72,4420266449.72,2.40,37.32
367,SHSE.600469,风神股份,5.17,5.16,5.17,4.98,5.05,-2.32,3.68,5168486,26173433.14,2021-04-27,0.92,3692242779.20,2840186771.10,1.27,20.88
368,SHSE.600470,六国化工,4.21,4.18,4.22,4.08,4.11,-2.38,3.33,9422673,38941178.67,2021-04-27,1.81,2143776000.00,2143776000.00,1.50,9.48
369,SHSE.600475,华光环能,14.71,14.60,14.71,14.43,14.60,-0.75,1.90,5052200,73557660.00,2021-04-27,0.93,8167126280.60,7935148895.40,1.10,12.69
370,SHSE.600476,湘邮科技,10.54,10.69,10.69,10.00,10.03,-4.84,6.55,4719461,48068112.45,2021-04-27,2.93,1615532100.00,1615532100.00,10.46,111.41
371,SHSE.600477,杭萧钢构,3.87,3.90,3.91,3.82,3.88,0.26,2.33,7048395,27183942.13,2021-04-27,0.33,8356501154.68,8355938546.92,2.02,11.54
372,SHSE.600478,科力远,3.88,3.86,3.93,3.83,3.87,-0.26,2.58,12273337,47422386.80,2021-04-27,0.77,6398198963.82,6207988916.61,2.50,115.35
373,SHSE.600479,千金药业,9.43,9.42,9.50,9.38,9.49,0.64,1.27,5314270,50192743.20,2021-04-27,1.27,3971632540.33,3971632540.33,1.72,13.37
374,SHSE.600480,凌云股份,9.44,9.29,9.50,9.03,9.42,-0.21,4.98,17481693,161813954.40,2021-04-27,2.29,7209506323.08,7191807490.14,1.50,24.97
375,SHSE.600481,双良节能,4.69,4.68,4.75,4.56,4.62,-1.49,4.05,21213974,98168619.84,2021-04-27,1.30,7541206632.96,7517921832.96,3.38,39.17
376,SHSE.600482,中国动力,16.89,16.89,16.97,16.60,16.73,-0.95,2.19,2085470,34931792.04,2021-04-27,0.24,36148203485.87,14552231942.64,1.01,41.40
377,SHSE.600483,福能股份,9.68,9.87,10.09,9.68,9.70,0.21,4.24,13284704,130257162.15,2021-04-27,0.84,17316697321.60,15293850048.40,1.10,8.95
378,SHSE.600486,扬农化工,122.40,118.00,118.58,110.16,111.39,-9.00,6.88,7520997,838882423.04,2021-04-27,2.43,34519639250.73,34519639250.73,5.43,28.58
379,SHSE.600487,亨通光电,11.75,11.72,11.82,11.54,11.61,-1.19,2.38,8036243,93506475.89,2021-04-27,0.41,27425011759.02,22671608023.89,1.36,26.15
380,SHSE.600488,津药药业,5.04,5.03,5.04,5.03,5.04,0.00,0.20,9385613,47230648.39,2021-04-27,0.86,5547964867.20,5503108867.20,1.84,163.28
381,SHSE.600489,中金黄金,8.52,8.56,8.61,8.43,8.57,0.59,2.11,30692362,262265076.41,2021-04-27,0.84,41541468673.48,31330595755.03,1.67,75.35
382,SHSE.600490,鹏欣资源,4.27,4.38,4.38,4.21,4.30,0.70,3.98,38873619,166846208.79,2021-04-27,1.95,9515414439.70,8568271959.80,1.44,20.56
383,SHSE.600491,龙元建设,5.04,5.04,5.04,4.99,5.00,-0.79,0.99,3734992,18687146.77,2021-04-27,0.24,7648789775.00,7648789775.00,0.66,7.95
384,SHSE.600493,凤竹纺织,4.80,4.79,5.16,4.79,5.15,7.29,7.71,9258807,46472949.88,2021-04-27,3.40,1400800000.00,1400800000.00,1.81,47.28
385,SHSE.600495,晋西车轴,3.79,3.78,3.80,3.74,3.77,-0.53,1.58,4081993,15371022.79,2021-04-27,0.34,4554879640.22,4554879640.22,1.42,225.00
386,SHSE.600496,精工钢构,5.08,5.08,5.08,4.98,5.00,-1.57,1.97,17451006,87298798.94,2021-04-27,0.87,10064371745.00,10064371745.00,1.45,15.53
387,SHSE.600497,驰宏锌锗,4.69,4.77,4.81,4.63,4.74,1.07,3.84,83044531,393366618.92,2021-04-27,1.63,24132722032.32,24132722032.32,1.61,36.31
388,SHSE.600498,烽火通信,18.77,18.98,18.98,18.40,18.40,-1.97,3.09,6546633,121614735.77,2021-04-27,0.58,20820392064.80,20820392064.80,1.93,203.54
389,SHSE.600499,科达制造,10.89,10.84,10.97,10.50,10.86,-0.28,4.32,31209215,336286938.01,2021-04-27,1.98,20508240428.94,17128453923.72,3.32,812.24
390,SHSE.600500,中化国际,5.46,5.43,5.52,5.40,5.43,-0.55,2.20,13199029,71835176.03,2021-04-27,0.49,15018926442.96,14703986442.96,1.26,444.17
391,SHSE.600501,航天晨光,8.70,8.70,8.95,8.59,8.94,2.76,4.14,3746997,32714564.72,2021-04-27,0.89,3766275384.00,3766275384.00,1.75,26.70
392,SHSE.600502,安徽建工,3.98,3.98,4.00,3.92,3.98,0.00,2.01,10238854,40531875.76,2021-04-27,0.59,6850217882.56,6850217882.56,0.89,6.58
393,SHSE.600503,华丽家族,3.55,3.50,3.50,3.40,3.42,-3.66,2.82,24113343,82683236.12,2021-04-27,1.50,5479831800.00,5479831800.00,1.40,36.49
394,SHSE.600505,西昌电力,6.32,6.32,6.38,6.12,6.37,0.79,4.11,6084300,38002657.00,2021-04-27,1.67,2322294975.00,2322294975.00,1.94,68.01
395,SHSE.600507,方大特钢,9.14,9.10,9.19,8.92,9.07,-0.77,2.95,43722239,395395978.28,2021-04-27,2.03,19554468522.61,19554468522.61,2.03,8.07
396,SHSE.600508,上海能源,9.45,9.38,9.52,9.09,9.24,-2.22,4.55,6298292,58298135.00,2021-04-27,0.87,6677914320.00,6677914320.00,0.63,10.56
397,SHSE.600509,天富能源,5.73,5.74,5.84,5.57,5.82,1.57,4.71,44412925,252650595.90,2021-04-27,3.86,6701235398.94,6701235398.94,1.11,66.52
398,SHSE.600510,黑牡丹,6.81,6.77,6.77,6.55,6.57,-3.52,3.23,3246523,21483163.53,2021-04-27,0.32,6879414314.25,6683516624.25,0.75,8.64
399,SHSE.600511,国药股份,34.51,34.42,34.42,33.74,34.18,-0.96,1.97,7912448,269531977.98,2021-04-27,1.43,25788912471.64,18913380772.32,2.20,17.80
400,SHSE.600512,腾达建设,2.69,2.68,2.70,2.66,2.69,0.00,1.49,8821300,23615508.22,2021-04-27,0.55,4301048618.08,4301048618.08,0.75,7.08
401,SHSE.600513,联环药业,9.93,9.65,10.08,9.59,9.75,-1.81,4.93,24646417,241643890.26,2021-04-27,8.63,2807906107.50,2783198632.50,2.56,27.26
402,SHSE.600515,海南机场,9.42,9.42,9.56,9.11,9.30,-1.27,4.78,18680844,174271341.75,2021-04-27,1.13,36340609878.00,15422146903.80,5.30,-37.85
403,SHSE.600516,方大炭素,8.99,8.93,9.06,8.63,8.72,-3.00,4.78,94405335,826799303.15,2021-04-27,2.48,33188061608.96,33188061608.96,2.11,55.00
404,SHSE.600517,国网英大,6.76,6.59,6.60,6.16,6.20,-8.28,6.51,57969623,368270555.37,2021-04-27,3.05,35454301612.80,11777767535.00,2.03,30.47
405,SHSE.600518,ST康美,1.99,1.97,2.09,1.96,2.09,5.03,6.53,60909189,126007419.73,2021-04-27,1.38,10395370900.75,9214364758.94,-0.97,-1.47
406,SHSE.600519,贵州茅台,2077.82,2087.08,2095.25,2065.09,2094.44,0.80,1.45,2210785,4607779001.56,2021-04-27,0.18,2631030920232.00,2631030920232.00,15.01,56.34
407,SHSE.600520,文一科技,7.14,7.14,7.14,6.90,7.04,-1.40,3.36,1981835,13832280.40,2021-04-27,1.25,1115347200.00,1115347200.00,3.01,-21.67
408,SHSE.600521,华海药业,21.95,21.98,22.54,20.80,21.84,-0.50,7.93,61883791,1344070438.90,2021-04-27,4.25,31768639746.48,31768639746.48,4.87,32.95
409,SHSE.600522,中天科技,10.40,10.40,10.41,10.18,10.31,-0.87,2.21,20761408,213245119.39,2021-04-27,0.68,31612051400.05,31612051400.05,1.35,14.88
410,SHSE.600523,贵航股份,14.17,14.11,14.18,13.87,14.16,-0.07,2.19,1139641,15941523.12,2021-04-27,0.28,5725048291.20,5721271819.20,2.16,31.34
411,SHSE.600525,长园集团,5.79,5.80,5.81,5.62,5.68,-1.90,3.28,8386786,47735029.28,2021-04-27,0.64,7416802863.36,7416802863.36,1.72,56.69
412,SHSE.600526,菲达环保,6.14,6.12,6.12,5.76,5.83,-5.05,5.86,29965512,175548998.58,2021-04-27,5.47,3191369237.76,3191369237.76,1.56,61.00
413,SHSE.600527,江南高纤,2.71,2.70,2.79,2.66,2.75,1.48,4.80,38483360,105164966.50,2021-04-27,2.22,4762342480.50,4762342480.50,1.93,20.47
414,SHSE.600528,中铁工业,8.40,8.45,8.52,8.40,8.42,0.24,1.43,6778269,57270553.46,2021-04-27,0.31,18705464370.96,18705464370.96,0.98,9.46
415,SHSE.600529,山东药玻,42.79,41.38,42.18,39.50,40.23,-5.98,6.26,23048999,937426456.65,2021-04-27,3.87,23935552461.81,23935552461.81,5.42,40.94
416,SHSE.600530,ST交昂,3.30,3.28,3.31,3.14,3.14,-4.85,5.15,11183400,35471411.00,2021-04-27,1.43,2449200000.00,2449200000.00,2.87,-21.07
417,SHSE.600531,豫光金铅,5.80,5.80,5.94,5.75,5.87,1.21,3.28,23639650,138389515.09,2021-04-27,2.17,6399724261.58,6399724261.58,1.67,20.48
418,SHSE.600532,退市未来,16.55,16.45,16.68,16.32,16.62,0.42,2.18,1246300,20550808.69,2021-04-27,0.24,8577012266.40,8577012266.40,4.56,43.46
419,SHSE.600533,栖霞建设,3.03,3.03,3.03,2.99,3.02,-0.33,1.32,5273805,15855580.00,2021-04-27,0.50,3171000000.00,3171000000.00,0.71,36.32
420,SHSE.600535,天士力,13.49,13.47,13.83,13.41,13.79,2.22,3.11,15881066,216918765.50,2021-04-27,1.05,20859667297.91,20859667297.91,1.70,18.08
421,SHSE.600536,中国软件,50.89,50.90,51.00,46.50,46.88,-7.88,8.84,16475758,789798011.20,2021-04-27,3.33,23185103220.16,23185103220.16,10.77,339.81
422,SHSE.600537,亿晶光电,4.09,3.93,4.01,3.85,3.92,-4.16,3.91,23853046,93545308.33,2021-04-27,2.03,4611328330.56,4611328330.56,1.64,-6.83
423,SHSE.600538,国发股份,7.18,7.18,7.28,7.15,7.27,1.25,1.81,7361350,53247079.50,2021-04-27,1.59,3720577663.61,3376196614.95,4.41,580.11
424,SHSE.600539,狮头股份,7.39,7.35,7.51,7.33,7.47,1.08,2.44,951700,7070813.20,2021-04-27,0.41,1718100000.00,1718100000.00,4.04,-78.55
425,SHSE.600540,新赛股份,5.39,5.33,5.60,5.27,5.54,2.78,6.12,40555942,221428948.83,2021-04-27,8.61,2608915154.02,2608915154.02,3.82,296.93
426,SHSE.600543,*ST莫高,7.11,7.10,7.16,6.90,7.08,-0.42,3.66,9862910,69194142.00,2021-04-27,3.07,2273529600.00,2273529600.00,1.95,386.94
427,SHSE.600545,卓郎智能,3.12,3.12,3.14,3.06,3.07,-1.60,2.56,7342901,22666086.05,2021-04-27,0.39,5818917894.65,5818917894.65,1.51,53.78
428,SHSE.600546,山煤国际,6.54,6.50,6.67,6.29,6.32,-3.36,5.81,39206484,251613036.70,2021-04-27,1.98,12529122804.80,12529122804.80,1.69,15.16
429,SHSE.600547,山东黄金,20.01,20.01,20.06,19.52,19.66,-1.75,2.70,16726410,330272505.60,2021-04-27,0.47,87947624461.50,69527482381.16,3.29,38.96
430,SHSE.600548,深高速,10.21,10.23,10.28,10.02,10.13,-0.78,2.55,3786378,38313319.26,2021-04-27,0.26,22091203402.38,14519028402.38,1.13,10.75
431,SHSE.600549,厦门钨业,18.48,18.38,19.03,18.35,18.69,1.14,3.68,33317472,625220767.40,2021-04-27,2.37,26512067778.00,26279003478.00,3.35,31.19
432,SHSE.600550,保变电气,4.11,4.11,4.14,4.04,4.05,-1.46,2.43,4427753,18017979.18,2021-04-27,0.29,7458190344.00,6215158621.35,12.07,218.41
433,SHSE.600551,时代出版,7.64,7.53,7.65,7.38,7.50,-1.83,3.53,3014826,22596570.58,2021-04-27,0.60,3793689720.00,3793689720.00,0.78,14.13
434,SHSE.600552,凯盛科技,7.67,7.65,7.73,7.36,7.37,-3.91,4.82,15385612,114741635.76,2021-04-27,2.01,5629825102.11,5629825102.11,2.21,46.61
435,SHSE.600555,退市海创,1.46,1.45,1.51,1.45,1.49,2.05,4.11,6875104,10210569.89,2021-04-27,0.71,1942215000.00,1450515000.00,2.36,-8.75
436,SHSE.600556,天下秀,10.76,10.61,11.45,10.45,11.40,5.95,9.29,27080963,300111393.41,2021-04-27,5.69,20608323118.80,5427323206.20,6.09,63.89
437,SHSE.600557,康缘药业,10.17,10.18,10.18,9.93,10.12,-0.49,2.46,2620562,26300837.50,2021-04-27,0.44,5999956104.56,5999956104.56,1.43,22.82
438,SHSE.600558,大西洋,3.07,3.09,3.09,3.03,3.04,-0.98,1.95,6998879,21281607.89,2021-04-27,0.78,2728718686.24,2728718686.24,1.28,25.76
439,SHSE.600559,老白干酒,23.99,24.12,24.38,23.28,23.70,-1.21,4.59,36634430,868274665.39,2021-04-27,4.08,21265712422.80,21265712422.80,6.04,58.11
440,SHSE.600560,金自天正,8.68,8.66,8.72,8.55,8.64,-0.46,1.96,1071626,9228816.84,2021-04-27,0.48,1932297120.00,1932297120.00,2.36,42.90
441,SHSE.600561,江西长运,4.19,4.20,4.27,4.11,4.15,-0.95,3.82,1388900,5789694.00,2021-04-27,0.59,1180578720.00,983815600.00,1.10,-3.80
442,SHSE.600562,国睿科技,14.58,14.52,14.52,13.90,14.20,-2.61,4.25,5788368,81937652.37,2021-04-27,0.88,17634381328.00,9382485762.80,4.02,32.99
443,SHSE.600563,法拉电子,116.38,115.01,117.60,114.70,115.55,-0.71,2.49,1483745,171846352.31,2021-04-27,0.66,25998750000.00,25998750000.00,8.50,41.39
444,SHSE.600565,迪马股份,2.88,2.89,2.90,2.84,2.88,0.00,2.08,13539054,38749575.23,2021-04-27,0.56,7375784497.92,6918843697.92,0.68,4.09
445,SHSE.600566,济川药业,19.06,19.04,19.35,18.81,19.31,1.31,2.83,5864898,112477839.20,2021-04-27,0.66,17152259797.97,17152259797.97,2.12,13.70
446,SHSE.600567,山鹰国际,3.39,3.39,3.43,3.38,3.42,0.88,1.47,30820715,104991793.72,2021-04-27,0.67,15786380171.70,15786380171.70,1.01,15.47
447,SHSE.600568,ST中珠,1.94,1.92,1.97,1.88,1.93,-0.52,4.64,23096800,44343707.00,2021-04-27,1.48,3846238484.33,3020350195.84,1.02,-9.94
448,SHSE.600569,安阳钢铁,3.37,3.32,3.40,3.13,3.23,-4.15,8.01,131251049,424699613.48,2021-04-27,5.48,9277921076.78,7731600899.47,0.91,-89.71
449,SHSE.600570,恒生电子,86.82,88.34,91.08,88.24,90.29,4.00,3.27,15672115,1409378321.29,2021-04-27,1.50,94270954178.66,94270954178.66,23.34,71.32
450,SHSE.600571,信雅达,7.64,7.61,7.67,7.39,7.64,0.00,3.66,4220038,31933170.04,2021-04-27,0.98,3356079557.56,3290630687.72,3.46,29.80
451,SHSE.600572,康恩贝,4.22,4.21,4.21,4.13,4.16,-1.42,1.90,20022320,83308697.20,2021-04-27,0.75,11096052032.00,11068005923.52,2.18,34.80
452,SHSE.600573,惠泉啤酒,9.90,9.80,9.89,9.17,9.39,-5.15,7.27,15859840,149357237.48,2021-04-27,6.34,2347500000.00,2347500000.00,2.03,73.87
453,SHSE.600575,淮河能源,2.16,2.15,2.15,2.12,2.15,-0.46,1.39,19555201,41800584.05,2021-04-27,0.50,8355461289.75,8355461289.75,0.85,17.57
454,SHSE.600576,祥源文旅,6.28,6.27,6.30,5.80,5.93,-5.57,7.96,19237104,114655472.74,2021-04-27,3.11,3673056285.37,3673056285.37,3.56,193.83
455,SHSE.600577,精达股份,3.70,3.68,3.76,3.67,3.76,1.62,2.43,22769456,84661303.26,2021-04-27,1.19,7224666889.60,7224666889.60,1.90,15.47
456,SHSE.600578,京能电力,3.22,3.22,3.22,3.13,3.16,-1.86,2.80,24083193,76289635.40,2021-04-27,0.36,21101272424.96,21101272424.96,0.88,13.81
457,SHSE.600579,克劳斯,4.83,4.82,4.86,4.73,4.75,-1.66,2.69,2249948,10753437.22,2021-04-27,0.55,3487630466.75,1945227714.00,0.69,-15.16
458,SHSE.600580,卧龙电驱,11.04,11.13,11.23,10.80,10.90,-1.27,3.89,11247201,123553753.06,2021-04-27,0.86,14267212587.40,14252791887.40,1.85,18.42
459,SHSE.600581,八一钢铁,5.37,5.45,5.53,5.18,5.33,-0.74,6.52,100597229,534073503.19,2021-04-27,6.56,8170345647.10,8170345647.10,1.74,11.66
460,SHSE.600582,天地科技,3.80,3.80,3.88,3.75,3.80,0.00,3.42,54727455,208615741.18,2021-04-27,1.32,15726637789.60,15726637789.60,0.86,11.53
461,SHSE.600583,海油工程,4.34,4.32,4.35,4.30,4.32,-0.46,1.15,8902744,38369949.15,2021-04-27,0.20,19100252736.00,19100252736.00,0.84,52.57
462,SHSE.600584,长电科技,36.26,36.06,36.45,34.88,35.44,-2.26,4.33,33717687,1200160763.89,2021-04-27,2.48,63067358320.00,48192871466.32,4.56,60.95
463,SHSE.600585,海螺水泥,49.57,49.48,49.49,48.80,48.88,-1.39,1.39,21892521,1071178031.31,2021-04-27,0.55,259029910061.52,195505462061.52,1.55,7.37
464,SHSE.600586,金晶科技,6.77,6.83,6.90,6.64,6.70,-1.03,3.84,34504716,232502666.60,2021-04-27,2.42,9572759000.00,9572759000.00,2.02,14.58
465,SHSE.600587,新华医疗,15.94,15.60,15.70,15.20,15.53,-2.57,3.14,16275050,251996702.84,2021-04-27,4.03,6311828253.23,6265837354.04,1.39,23.21
466,SHSE.600588,用友网络,33.83,33.93,35.09,33.15,34.86,3.04,5.73,15525321,531720529.41,2021-04-27,0.48,114010726347.00,113332719077.76,16.56,115.33
467,SHSE.600589,*ST榕泰,2.69,2.68,2.70,2.62,2.63,-2.23,2.97,6717400,17764776.00,2021-04-27,0.95,1851607529.03,1851607529.03,1.42,-2.23
468,SHSE.600590,泰豪科技,5.63,5.61,5.65,5.36,5.45,-3.20,5.15,23293650,127626647.88,2021-04-27,2.76,4680363578.60,4604845937.00,1.18,45.85
469,SHSE.600592,龙溪股份,10.30,10.30,10.37,9.99,10.17,-1.26,3.69,2190944,22211204.01,2021-04-27,0.55,4063459817.07,4063459817.07,1.96,19.96
470,SHSE.600593,大连圣亚,21.99,21.98,22.19,21.32,21.60,-1.77,3.96,2651300,57381568.00,2021-04-27,2.06,2782080000.00,2782080000.00,6.19,86.99
471,SHSE.600594,益佰制药,5.76,5.68,5.95,5.48,5.86,1.74,8.16,32731160,186829429.88,2021-04-27,4.13,4640694564.00,4640694564.00,1.35,19.34
472,SHSE.600595,中孚实业,3.24,3.28,3.29,3.22,3.26,0.62,2.16,6326016,20532265.58,2021-04-27,0.32,6393590425.82,6393590425.82,3.54,-3.58
473,SHSE.600596,新安股份,12.30,12.16,12.55,12.02,12.52,1.79,4.31,24366753,299465779.77,2021-04-27,3.48,10246773472.72,8762317725.16,1.51,12.15
474,SHSE.600597,光明乳业,17.89,17.78,18.02,17.71,17.87,-0.11,1.73,11416644,204073017.25,2021-04-27,0.93,21881591785.83,21878276900.83,3.49,36.01
475,SHSE.600598,北大荒,15.59,15.69,15.78,15.50,15.66,0.45,1.80,12841303,201261215.27,2021-04-27,0.72,27838467374.94,27838467374.94,3.80,28.12
476,SHSE.600599,ST熊猫,5.32,5.34,5.38,5.20,5.24,-1.50,3.38,1895500,10002151.00,2021-04-27,1.14,869840000.00,869840000.00,1.33,-18.22
477,SHSE.600600,青岛啤酒,92.00,90.27,93.13,90.15,92.82,0.89,3.24,8463843,775923376.69,2021-04-27,1.22,126623447031.90,64594701929.94,5.84,47.14
478,SHSE.600601,方正科技,3.69,3.72,3.82,3.68,3.79,2.71,3.79,24275649,90888443.11,2021-04-27,1.11,8318637663.16,8318637663.16,14.06,-7.43
479,SHSE.600602,云赛智联,5.58,5.56,5.64,5.44,5.51,-1.25,3.58,4780845,26279509.28,2021-04-27,0.45,7535880737.05,5919409474.90,1.74,30.31
480,SHSE.600603,广汇物流,4.77,4.77,4.79,4.70,4.75,-0.42,1.89,4049944,19197450.69,2021-04-27,0.32,5970877523.25,5933694523.25,0.86,7.20
481,SHSE.600604,市北高新,5.89,5.89,5.92,5.85,5.91,0.34,1.19,3474194,20425509.84,2021-04-27,0.25,11071231391.64,8318057891.64,1.74,62.97
482,SHSE.600605,汇通能源,12.60,12.60,12.68,12.53,12.55,-0.40,1.19,373413,4700489.74,2021-04-27,0.25,1849174629.60,1849174629.60,2.36,37.19
483,SHSE.600606,绿地控股,5.65,5.68,5.70,5.51,5.53,-2.12,3.36,34968116,195074147.23,2021-04-27,0.29,67289893749.05,67289893749.05,0.73,4.41
484,SHSE.600608,ST沪科,4.69,4.46,4.46,4.46,4.46,-4.90,0.00,1382500,6165950.00,2021-04-27,0.43,1466722026.86,1419936626.86,23.53,1541.47
485,SHSE.600609,金杯汽车,4.46,4.42,4.46,4.37,4.45,-0.22,2.02,5202501,22951038.39,2021-04-27,0.48,5834842483.10,4862368737.40,9.65,-12.83
486,SHSE.600610,中毅达,8.28,8.29,8.69,8.29,8.67,4.71,4.83,9663814,83029978.86,2021-04-27,2.15,9287950825.35,3890014200.75,82.37,169.41
487,SHSE.600611,大众交通,3.52,3.51,3.53,3.47,3.48,-1.14,1.70,3451800,12034356.50,2021-04-27,0.22,8227147566.72,5440340946.72,0.89,15.37
488,SHSE.600612,老凤祥,57.29,57.40,57.87,56.63,57.72,0.75,2.16,1296784,74390024.43,2021-04-27,0.41,30194357338.08,18303567843.60,3.50,19.04
489,SHSE.600613,神奇制药,4.53,4.53,4.73,4.45,4.69,3.53,6.18,5473675,25288758.15,2021-04-27,1.14,2504795935.32,2248010696.82,1.09,-17.22
490,SHSE.600615,丰华股份,6.18,6.11,6.27,5.61,5.70,-7.77,10.68,4208680,24968875.98,2021-04-27,2.24,1071716895.60,1069459695.60,1.70,-254.62
491,SHSE.600616,金枫酒业,7.26,7.27,7.34,7.01,7.11,-2.07,4.55,24193546,172407531.42,2021-04-27,3.62,4756625194.50,4756625194.50,2.43,388.62
492,SHSE.600617,国新能源,3.96,3.95,3.97,3.87,3.96,0.00,2.53,2263500,8848184.00,2021-04-27,0.23,5456856738.96,3860660802.24,1.33,-9.70
493,SHSE.600618,氯碱化工,7.87,7.87,7.93,7.70,7.90,0.38,2.92,4612800,36086903.71,2021-04-27,0.62,9135559810.40,5923735810.40,1.67,15.06
494,SHSE.600619,海立股份,8.37,8.28,8.69,8.20,8.45,0.96,5.85,17877918,150332755.72,2021-04-27,3.07,7463887154.75,4919091847.15,1.65,44.90
495,SHSE.600620,天宸股份,6.10,6.09,6.13,6.06,6.09,-0.16,1.15,888000,5410928.00,2021-04-27,0.13,4181863618.17,4181863618.17,1.80,39.70
496,SHSE.600621,华鑫股份,14.69,15.00,15.00,14.65,14.80,0.75,2.38,7986851,118185801.36,2021-04-27,0.75,15701309521.60,15701309521.60,2.25,22.17
497,SHSE.600622,光大嘉宝,3.17,3.17,3.18,3.12,3.14,-0.95,1.89,6828270,21458124.20,2021-04-27,0.46,4709012162.28,4709012162.28,0.70,10.55
498,SHSE.600623,华谊集团,8.79,8.53,8.99,8.53,8.86,0.80,5.23,26572924,233403607.98,2021-04-27,1.43,18875178876.18,16499063320.18,0.98,44.58
499,SHSE.600624,复旦复华,7.08,7.09,7.10,6.91,6.94,-1.98,2.68,3134521,21853695.28,2021-04-27,0.46,4751901349.40,4751901349.40,4.31,-368.95
500,SHSE.600626,申达股份,3.94,3.94,3.96,3.87,3.92,-0.51,2.28,3097334,12081728.43,2021-04-27,0.38,3340981958.72,3167974840.24,1.23,-7.92
501,SHSE.600628,新世界,8.38,8.42,8.43,8.23,8.39,0.12,2.39,942029,7852083.47,2021-04-27,0.15,5427284471.76,5427284471.76,1.24,76.84
502,SHSE.600629,华建集团,7.07,7.07,7.09,6.97,7.02,-0.71,1.70,643614,4520237.44,2021-04-27,0.12,3747518583.12,3675624727.32,1.24,12.48
503,SHSE.600630,龙头股份,4.98,4.98,5.00,4.91,4.96,-0.40,1.81,1689712,8361705.28,2021-04-27,0.40,2107313521.12,2107313521.12,1.37,-7.16
504,SHSE.600633,浙数文化,7.38,7.44,7.45,7.30,7.31,-0.95,2.03,3981166,29288064.58,2021-04-27,0.31,9517064096.43,9517064096.43,1.12,18.60
505,SHSE.600635,大众公用,3.64,3.64,3.65,3.57,3.60,-1.10,2.20,7897762,28423179.64,2021-04-27,0.33,10628764830.00,8707650030.00,1.27,20.63
506,SHSE.600636,国新文化,11.42,11.25,11.34,10.49,10.56,-7.53,7.44,5359478,57683120.31,2021-04-27,1.20,4719653505.60,4719653505.60,1.55,33.24
507,SHSE.600637,东方明珠,9.03,9.02,9.05,8.93,8.93,-1.11,1.33,5813301,52160938.60,2021-04-27,0.17,30491486794.93,30491486794.93,1.03,14.83
508,SHSE.600638,新黄浦,5.80,5.78,5.78,5.63,5.75,-0.86,2.59,1544689,8793500.26,2021-04-27,0.23,3872031519.50,3872031519.50,0.90,-7.64
509,SHSE.600639,浦东金桥,12.49,12.42,12.65,12.36,12.61,0.96,2.32,2772463,34843282.74,2021-04-27,0.33,14153626580.73,10721484824.83,1.33,12.78
510,SHSE.600640,国脉文化,11.65,11.65,11.71,11.20,11.23,-3.61,4.38,5965989,67684616.61,2021-04-27,0.75,8935665406.20,8935665406.20,1.99,-85.82
511,SHSE.600641,万业企业,13.72,13.73,13.83,13.37,13.70,-0.15,3.35,4382325,59563350.09,2021-04-27,0.46,13123646534.80,13123646534.80,1.91,41.62
512,SHSE.600642,申能股份,5.59,5.56,5.64,5.55,5.60,0.18,1.61,8674840,48590478.21,2021-04-27,0.19,27507414569.60,25491414569.60,0.87,11.50
513,SHSE.600643,爱建集团,6.83,6.83,6.87,6.77,6.83,0.00,1.46,4524318,30832485.77,2021-04-27,0.28,11077730347.16,11057817290.92,0.92,8.19
514,SHSE.600644,乐山电力,5.26,5.24,5.26,5.13,5.24,-0.38,2.47,4508400,23380830.00,2021-04-27,0.84,2821219453.16,2821219453.16,1.73,28.49
515,SHSE.600645,中源协和,20.62,20.30,20.43,19.88,20.03,-2.86,2.67,9357472,187696724.08,2021-04-27,2.28,9373016266.70,8231691303.39,2.61,-107.21
516,SHSE.600647,*ST同达,10.95,10.97,11.24,10.91,11.10,1.37,3.01,1441675,15968692.50,2021-04-27,1.04,1544493405.00,1544493405.00,5.09,744.13
517,SHSE.600648,外高桥,14.11,14.09,14.09,13.89,14.04,-0.50,1.42,2726291,38059123.26,2021-04-27,0.29,15940301700.96,13124474400.96,1.41,22.09
518,SHSE.600649,城投控股,5.04,5.02,5.06,4.98,5.00,-0.79,1.59,6598662,32997895.17,2021-04-27,0.26,12647878170.00,12647878170.00,0.64,16.43
519,SHSE.600650,锦江在线,9.85,9.84,9.85,9.65,9.68,-1.73,2.03,1345889,13096143.85,2021-04-27,0.34,5339585835.76,3780621526.00,1.51,43.56
520,SHSE.600651,飞乐音响,3.50,3.50,3.53,3.38,3.42,-2.29,4.29,12404276,42706289.56,2021-04-27,1.26,8574035811.30,3369452406.84,3.55,19.87
521,SHSE.600652,退市游久,1.52,1.51,1.52,1.49,1.49,-1.97,1.97,5067458,7604266.42,2021-04-27,0.61,1240728212.02,1240728212.02,0.72,53.37
522,SHSE.600653,申华控股,1.67,1.67,1.67,1.64,1.65,-1.20,1.80,8367770,13837399.29,2021-04-27,0.43,3211527523.05,3211527523.05,2.91,-4.25
523,SHSE.600654,ST中安,1.59,1.59,1.61,1.57,1.58,-0.63,2.52,4179195,6636782.05,2021-04-27,0.55,2027173167.36,1192968183.32,76.46,20.66
524,SHSE.600655,豫园股份,11.58,11.57,11.63,11.38,11.42,-1.38,2.16,21380521,245503234.83,2021-04-27,1.33,44349552458.88,18332502177.88,1.32,12.28
525,SHSE.600657,信达地产,3.69,3.70,3.70,3.66,3.68,-0.27,1.08,3285364,12080324.02,2021-04-27,0.22,10494913229.60,5609278426.56,0.45,6.99
526,SHSE.600658,电子城,4.81,4.80,4.83,4.70,4.80,-0.21,2.70,3258757,15517869.43,2021-04-27,0.29,5369208216.00,5369208216.00,0.78,10.31
527,SHSE.600660,福耀玻璃,50.56,50.85,51.50,49.86,50.82,0.51,3.24,19611980,995680323.87,2021-04-27,0.98,127487942976.24,101791765392.24,5.66,42.55
528,SHSE.600661,昂立教育,14.04,14.06,14.08,13.69,13.79,-1.78,2.78,379559,5246767.11,2021-04-27,0.13,3951508365.70,3951508365.70,7.68,-32.93
529,SHSE.600662,外服控股,9.34,9.48,9.52,9.23,9.23,-1.18,3.10,16057034,150259867.10,2021-04-27,1.52,9722533022.93,9722533022.93,3.02,166.50
530,SHSE.600663,陆家嘴,11.03,11.05,11.05,10.83,10.96,-0.63,1.99,3221775,35174935.80,2021-04-27,0.11,44214803942.40,32150737382.40,2.09,11.02
531,SHSE.600664,哈药股份,2.80,2.80,2.81,2.75,2.79,-0.36,2.14,12015253,33377745.41,2021-04-27,0.48,6994404662.04,6994404662.04,1.96,-6.49
532,SHSE.600665,天地源,3.07,3.07,3.22,3.06,3.20,4.23,5.21,10698590,33780477.93,2021-04-27,1.24,2765192067.20,2765192067.20,0.71,9.00
533,SHSE.600666,ST瑞德,1.58,1.57,1.57,1.50,1.50,-5.06,4.43,15924293,24135961.98,2021-04-27,1.98,1840989360.00,1205483298.00,220.50,-2.58
534,SHSE.600667,太极实业,8.47,8.47,8.61,8.29,8.33,-1.65,3.78,14693922,123514480.95,2021-04-27,0.70,17544564182.74,17544564182.74,2.32,21.06
535,SHSE.600668,尖峰集团,13.88,13.70,13.70,12.94,13.02,-6.20,5.48,9457670,124263387.14,2021-04-27,2.75,4479971440.56,4479971440.56,0.99,7.67
536,SHSE.600671,*ST目药,8.72,8.77,8.78,8.62,8.74,0.23,1.83,222000,1938625.90,2021-04-27,0.18,1064347454.90,1063837458.42,15.25,22.06
537,SHSE.600673,东阳光,4.85,4.82,4.85,4.79,4.85,0.00,1.24,8805406,42397182.98,2021-04-27,0.36,14617401706.15,11918468458.45,2.09,35.16
538,SHSE.600674,川投能源,11.40,11.41,11.59,11.41,11.48,0.70,1.58,9138229,105070580.42,2021-04-27,0.21,50565871564.60,50565871564.60,1.76,15.40
539,SHSE.600675,中华企业,3.34,3.34,3.35,3.31,3.31,-0.90,1.20,4579094,15210388.90,2021-04-27,0.20,20178207684.12,7415959930.18,1.28,14.64
540,SHSE.600676,交运股份,4.59,4.62,4.62,4.53,4.58,-0.22,1.96,1527446,6968305.01,2021-04-27,0.15,4710497683.52,4710497683.52,0.84,-23.01
541,SHSE.600678,四川金顶,5.50,5.51,5.54,5.40,5.41,-1.64,2.55,2857200,15531403.23,2021-04-27,0.82,1888035900.00,1888035900.00,10.17,49.38
542,SHSE.600679,上海凤凰,12.32,12.25,12.30,12.11,12.16,-1.30,1.54,762550,9301462.50,2021-04-27,0.33,5663401367.04,2804083195.52,2.95,99.85
543,SHSE.600681,百川能源,4.85,4.87,4.88,4.78,4.79,-1.24,2.06,2425240,11669053.20,2021-04-27,0.17,6910726084.90,6900910024.12,1.80,13.62
544,SHSE.600682,南京新百,9.18,9.12,9.33,9.07,9.23,0.54,2.83,4879151,44823181.60,2021-04-27,0.42,12424800399.83,10753229438.25,0.76,13.33
545,SHSE.600683,京投发展,4.51,4.52,4.58,4.50,4.54,0.67,1.77,4545853,20585660.94,2021-04-27,0.61,3363130290.38,3363130290.38,0.98,6.77
546,SHSE.600684,珠江股份,3.00,2.98,3.06,2.97,3.04,1.33,3.00,4897900,14765034.71,2021-04-27,0.57,2594520597.92,2594520597.92,1.05,16.23
547,SHSE.600685,中船防务,23.73,23.67,23.96,23.30,23.84,0.46,2.78,9864445,232471940.47,2021-04-27,1.20,33697992051.52,19583014715.04,2.39,9.20
548,SHSE.600686,金龙汽车,6.89,6.90,6.91,6.48,6.50,-5.66,6.24,16617334,109740362.00,2021-04-27,2.46,4660808210.50,4384742186.50,1.11,-46.07
549,SHSE.600688,上海石化,3.55,3.56,3.58,3.53,3.57,0.56,1.41,20501536,72919981.38,2021-04-27,0.28,38641014195.00,26163864195.00,1.27,61.52
550,SHSE.600689,上海三毛,6.99,6.99,7.00,6.71,6.73,-3.72,4.15,3604928,24630959.80,2021-04-27,2.37,1352671738.39,1024333882.39,3.15,-38.21
551,SHSE.600690,海尔智家,32.47,32.50,32.85,32.05,32.50,0.09,2.46,22422162,727288599.84,2021-04-27,0.36,303817416305.00,205027961255.00,4.08,34.23
552,SHSE.600691,阳煤化工,3.07,3.04,3.06,2.98,3.05,-0.65,2.61,22920624,69372471.68,2021-04-27,1.30,7246744953.60,5356992263.30,1.28,56.20
553,SHSE.600692,亚通股份,7.23,7.22,7.27,7.08,7.15,-1.11,2.63,3030136,21672773.55,2021-04-27,1.19,2515113057.60,1823325196.55,2.84,42.87
554,SHSE.600693,东百集团,4.20,4.20,4.33,4.20,4.29,2.14,3.10,3694746,15823265.10,2021-04-27,0.41,3853403044.92,3849192178.26,1.14,18.83
555,SHSE.600694,大商股份,19.51,19.60,19.75,19.40,19.70,0.97,1.79,1022280,20030137.54,2021-04-27,0.35,5786257464.10,5786257464.10,0.64,11.59
556,SHSE.600695,退市绿庭,3.05,3.05,3.08,2.90,2.90,-4.92,5.90,19869712,59249018.29,2021-04-27,5.42,2062283090.00,1062754740.80,3.08,1905.80
557,SHSE.600696,岩石股份,21.75,20.66,21.00,20.66,20.66,-5.01,1.56,3094100,64009786.74,2021-04-27,0.93,6910138444.46,6910138444.46,16.17,447.84
558,SHSE.600697,欧亚集团,13.07,13.12,13.13,13.01,13.06,-0.08,0.92,710109,9267623.45,2021-04-27,0.46,2077690259.50,2026337555.90,0.78,36.67
559,SHSE.600698,湖南天雁,2.80,2.80,2.80,2.66,2.66,-5.00,5.00,9091400,24501212.00,2021-04-27,1.23,2831330685.12,1961950109.14,3.61,202.24
560,SHSE.600699,均胜电子,18.67,18.67,18.73,18.14,18.25,-2.25,3.16,17166130,314090640.80,2021-04-27,1.39,24967544388.00,22580050936.25,1.63,40.52
561,SHSE.600702,舍得酒业,115.53,116.08,117.00,109.75,109.75,-5.00,6.28,10790243,1194383826.15,2021-04-27,3.25,36895656225.00,36383994042.50,9.50,71.52
562,SHSE.600703,三安光电,24.99,24.85,25.15,24.38,24.42,-2.28,3.08,46305877,1140713313.29,2021-04-27,1.14,109385514741.36,99595136741.76,3.61,100.86
563,SHSE.600704,物产中大,4.81,4.77,4.77,4.51,4.55,-5.41,5.41,71129629,326526554.65,2021-04-27,1.41,23032928282.00,23032928282.00,0.89,7.53
564,SHSE.600705,中航产融,3.91,3.91,3.92,3.89,3.90,-0.26,0.77,16615289,64774746.98,2021-04-27,0.19,34787901045.30,34659468292.80,1.03,10.63
565,SHSE.600706,曲江文旅,7.25,7.25,7.29,6.97,7.00,-3.45,4.41,4398440,31176524.20,2021-04-27,2.06,1507881270.00,1494432870.00,1.57,-16.36
566,SHSE.600707,彩虹股份,11.02,10.94,11.46,10.80,11.41,3.54,5.99,112586536,1257435908.23,2021-04-27,4.55,40943526842.12,28238724115.49,1.97,-50.71
567,SHSE.600708,光明地产,2.50,2.49,2.50,2.46,2.47,-1.20,1.60,3468102,8572151.92,2021-04-27,0.16,5504732755.21,5496436094.37,0.50,51.52
568,SHSE.600710,苏美达,6.47,6.40,6.42,5.91,6.08,-6.03,7.88,46298071,284232829.60,2021-04-27,3.54,7945036558.72,7945036558.72,1.49,14.55
569,SHSE.600711,盛屯矿业,7.06,7.06,7.19,6.91,7.17,1.56,3.97,94306894,666103842.52,2021-04-27,3.84,19179751197.39,17594349921.93,1.71,49.66
570,SHSE.600712,南宁百货,4.12,4.10,4.39,4.10,4.26,3.40,7.04,11019896,46972460.27,2021-04-27,2.05,2320231833.60,2293464255.66,2.59,-25.74
571,SHSE.600713,南京医药,4.49,4.47,4.55,4.40,4.55,1.34,3.34,11552400,51887438.00,2021-04-27,1.11,4739331160.20,4739331160.20,1.10,12.59
572,SHSE.600714,金瑞矿业,6.01,5.99,5.99,5.82,5.89,-2.00,2.83,3663402,21581254.72,2021-04-27,1.27,1697358247.97,1697358247.97,2.72,181.29
573,SHSE.600715,文投控股,2.58,2.57,2.84,2.57,2.84,10.08,10.47,22384704,62369126.96,2021-04-27,1.21,5267783940.00,5267783940.00,1.79,-1.60
574,SHSE.600716,凤凰股份,4.06,4.06,4.06,3.98,3.99,-1.72,1.97,1697500,6801842.00,2021-04-27,0.18,3734881754.10,3734881754.10,0.68,64.94
575,SHSE.600717,天津港,4.75,4.77,4.80,4.73,4.75,0.00,1.47,5897147,28082714.67,2021-04-27,0.24,11455420777.00,11455420777.00,0.67,16.69
576,SHSE.600718,东软集团,9.31,9.27,9.37,9.24,9.26,-0.54,1.40,5393468,50069148.10,2021-04-27,0.43,11504348931.70,11504348931.70,1.38,160.99
577,SHSE.600719,大连热电,3.40,3.43,3.45,3.33,3.41,0.29,3.53,3178260,10717526.40,2021-04-27,0.79,1379684636.00,1379684636.00,1.75,142.85
578,SHSE.600720,中交设计,13.60,13.66,13.68,13.10,13.30,-2.21,4.26,17145443,227725375.73,2021-04-27,2.21,10324660750.60,10322963737.10,1.31,7.02
579,SHSE.600721,百花医药,3.61,3.59,3.61,3.51,3.52,-2.49,2.77,2447242,8704973.42,2021-04-27,0.68,1320472929.60,1270063703.04,2.13,-4.12
580,SHSE.600722,金牛化工,5.80,5.78,6.15,5.53,5.98,3.10,10.69,43142793,250873974.58,2021-04-27,6.34,4068311662.48,4068311662.48,3.99,247.53
581,SHSE.600723,首商股份,8.29,8.30,8.33,8.07,8.14,-1.81,3.14,2743001,22385615.09,2021-04-27,0.42,5359437489.56,5356686169.56,1.35,-157.51
582,SHSE.600724,宁波富达,3.72,3.71,3.71,3.60,3.62,-2.69,2.96,6190700,22496497.00,2021-04-27,0.43,5231772677.02,5230692443.68,1.72,11.11
583,SHSE.600725,云维股份,1.89,1.88,1.90,1.86,1.88,-0.53,2.12,2561880,4805202.60,2021-04-27,0.21,2317043600.00,2317043600.00,7.22,179.37
584,SHSE.600726,华电能源,2.17,2.18,2.18,2.12,2.14,-1.38,2.76,7047600,15084125.00,2021-04-27,0.46,4208684827.42,3284204823.14,6.58,-3.30
585,SHSE.600727,鲁北化工,6.99,6.94,6.99,6.75,6.86,-1.86,3.43,8710792,59663767.02,2021-04-27,1.98,3626080306.10,3015779733.82,1.30,15.71
586,SHSE.600728,佳都科技,6.36,6.36,6.42,6.31,6.34,-0.31,1.73,7133795,45249884.79,2021-04-27,0.41,11128936098.98,10966505932.98,2.04,74.66
587,SHSE.600729,重庆百货,30.95,30.89,31.47,30.86,31.35,1.29,1.97,2360105,73717153.30,2021-04-27,0.58,12744667377.75,12741469677.75,1.94,12.33
588,SHSE.600730,中国高科,4.59,4.58,4.70,4.48,4.70,2.40,4.79,9234432,42533304.20,2021-04-27,1.57,2757283209.40,2757283209.40,1.44,-42.62
589,SHSE.600731,湖南海利,10.16,10.20,10.20,9.99,10.08,-0.79,2.07,3715449,37377603.07,2021-04-27,1.05,3580644795.84,3574753801.92,2.35,12.38
590,SHSE.600732,爱旭股份,12.05,12.09,12.12,11.73,11.82,-1.91,3.24,12348212,146330562.58,2021-04-27,1.89,24069410990.34,7716380117.34,4.42,29.14
591,SHSE.600733,北汽蓝谷,14.50,14.12,14.13,13.05,13.05,-10.00,7.45,285596896,3828132494.27,2021-04-27,15.65,45592254347.85,23811717982.95,4.53,-18.39
592,SHSE.600734,ST实达,1.88,1.87,1.87,1.80,1.82,-3.19,3.72,4876189,8962573.25,2021-04-27,0.91,1132717615.12,973597736.02,-0.99,-0.36
593,SHSE.600735,新华锦,6.80,6.51,6.99,6.35,6.65,-2.21,9.41,56178146,372565416.45,2021-04-27,14.94,2500348768.40,2500348768.40,2.63,53.42
594,SHSE.600736,苏州高新,4.48,4.46,4.47,4.40,4.41,-1.56,1.56,3641671,16097797.40,2021-04-27,0.32,5077201719.87,5077201719.87,0.73,23.01
595,SHSE.600737,中粮糖业,9.30,9.33,10.06,9.23,9.95,6.99,8.92,75680802,728684788.83,2021-04-27,3.58,21281539868.60,21005432662.00,2.26,35.62
596,SHSE.600738,丽尚国潮,6.10,6.11,6.13,6.05,6.08,-0.33,1.31,3354300,20409728.00,2021-04-27,0.43,4702664014.08,4698596250.88,2.72,54.26
597,SHSE.600739,辽宁成大,22.00,22.10,22.81,22.00,22.06,0.27,3.68,15032167,335691800.53,2021-04-27,0.98,33745398540.96,33745398540.96,1.38,12.63
598,SHSE.600740,山西焦化,6.79,6.53,6.55,6.25,6.50,-4.27,4.42,57527052,369709813.54,2021-04-27,2.92,12810605769.00,12810605769.00,1.08,11.67
599,SHSE.600741,华域汽车,25.68,25.82,25.82,24.96,25.12,-2.18,3.35,11110355,279725267.68,2021-04-27,0.35,79196426478.08,79196426478.08,1.47,14.66
600,SHSE.600742,一汽富维,9.66,9.75,9.98,9.66,9.91,2.59,3.31,11276713,110736697.51,2021-04-27,1.69,6630988792.88,6630988792.88,1.02,7.84
601,SHSE.600743,华远地产,2.05,2.05,2.06,2.02,2.05,0.00,1.95,8406070,17118741.80,2021-04-27,0.36,4809506791.70,4809506791.70,0.57,11.62
602,SHSE.600744,华银电力,5.22,5.20,5.23,4.77,4.89,-6.32,8.81,94359014,465696651.00,2021-04-27,11.40,8709697699.86,4047132225.78,2.97,251.42
603,SHSE.600745,闻泰科技,94.94,95.50,95.58,85.45,85.45,-10.00,10.67,34886171,3078801528.82,2021-04-27,4.04,106392005847.90,73852920911.45,3.56,35.68
604,SHSE.600746,江苏索普,13.83,13.82,14.34,13.55,14.20,2.68,5.71,17465427,243451021.32,2021-04-27,5.73,16583368952.80,4326199732.60,3.70,22.75
605,SHSE.600748,上实发展,4.82,4.82,4.84,4.77,4.78,-0.83,1.45,4104146,19692465.91,2021-04-27,0.22,8817010623.76,8817010623.76,0.78,11.71
606,SHSE.600749,西藏旅游,11.11,11.03,11.10,10.47,10.61,-4.50,5.67,3891264,41483658.56,2021-04-27,1.71,2408104135.37,2408104135.37,2.36,507.72
607,SHSE.600750,江中药业,10.80,10.80,10.95,10.74,10.81,0.09,1.94,6434113,69876361.66,2021-04-27,1.02,6810300000.00,6810300000.00,1.69,13.58
608,SHSE.600751,海航科技,1.92,1.91,1.93,1.86,1.88,-2.08,3.65,19641634,37025587.26,2021-04-27,0.76,5450755032.04,4837595417.76,1.31,-0.56
609,SHSE.600753,庚星股份,22.00,22.66,22.66,21.74,22.20,0.91,4.18,1871802,41371688.06,2021-04-27,1.04,3978240000.00,3978240000.00,17.65,265.93
610,SHSE.600754,锦江酒店,60.28,60.27,60.29,57.77,59.00,-2.12,4.18,5065623,297904697.75,2021-04-27,0.63,63132599717.00,47314249960.00,3.75,572.83
611,SHSE.600755,厦门国贸,6.96,7.02,7.03,6.88,6.90,-0.86,2.16,18578401,128985309.31,2021-04-27,1.00,13429168739.10,12765585844.50,0.83,5.64
612,SHSE.600756,浪潮软件,12.60,12.62,12.64,12.30,12.39,-1.67,2.70,2312765,28670495.55,2021-04-27,0.71,4015583549.67,4015583549.67,1.90,-46.58
613,SHSE.600757,长江传媒,5.51,5.51,5.52,5.47,5.52,0.18,0.91,5157636,28332718.49,2021-04-27,0.42,6699349506.96,6698504008.56,0.82,8.20
614,SHSE.600759,ST洲际,1.93,1.94,1.95,1.90,1.91,-1.04,2.59,25557628,48889548.00,2021-04-27,1.13,4323299359.38,4313131474.38,0.82,-25.51
615,SHSE.600760,中航沈飞,63.37,62.96,62.96,60.89,61.69,-2.65,3.27,9266172,572366396.31,2021-04-27,0.66,86390014991.65,86259537125.32,8.22,58.36
616,SHSE.600761,安徽合力,12.45,12.49,12.58,12.33,12.48,0.24,2.01,4035980,50205003.99,2021-04-27,0.55,9237456408.96,9237456408.96,1.64,11.04
617,SHSE.600763,通策医疗,286.00,286.01,302.99,286.00,300.19,4.96,5.94,3604369,1062341405.41,2021-04-27,1.12,96252921600.00,96252921600.00,41.59,142.36
618,SHSE.600764,中国海防,27.80,27.77,28.25,27.25,27.50,-1.08,3.60,2055432,56500982.20,2021-04-27,0.41,19542308115.00,13641695732.50,2.84,27.24
619,SHSE.600765,中航重机,18.39,18.29,18.77,18.13,18.54,0.82,3.48,14327134,265593662.89,2021-04-27,1.67,17421682773.60,15896236769.46,2.58,50.67
620,SHSE.600766,*ST园城,4.75,4.51,4.51,4.51,4.51,-5.05,0.00,167400,754974.00,2021-04-27,0.07,1011262967.22,1009933644.72,17.54,-65.56
621,SHSE.600767,退市运盛,3.58,3.60,3.66,3.58,3.59,0.28,2.23,2104267,7620109.56,2021-04-27,0.62,1224226553.38,1223867553.38,5.43,101.55
622,SHSE.600768,宁波富邦,8.13,8.01,8.15,7.97,8.02,-1.35,2.21,1053069,8465073.14,2021-04-27,0.79,1072652544.00,1072652544.00,4.75,-176.83
623,SHSE.600769,祥龙电业,6.34,6.18,6.18,5.71,5.71,-9.94,7.41,43814321,251650796.63,2021-04-27,11.68,2141119812.00,2141119812.00,34.08,302.73
624,SHSE.600770,综艺股份,5.19,5.18,5.19,5.06,5.11,-1.54,2.50,6316704,32261704.17,2021-04-27,0.49,6643000000.00,6643000000.00,1.80,39.43
625,SHSE.600771,广誉远,17.65,17.58,17.95,17.50,17.88,1.30,2.55,7823317,138907380.53,2021-04-27,1.59,8796954582.36,8796954582.36,3.64,-177.34
626,SHSE.600773,西藏城投,9.65,9.65,9.80,9.43,9.49,-1.66,3.83,19983030,191781928.78,2021-04-27,2.68,7778580460.56,7080533546.06,2.15,68.45
627,SHSE.600774,汉商集团,15.39,15.33,16.93,14.90,16.58,7.73,13.19,6165941,101563159.11,2021-04-27,2.72,3762797873.16,3759643179.98,5.49,82.72
628,SHSE.600775,南京熊猫,6.71,6.68,6.75,6.60,6.69,-0.30,2.24,2333616,15531673.40,2021-04-27,0.35,6113579759.01,4494599759.01,1.75,79.07
629,SHSE.600776,东方通信,11.25,11.26,11.38,11.10,11.15,-0.89,2.49,6318435,70776908.98,2021-04-27,0.66,14004400713.60,10659400713.60,4.39,135.25
630,SHSE.600777,新潮能源,1.51,1.51,1.52,1.48,1.49,-1.32,2.65,38013800,56768653.20,2021-04-27,0.61,10132738779.25,9285796692.33,0.81,60.01
631,SHSE.600778,友好集团,3.48,3.49,3.49,3.40,3.41,-2.01,2.59,3270301,11201641.43,2021-04-27,1.05,1062185510.32,1061242747.62,1.52,-3.70
632,SHSE.600779,水井坊,106.30,105.99,109.76,104.30,108.68,2.24,5.14,7548697,811895645.18,2021-04-27,1.55,53083180790.64,53068824162.64,20.77,72.58
633,SHSE.600780,通宝能源,3.87,3.85,3.92,3.79,3.89,0.52,3.36,13197960,50874620.00,2021-04-27,1.15,4459894814.47,4459894814.47,0.77,14.87
634,SHSE.600781,退市辅仁,3.00,2.98,3.13,2.93,3.02,0.67,6.67,11351472,34297526.46,2021-04-27,3.03,1894015686.24,1130274930.44,0.48,155.75
635,SHSE.600782,新钢股份,6.76,6.82,6.95,6.67,6.85,1.33,4.14,50601589,343121372.55,2021-04-27,1.59,21842750467.60,21842750467.60,0.89,8.09
636,SHSE.600783,鲁信创投,12.80,12.77,12.93,12.73,12.92,0.94,1.56,2822444,36221430.23,2021-04-27,0.38,9617122078.48,9617122078.48,2.61,15.79
637,SHSE.600784,鲁银投资,5.19,5.20,5.24,5.18,5.22,0.58,1.16,2716731,14137524.82,2021-04-27,0.48,2965888356.12,2965888356.12,1.74,17.09
638,SHSE.600785,新华百货,12.40,12.25,12.31,11.67,11.73,-5.40,5.16,1553026,18450196.31,2021-04-27,0.69,2646654914.40,2646654914.40,1.33,68.32
639,SHSE.600787,中储股份,5.42,5.44,5.59,5.37,5.38,-0.74,4.06,16441205,89714682.41,2021-04-27,0.75,11834929557.54,11834929557.54,1.00,20.88
640,SHSE.600789,鲁抗医药,7.84,7.76,7.95,7.68,7.85,0.13,3.44,37465027,292983996.09,2021-04-27,4.26,6909803419.75,6909803419.75,2.12,25.61
641,SHSE.600790,轻纺城,3.17,3.18,3.18,3.14,3.18,0.32,1.26,4742392,15009134.58,2021-04-27,0.32,4661215151.04,4661215151.04,0.80,11.73
642,SHSE.600791,京能置业,3.58,3.58,3.59,3.49,3.54,-1.12,2.79,6206743,21892453.50,2021-04-27,1.37,1603195200.00,1601190483.84,1.04,-21.75
643,SHSE.600792,云煤能源,4.02,4.00,4.06,3.84,3.95,-1.74,5.47,18054700,70715799.00,2021-04-27,1.82,3910198220.00,3910198220.00,1.13,66.24
644,SHSE.600793,宜宾纸业,11.30,11.30,11.40,11.05,11.08,-1.95,3.10,3219080,35768329.40,2021-04-27,1.82,1960096342.16,1960096342.16,3.21,-18.93
645,SHSE.600794,保税科技,3.44,3.45,3.46,3.38,3.41,-0.87,2.33,5748825,19577808.75,2021-04-27,0.47,4133438855.37,4133438855.37,1.87,19.43
646,SHSE.600795,国电电力,2.25,2.25,2.29,2.25,2.27,0.89,1.78,62104290,141284732.34,2021-04-27,0.32,44606403108.15,44606403108.15,0.86,16.94
647,SHSE.600796,钱江生化,4.74,4.70,4.76,4.58,4.68,-1.27,3.80,2225466,10369485.56,2021-04-27,0.74,1410562033.92,1410562033.92,2.37,66.83
648,SHSE.600797,浙大网新,6.45,6.36,6.36,6.01,6.05,-6.20,5.43,17482208,106383710.13,2021-04-27,1.70,6216538967.10,6216538967.10,1.56,112.78
649,SHSE.600798,宁波海运,4.96,4.99,5.30,4.86,5.26,6.05,8.87,82608687,421420199.30,2021-04-27,8.01,6346369897.26,5422275986.48,1.72,38.18
650,SHSE.600800,渤海化学,4.89,4.89,4.89,4.71,4.74,-3.07,3.68,6629785,31500371.31,2021-04-27,1.08,5620633129.20,2897424762.78,1.98,15.16
651,SHSE.600801,华新水泥,22.45,22.44,22.60,22.09,22.41,-0.18,2.27,7705773,172451143.90,2021-04-27,0.57,46984802750.55,30519727550.55,1.93,8.34
652,SHSE.600802,福建水泥,7.61,7.63,7.69,7.41,7.44,-2.23,3.68,6459260,48337638.16,2021-04-27,1.41,3409368096.00,3409368096.00,1.92,12.27
653,SHSE.600803,新奥股份,16.80,16.62,17.27,16.62,17.11,1.85,3.87,4978775,84908254.31,2021-04-27,0.41,48692555421.09,21034277447.13,4.19,23.11
654,SHSE.600804,ST鹏博士,5.97,6.00,6.18,5.97,6.16,3.18,3.52,36106220,220507157.93,2021-04-27,2.52,8823548881.84,8823324411.44,9.54,-2.16
655,SHSE.600805,悦达投资,3.64,3.64,3.68,3.56,3.59,-1.37,3.30,5904869,21257130.39,2021-04-27,0.69,3054711233.46,3052488571.12,0.66,-2.29
656,SHSE.600807,济南高新,3.26,3.26,3.32,3.21,3.28,0.61,3.37,6155202,20104803.56,2021-04-27,0.78,2901601917.68,2581420561.92,6.89,-3.52
657,SHSE.600808,马钢股份,3.94,3.96,4.01,3.85,3.89,-1.27,4.06,45912246,179080555.74,2021-04-27,0.77,29955649813.54,23214552113.54,1.00,15.11
658,SHSE.600809,山西汾酒,391.48,401.00,410.05,376.35,406.28,3.78,8.61,8398308,3323365616.23,2021-04-27,0.97,354084503910.48,351776833510.48,29.59,87.79
659,SHSE.600810,神马股份,11.16,11.26,11.39,11.11,11.30,1.25,2.51,13770601,155093253.50,2021-04-27,2.40,10389842630.00,6497093200.00,1.81,15.67
660,SHSE.600811,东方集团,3.30,3.28,3.34,3.26,3.30,0.00,2.42,16492220,54376678.32,2021-04-27,0.44,12258101209.20,12258101209.20,0.58,20.87
661,SHSE.600812,华北制药,10.29,10.10,10.48,10.03,10.24,-0.49,4.37,25088060,256387354.47,2021-04-27,1.54,17569078988.80,16699440424.96,2.89,92.47
662,SHSE.600814,杭州解百,6.37,6.38,6.50,6.10,6.50,2.04,6.28,25678833,162229875.13,2021-04-27,3.59,4647673927.00,4647673927.00,1.60,17.42
663,SHSE.600815,厦工股份,2.90,2.87,2.87,2.76,2.78,-4.14,3.79,10488672,29340154.33,2021-04-27,0.59,4931982654.40,4931982654.40,3.56,133.74
664,SHSE.600816,建元信托,2.11,2.11,2.12,2.02,2.03,-3.79,4.74,18666760,38265686.80,2021-04-27,0.35,11102349975.57,10686509755.60,67.02,-1.49
665,SHSE.600817,宇通重工,16.55,16.77,16.77,15.70,16.53,-0.12,6.47,2875670,46521552.63,2021-04-27,1.85,8915841822.63,2573375093.22,4.81,28.25
666,SHSE.600818,中路股份,10.28,10.18,10.19,9.66,9.81,-4.57,5.16,9966882,98696705.42,2021-04-27,4.19,3153403997.10,2334367097.10,4.88,32.80
667,SHSE.600819,耀皮玻璃,5.28,5.28,5.28,5.00,5.14,-2.65,5.30,10583900,53894825.00,2021-04-27,1.42,4805468594.66,3841718584.38,1.38,26.80
668,SHSE.600820,隧道股份,5.40,5.39,5.43,5.34,5.34,-1.11,1.67,12047621,64659413.28,2021-04-27,0.38,16789473141.96,16789473141.96,0.72,7.41
669,SHSE.600821,金开新能,4.65,4.68,4.75,4.62,4.69,0.86,2.80,5437727,25451476.11,2021-04-27,1.00,5728825680.97,2537987365.48,1.78,-271.75
670,SHSE.600822,上海物贸,10.05,9.97,10.05,9.80,9.89,-1.59,2.49,1835200,18119243.00,2021-04-27,0.46,4905172119.46,3917902810.12,6.15,42.83
671,SHSE.600823,ST世茂,4.26,4.27,4.28,4.23,4.24,-0.47,1.17,6671262,28416214.37,2021-04-27,0.18,15904953426.64,15904953426.64,0.60,10.26
672,SHSE.600824,益民集团,3.74,3.78,3.83,3.76,3.80,1.60,1.87,4385718,16642044.35,2021-04-27,0.42,4005302877.40,4005302877.40,1.50,18.75
673,SHSE.600825,新华传媒,4.33,4.34,4.48,4.27,4.42,2.08,4.85,8543521,37514495.59,2021-04-27,0.82,4618404297.00,4618404297.00,1.92,-15.85
674,SHSE.600826,兰生股份,8.30,8.30,8.30,8.14,8.20,-1.20,1.93,1280357,10484659.64,2021-04-27,0.30,4394551339.00,3449266761.60,1.23,31.76
675,SHSE.600827,百联股份,19.77,19.85,20.65,19.28,20.43,3.34,6.93,28247724,565567294.68,2021-04-27,1.76,36450554630.31,32778911865.60,2.06,53.82
676,SHSE.600828,茂业商业,3.66,3.75,3.87,3.70,3.79,3.55,4.64,11192968,42589529.13,2021-04-27,0.65,6564213849.34,6561855085.99,0.97,18.82
677,SHSE.600829,人民同泰,6.18,6.18,6.27,6.06,6.23,0.81,3.40,2232768,13804023.78,2021-04-27,0.39,3612705959.31,3612705959.31,1.78,26.37
678,SHSE.600830,香溢融通,4.76,4.78,4.78,4.60,4.68,-1.68,3.78,4182507,19515849.64,2021-04-27,0.92,2126230455.96,2126230455.96,1.01,-262.15
679,SHSE.600831,广电网络,5.78,5.76,5.78,5.65,5.69,-1.56,2.25,5739267,32653692.69,2021-04-27,0.81,4042634392.09,4042634392.09,1.08,66.27
680,SHSE.600833,第一医药,9.56,9.56,9.58,9.35,9.52,-0.42,2.41,1245280,11738642.94,2021-04-27,0.56,2123782023.44,2123782023.44,2.87,30.99
681,SHSE.600834,申通地铁,10.04,10.08,10.10,9.86,9.87,-1.69,2.39,4086139,40559335.28,2021-04-27,0.86,4711759402.35,4711759402.35,3.04,63.83
682,SHSE.600835,上海机电,18.70,18.60,18.70,18.16,18.33,-1.98,2.89,7296945,133813738.70,2021-04-27,0.90,18746811515.64,14783223819.00,1.54,16.59
683,SHSE.600836,上海易连,5.76,5.79,5.79,5.47,5.52,-4.17,5.56,18409646,102283318.44,2021-04-27,2.78,3658396957.44,3658396957.44,3.59,19.64
684,SHSE.600837,海通证券,10.74,10.73,10.76,10.66,10.69,-0.47,0.93,28120508,301267460.70,2021-04-27,0.33,139656298000.00,90679828407.95,0.89,12.84
685,SHSE.600838,上海九百,6.47,6.47,6.48,6.40,6.47,0.00,1.24,1456920,9377865.20,2021-04-27,0.36,2593706417.07,2593706417.07,1.94,48.59
686,SHSE.600839,四川长虹,2.59,2.59,2.59,2.56,2.57,-0.77,1.16,19732923,50694493.74,2021-04-27,0.43,11863747650.54,11860443681.67,0.91,261.51
687,SHSE.600841,动力新科,8.87,8.90,8.95,8.70,8.81,-0.68,2.82,2631500,23090492.00,2021-04-27,0.50,7635537402.30,4597873189.30,1.89,37.55
688,SHSE.600843,上工申贝,5.63,5.64,5.66,5.52,5.54,-1.60,2.49,1334600,7423009.00,2021-04-27,0.44,3039186384.00,1687738009.00,1.29,67.19
689,SHSE.600844,丹化科技,4.27,4.20,4.27,4.11,4.15,-2.81,3.75,13903707,57679251.98,2021-04-27,1.69,4218575596.00,3414332131.10,3.24,-11.49
690,SHSE.600845,宝信软件,63.00,62.99,64.45,62.88,63.88,1.40,2.49,3267380,208716083.11,2021-04-27,0.39,73822335645.48,53635840553.24,9.54,51.90
691,SHSE.600846,同济科技,10.00,10.04,10.14,9.69,9.73,-2.70,4.50,11026892,108893622.41,2021-04-27,1.76,6078929550.68,6078929550.68,1.96,8.79
692,SHSE.600847,万里股份,8.77,8.70,8.75,8.43,8.53,-2.74,3.65,1565752,13393532.54,2021-04-27,1.02,1307541522.00,1307541522.00,1.88,325.03
693,SHSE.600848,上海临港,20.17,20.16,20.27,19.66,19.98,-0.94,3.02,4536136,90196915.99,2021-04-27,0.37,41999322875.76,24267352855.50,2.82,29.69
694,SHSE.600850,电科数字,26.81,27.20,27.20,26.00,26.20,-2.28,4.48,2887336,76171783.58,2021-04-27,0.68,11183528373.60,11183528373.60,4.00,35.23
695,SHSE.600851,海欣股份,8.30,8.29,8.29,7.72,7.76,-6.51,6.87,5939137,47081518.61,2021-04-27,0.80,9366759929.92,5728479413.60,2.36,78.45
696,SHSE.600853,龙建股份,2.60,2.61,2.63,2.53,2.63,1.15,3.85,7290328,18831077.06,2021-04-27,0.73,2642891065.98,2642891065.98,1.39,10.22
697,SHSE.600854,春兰股份,3.57,3.56,3.57,3.45,3.50,-1.96,3.36,2973020,10396681.80,2021-04-27,0.57,1818104883.00,1818104883.00,0.87,45.64
698,SHSE.600855,航天长峰,14.17,14.00,15.59,13.63,15.17,7.06,13.83,27861520,410957608.45,2021-04-27,8.12,6813054844.17,5207218353.29,3.92,46.45
699,SHSE.600856,退市中天,1.34,1.34,1.40,1.32,1.37,2.24,5.97,11237600,15147456.00,2021-04-27,0.83,1872316499.23,1865466499.23,-45.76,-0.57
700,SHSE.600857,宁波中百,10.16,10.17,10.35,10.17,10.26,0.98,1.77,870101,8915868.22,2021-04-27,0.39,2301522368.94,2301522368.94,4.48,61.05
701,SHSE.600858,银座股份,6.77,6.76,6.80,6.58,6.68,-1.33,3.25,900336,6009539.12,2021-04-27,0.17,3474044814.52,3457220833.72,1.53,-9.00
702,SHSE.600859,王府井,31.90,31.89,32.22,30.46,31.00,-2.82,5.52,10558829,329311587.14,2021-04-27,1.36,24063760850.00,24063760850.00,2.23,62.22
703,SHSE.600860,京城股份,5.68,5.68,5.85,5.40,5.48,-3.52,7.92,8168100,45121001.00,2021-04-27,2.54,2657800000.00,1764560000.00,3.82,16.99
704,SHSE.600861,北京人力,14.91,15.10,15.25,14.66,15.07,1.07,3.96,1741400,26051448.00,2021-04-27,0.55,4774250581.43,4774250581.43,2.12,-64.17
705,SHSE.600862,中航高科,25.50,25.45,25.45,23.98,24.79,-2.78,5.76,17917662,440046098.43,2021-04-27,1.29,34533687362.53,34533687362.53,7.48,71.62
706,SHSE.600863,内蒙华电,2.38,2.37,2.39,2.35,2.36,-0.84,1.68,13935620,32955524.25,2021-04-27,0.24,13708158907.60,13708158907.60,1.17,12.63
707,SHSE.600864,哈投股份,5.26,5.23,5.29,5.16,5.27,0.19,2.47,16573238,86766332.69,2021-04-27,0.80,10964606640.40,10964606640.40,0.83,-154.70
708,SHSE.600865,百大集团,7.50,7.50,7.54,7.28,7.39,-1.47,3.47,4373552,32288862.27,2021-04-27,1.16,2780415935.24,2780415935.24,1.24,9.18
709,SHSE.600866,星湖科技,4.06,4.03,4.05,3.89,3.92,-3.45,3.94,10064319,39668468.56,2021-04-27,1.39,2896955130.72,2831624587.12,1.70,19.17
710,SHSE.600867,通化东宝,12.19,12.37,12.98,12.35,12.68,4.02,5.17,40897698,519631375.50,2021-04-27,2.02,25790974395.56,25702341195.56,4.46,26.08
711,SHSE.600868,梅雁吉祥,2.98,2.98,2.98,2.88,2.92,-2.01,3.36,27750926,80989732.70,2021-04-27,1.46,5542594142.68,5542594142.68,2.36,161.73
712,SHSE.600869,远东股份,3.73,4.08,4.08,3.73,3.84,2.95,9.38,40377683,156060975.27,2021-04-27,1.82,8522314544.64,8522314544.64,2.58,-5.67
713,SHSE.600870,退市厦华,2.91,2.86,3.06,2.86,3.06,5.15,6.87,3888977,11633561.62,2021-04-27,0.74,1600990974.90,1600990974.90,157.73,-1953.74
714,SHSE.600871,石化油服,2.02,2.01,2.03,1.99,2.01,-0.50,1.98,21229303,42535745.03,2021-04-27,0.16,38158523466.33,27274450887.51,5.45,483.15
715,SHSE.600872,中炬高新,50.09,50.10,50.39,48.52,49.23,-1.72,3.73,18018184,885067329.53,2021-04-27,2.26,39218449060.62,39218449060.62,8.19,44.07
716,SHSE.600873,梅花生物,5.83,5.83,5.83,5.65,5.73,-1.72,3.09,28210541,161683266.97,2021-04-27,0.91,17763125189.04,17688531361.44,1.87,15.51
717,SHSE.600874,创业环保,6.13,6.15,6.17,6.06,6.08,-0.82,1.79,2956067,18004446.01,2021-04-27,0.27,8677548854.40,6610348854.40,1.28,14.32
718,SHSE.600875,东方电气,11.72,11.62,11.72,11.20,11.31,-3.50,4.44,32048656,364533223.45,2021-04-27,1.60,35282971530.30,22584943162.08,1.12,18.95
719,SHSE.600876,凯盛新能,16.80,16.75,16.78,16.30,16.31,-2.92,2.86,3747931,61421784.86,2021-04-27,1.33,8946694445.92,4583734950.27,5.06,27.33
720,SHSE.600877,电科芯片,16.70,16.79,16.84,15.88,15.88,-4.91,5.75,13856215,223612632.07,2021-04-27,2.02,13055927716.60,10914038795.20,31.84,162.16
721,SHSE.600879,航天电子,6.89,6.89,6.89,6.66,6.77,-1.74,3.34,27196700,183979880.68,2021-04-27,1.00,18409466592.68,18409466592.68,1.44,38.48
722,SHSE.600880,博瑞传播,3.99,4.00,4.01,3.90,3.95,-1.00,2.76,6813710,26937704.20,2021-04-27,0.62,4318661763.40,4317469191.25,1.47,69.30
723,SHSE.600881,亚泰集团,2.92,2.92,2.95,2.91,2.93,0.34,1.37,7606575,22261675.00,2021-04-27,0.23,9519316812.84,9519316812.84,0.67,76.64
724,SHSE.600882,妙可蓝多,72.56,72.19,73.00,71.50,72.00,-0.77,2.07,2812374,202681971.30,2021-04-27,0.69,29902251240.00,29470251240.00,19.41,495.96
725,SHSE.600883,博闻科技,8.29,8.33,8.33,8.12,8.18,-1.33,2.53,750401,6135299.15,2021-04-27,0.32,1931199840.00,1931199840.00,2.74,81.84
726,SHSE.600884,杉杉股份,15.18,14.83,15.15,14.65,14.96,-1.45,3.29,22764433,338369220.25,2021-04-27,1.40,24355018065.84,24355018065.84,1.94,176.48
727,SHSE.600885,宏发股份,53.84,53.03,54.52,53.03,54.12,0.52,2.77,4318663,232929660.81,2021-04-27,0.58,40306495194.24,40306495194.24,7.32,48.44
728,SHSE.600886,国投电力,10.39,10.39,10.43,10.14,10.19,-1.92,2.79,17063147,174425838.87,2021-04-27,0.24,70982249405.93,70982249405.93,1.66,12.60
729,SHSE.600887,伊利股份,39.62,39.59,39.91,39.16,39.73,0.28,1.89,25233315,998009876.81,2021-04-27,0.43,241662684615.09,235608319466.51,7.24,32.98
730,SHSE.600888,新疆众和,5.83,5.86,5.91,5.78,5.91,1.37,2.23,25585783,149751027.50,2021-04-27,2.08,7837328155.05,7267689075.84,1.61,22.32
731,SHSE.600889,南京化纤,4.71,4.80,4.93,4.60,4.64,-1.49,7.01,18140235,86095337.97,2021-04-27,4.95,1699845486.40,1699845486.40,1.12,10.33
732,SHSE.600890,退市中房,2.91,2.92,2.92,2.80,2.87,-1.37,4.12,3485189,9945110.19,2021-04-27,0.60,1662289434.75,1662289434.75,7.44,-32.69
733,SHSE.600891,退市秋林,0.40,0.41,0.42,0.40,0.41,2.50,5.00,6425829,2652386.89,2021-04-27,1.67,253210179.23,157539240.91,-0.11,-0.43
734,SHSE.600892,大晟文化,4.62,4.62,4.97,4.59,4.90,6.06,8.23,6957000,33432678.00,2021-04-27,1.29,2741374521.20,2647761726.40,10.11,117.42
735,SHSE.600893,航发动力,42.93,42.65,42.75,40.84,41.26,-3.89,4.45,31594710,1311170757.92,2021-04-27,1.50,109982418259.88,86981827724.30,3.04,95.97
736,SHSE.600894,广日股份,8.07,8.08,8.08,7.91,7.94,-1.61,2.11,3381115,26960782.81,2021-04-27,0.39,6827978346.30,6827978346.30,0.84,9.58
737,SHSE.600895,张江高科,17.68,17.62,17.79,17.42,17.65,-0.17,2.09,7996984,140695095.29,2021-04-27,0.52,27334370557.50,27334370557.50,2.41,15.00
738,SHSE.600896,退市海医,4.84,4.76,5.04,4.63,4.99,3.10,8.47,45008397,218040255.45,2021-04-27,5.18,5113779040.81,4336804384.25,2.31,-33.21
739,SHSE.600897,厦门空港,17.87,17.86,17.95,17.71,17.74,-0.73,1.34,419600,7457779.00,2021-04-27,0.14,5283149400.00,5283149400.00,1.39,24.29
740,SHSE.600898,ST美讯,5.53,5.53,5.58,5.48,5.50,-0.54,1.81,823293,4545237.27,2021-04-27,0.33,1388881010.00,1388881010.00,195.52,-1.66
741,SHSE.600900,长江电力,20.16,20.11,20.26,20.07,20.12,-0.20,0.94,22683243,456809084.22,2021-04-27,0.10,457566207707.60,457566207707.60,2.61,17.40
742,SHSE.600901,江苏金租,5.63,5.63,5.76,5.62,5.76,2.31,2.49,12554170,71793857.14,2021-04-27,0.42,17203103815.68,17035142469.12,1.27,9.16
743,SHSE.600903,贵州燃气,9.26,9.26,9.31,9.08,9.22,-0.43,2.48,4432340,40608485.80,2021-04-27,0.39,10494065948.94,10494065948.94,3.83,50.85
744,SHSE.600908,无锡银行,5.84,5.84,5.88,5.83,5.85,0.17,0.86,10142253,59326983.14,2021-04-27,0.58,10890686827.80,10161215666.55,0.88,8.30
745,SHSE.600909,华安证券,6.10,6.11,6.13,6.03,6.07,-0.49,1.64,14276394,86725379.54,2021-04-27,0.39,21979753899.97,21979753899.97,1.54,17.34
746,SHSE.600916,中国黄金,17.56,17.50,17.50,16.55,16.69,-4.95,5.41,22194538,373424000.61,2021-04-27,12.33,28039200000.00,3004200000.00,4.50,35.14
747,SHSE.600917,重庆燃气,8.72,8.72,8.78,8.53,8.72,0.00,2.87,10132384,87581145.71,2021-04-27,0.65,13702084800.00,13568320000.00,3.01,32.80
748,SHSE.600918,中泰证券,12.13,12.12,12.17,11.50,11.58,-4.53,5.52,32234674,375819206.67,2021-04-27,4.63,80696686254.48,8069668630.08,2.38,31.96
749,SHSE.600919,江苏银行,6.40,6.40,6.47,6.37,6.46,0.94,1.56,43007953,276750670.01,2021-04-27,0.29,95411666620.56,94673661504.68,0.68,6.33
750,SHSE.600926,杭州银行,16.42,16.40,16.72,16.35,16.72,1.83,2.25,14800210,245175402.46,2021-04-27,0.29,99152951223.04,84291543664.24,1.50,13.89
751,SHSE.600928,西安银行,4.94,4.94,4.95,4.89,4.89,-1.01,1.21,7476787,36704712.37,2021-04-27,0.65,21733333336.05,5651057042.43,0.83,7.88
752,SHSE.600929,雪天盐业,6.02,5.97,6.02,5.89,5.94,-1.33,2.16,4224900,25060130.00,2021-04-27,0.46,5451471465.66,5451471465.66,2.05,36.22
753,SHSE.600933,爱柯迪,14.93,14.89,15.23,14.85,14.99,0.40,2.55,2389396,35931089.75,2021-04-27,0.28,12892741605.00,12806607566.00,2.86,30.27
754,SHSE.600936,广西广电,2.89,2.89,2.90,2.83,2.85,-1.38,2.42,3777700,10791185.00,2021-04-27,0.23,4762424781.15,4762424781.15,1.35,-168.67
755,SHSE.600939,重庆建工,3.51,3.50,3.52,3.48,3.49,-0.57,1.14,1469716,5122358.92,2021-04-27,0.08,6332722525.75,6332722525.75,0.90,27.18
756,SHSE.600956,新天绿能,11.99,11.99,11.99,11.33,11.68,-2.59,5.50,24019064,278550043.48,2021-04-27,17.82,44966953425.28,1573880000.00,3.58,29.77
757,SHSE.600958,东方证券,8.55,8.59,8.63,8.52,8.56,0.12,1.29,24049067,206207413.23,2021-04-27,0.42,59865693673.68,49105088873.68,1.06,19.40
758,SHSE.600959,江苏有线,3.20,3.18,3.18,3.13,3.15,-1.56,1.56,14304087,45073289.92,2021-04-27,0.32,15752260710.90,14260809609.90,0.73,93.43
759,SHSE.600960,渤海汽车,4.21,4.10,4.20,3.84,3.88,-7.84,8.55,55082190,219205524.31,2021-04-27,5.79,3688000209.84,3688000209.84,0.74,52.86
760,SHSE.600961,株冶集团,6.44,6.44,6.66,6.40,6.51,1.09,4.04,6340920,41472671.77,2021-04-27,1.20,3433751020.14,3433751020.14,-2.61,21.61
761,SHSE.600962,国投中鲁,7.15,7.14,7.28,7.10,7.20,0.70,2.52,1196000,8615517.00,2021-04-27,0.47,1887912000.00,1828944000.00,2.69,-15.99
762,SHSE.600963,岳阳林纸,5.12,5.22,5.26,5.13,5.20,1.56,2.54,30432011,157997064.77,2021-04-27,1.69,9386276166.80,9386276166.80,1.08,19.00
763,SHSE.600965,福成股份,5.26,5.28,5.33,5.17,5.23,-0.57,3.04,1624348,8525246.92,2021-04-27,0.20,4281805994.65,4281805994.65,2.06,35.46
764,SHSE.600966,博汇纸业,15.89,15.97,16.45,15.96,16.18,1.83,3.08,12744793,207492670.79,2021-04-27,0.95,21630140579.84,21630140579.84,3.14,25.93
765,SHSE.600967,内蒙一机,10.33,10.30,10.38,10.00,10.14,-1.84,3.68,13715157,139162093.83,2021-04-27,0.81,17132866624.38,17132866624.38,1.73,24.98
766,SHSE.600968,海油发展,2.49,2.48,2.49,2.45,2.47,-0.80,1.61,27147421,66901413.36,2021-04-27,1.46,25107807371.53,4606807371.53,1.27,16.50
767,SHSE.600969,郴电国际,6.21,6.24,6.24,6.11,6.18,-0.48,2.09,1719878,10565727.18,2021-04-27,0.46,2286911991.12,2286911991.12,0.64,74.24
768,SHSE.600970,中材国际,8.43,8.43,8.45,8.26,8.32,-1.30,2.25,10875069,90620816.07,2021-04-27,0.63,14457222898.56,14457222898.56,1.31,12.76
769,SHSE.600971,恒源煤电,6.13,6.12,6.16,5.86,6.03,-1.63,4.89,19701361,118174735.78,2021-04-27,1.64,7236029450.52,7236029450.52,0.76,8.81
770,SHSE.600973,宝胜股份,4.14,4.14,4.21,4.08,4.19,1.21,3.14,8289107,34332738.01,2021-04-27,0.66,5746024579.12,5245726071.97,1.23,26.30
771,SHSE.600975,新五丰,6.89,6.89,6.90,6.76,6.78,-1.60,2.03,5032783,34174362.08,2021-04-27,0.77,4425140459.52,4425140459.52,3.03,15.65
772,SHSE.600976,健民集团,35.03,35.45,36.06,35.12,35.49,1.31,2.68,2156450,76810348.81,2021-04-27,1.41,5444116314.00,5440567314.00,4.04,27.31
773,SHSE.600977,中国电影,14.04,14.01,14.22,13.75,13.90,-1.00,3.35,11135048,155035994.62,2021-04-27,0.60,25951300000.00,25951300000.00,2.36,-69.75
774,SHSE.600979,广安爱众,2.98,2.98,2.98,2.91,2.94,-1.34,2.35,12014670,35263398.90,2021-04-27,0.97,3622843782.60,3622843782.60,0.91,18.67
775,SHSE.600980,北矿科技,15.28,15.38,15.38,14.69,14.90,-2.49,4.52,4901214,73226115.64,2021-04-27,3.22,2296728167.00,2267927212.00,3.36,44.09
776,SHSE.600981,汇鸿集团,3.13,3.12,3.44,3.10,3.29,5.11,10.86,99841594,336435582.89,2021-04-27,4.45,7377605201.68,7377605201.68,1.36,24.16
777,SHSE.600982,宁波能源,3.35,3.33,3.35,3.25,3.31,-1.19,2.99,9931000,32652729.00,2021-04-27,1.33,3699812778.41,2472338300.00,1.04,14.65
778,SHSE.600983,惠而浦,9.58,9.70,10.54,9.50,10.00,4.38,10.86,19367163,193705237.12,2021-04-27,2.53,7664390000.00,7664390000.00,2.17,-114.49
779,SHSE.600984,建设机械,12.20,12.20,12.28,11.75,11.97,-1.89,4.34,14995818,178239069.02,2021-04-27,1.75,11574473674.05,10282892994.36,1.97,20.92
780,SHSE.600985,淮北矿业,11.77,11.69,11.83,11.48,11.67,-0.85,2.97,12534961,145946908.59,2021-04-27,1.78,25964829843.84,8199216815.91,1.14,7.49
781,SHSE.600986,浙文互联,4.32,4.29,4.61,4.26,4.50,4.17,8.10,41338731,184766713.86,2021-04-27,3.14,5958201874.50,5923612377.00,1.61,63.14
782,SHSE.600987,航民股份,5.49,5.50,5.55,5.48,5.54,0.91,1.28,4207436,23211613.67,2021-04-27,0.46,5987736379.14,5103445230.00,1.13,9.54
783,SHSE.600988,赤峰黄金,15.87,15.60,15.85,15.35,15.59,-1.76,3.15,27733059,432246844.87,2021-04-27,1.81,25940378383.02,23932575365.00,7.14,27.48
784,SHSE.600989,宝丰能源,16.50,16.50,16.75,16.16,16.59,0.55,3.58,27716218,455894175.53,2021-04-27,1.39,121660442400.00,33084939300.00,4.43,22.00
785,SHSE.600990,四创电子,44.63,44.79,44.79,42.70,43.63,-2.24,4.68,1699930,73603589.15,2021-04-27,1.07,6944984569.30,6944984569.30,2.75,40.79
786,SHSE.600992,贵绳股份,6.38,6.35,6.40,6.24,6.30,-1.25,2.51,1432800,9014864.00,2021-04-27,0.58,1544067000.00,1544067000.00,1.07,51.15
787,SHSE.600993,马应龙,18.70,18.60,19.22,18.49,19.09,2.09,3.90,5918473,111825895.14,2021-04-27,1.38,8228818779.19,8214560935.44,2.78,19.27
788,SHSE.600995,南网储能,6.66,6.62,6.66,6.54,6.57,-1.35,1.80,2142208,14086032.56,2021-04-27,0.45,3143918448.00,3143918448.00,1.40,28.39
789,SHSE.600996,贵广网络,4.86,4.85,4.86,4.75,4.77,-1.85,2.26,2615616,12526852.32,2021-04-27,0.25,5016619279.35,5016619279.35,1.19,-90.52
790,SHSE.600997,开滦股份,6.89,6.90,6.94,6.68,6.84,-0.73,3.77,30331142,206828126.80,2021-04-27,1.91,10860550980.84,10860550980.84,0.85,7.98
791,SHSE.600998,九州通,17.76,17.80,17.80,16.95,17.07,-3.89,4.79,9448716,162427488.40,2021-04-27,0.50,31986054141.60,31985755416.60,1.58,9.82
792,SHSE.600999,招商证券,18.36,18.35,18.48,18.04,18.32,-0.22,2.40,24784583,452202171.37,2021-04-27,0.33,159320371085.92,135971136583.04,1.72,16.79
793,SHSE.601000,唐山港,2.66,2.67,2.71,2.66,2.70,1.50,1.88,38006291,102237096.51,2021-04-27,0.64,16000007257.80,16000007257.80,0.85,8.68
794,SHSE.601001,晋控煤业,6.18,6.18,6.24,6.00,6.20,0.32,3.88,64950443,397421917.41,2021-04-27,3.88,10376940000.00,10376940000.00,1.31,10.55
795,SHSE.601002,晋亿实业,5.25,5.21,5.29,5.15,5.27,0.38,2.67,9686519,50442810.48,2021-04-27,1.14,5012971560.00,4476937620.60,1.25,9.98
796,SHSE.601003,柳钢股份,7.25,7.36,7.71,7.20,7.70,6.21,7.03,24269895,181809708.77,2021-04-27,0.95,19733507640.00,19733507640.00,1.59,9.40
797,SHSE.601005,重庆钢铁,2.21,2.19,2.21,2.12,2.20,-0.45,4.07,201163048,435482690.44,2021-04-27,2.40,19620924987.40,18437045147.40,0.93,30.73
798,SHSE.601006,大秦铁路,6.69,6.69,6.72,6.66,6.70,0.15,0.90,14503535,97050264.29,2021-04-27,0.10,99607502989.70,99607502989.70,0.83,9.14
799,SHSE.601007,金陵饭店,8.03,8.03,8.06,7.84,7.95,-1.00,2.74,1746338,13832082.62,2021-04-27,0.58,2385000000.00,2385000000.00,1.57,76.80
800,SHSE.601008,连云港,3.83,3.85,3.86,3.73,3.77,-1.57,3.39,11912300,44912348.00,2021-04-27,1.17,4123724819.24,3827360930.77,1.18,90.95
801,SHSE.601009,南京银行,9.49,9.50,9.70,9.45,9.68,2.00,2.63,25301020,243532113.27,2021-04-27,0.30,96867924298.64,82107772704.32,0.96,7.66
802,SHSE.601010,文峰股份,3.08,3.07,3.08,3.03,3.07,-0.32,1.62,4003246,12214124.30,2021-04-27,0.22,5673360000.00,5673360000.00,1.14,21.15
803,SHSE.601011,宝泰隆,3.93,3.96,4.01,3.90,3.95,0.51,2.80,22488183,88734574.99,2021-04-27,1.40,6338989218.15,6338989218.15,1.01,70.14
804,SHSE.601012,隆基绿能,91.48,91.80,93.07,90.01,91.88,0.44,3.34,44338178,4055311101.72,2021-04-27,1.15,355244353488.96,355236487642.16,8.46,38.65
805,SHSE.601015,陕西黑猫,6.74,6.74,6.81,6.41,6.53,-3.12,5.93,34064118,223254502.87,2021-04-27,2.09,10642525258.69,10642525258.69,1.70,38.26
806,SHSE.601016,节能风电,4.01,4.00,4.02,3.75,3.82,-4.74,6.73,151421463,585259122.27,2021-04-27,3.38,19149858640.00,17115287221.42,1.89,24.55
807,SHSE.601018,宁波港,3.96,3.97,3.98,3.92,3.95,-0.25,1.52,9615093,37853544.49,2021-04-27,0.07,62439298611.50,52032748845.55,1.19,18.20
808,SHSE.601019,山东出版,6.36,6.36,6.45,6.33,6.36,0.00,1.89,4176025,26645927.35,2021-04-27,0.20,13272684000.00,13272684000.00,1.14,9.47
809,SHSE.601020,华钰矿业,8.56,8.60,8.69,8.40,8.66,1.17,3.39,16011025,137444871.53,2021-04-27,2.89,4795980475.54,4795980475.54,1.93,43.34
810,SHSE.601021,春秋航空,63.02,62.71,63.69,60.46,61.20,-2.89,5.13,4315419,264999621.71,2021-04-27,0.47,56087518035.60,56087518035.60,4.18,-2077.54
811,SHSE.601028,玉龙股份,17.93,17.95,18.40,17.81,17.98,0.28,3.29,2363052,42753083.20,2021-04-27,0.30,14078803164.80,14078803164.80,6.14,120.09
812,SHSE.601038,一拖股份,11.96,11.79,12.99,11.59,12.55,4.93,11.71,40853462,494711302.92,2021-04-27,6.88,14101748201.25,7453570500.00,2.60,50.34
813,SHSE.601058,赛轮轮胎,10.13,10.15,10.53,10.07,10.25,1.18,4.54,34573955,355333312.44,2021-04-27,1.35,31407791413.00,26228668112.50,3.10,19.39
814,SHSE.601066,中信建投,28.80,28.65,29.14,28.26,29.07,0.94,3.06,19059596,546189866.94,2021-04-27,1.45,225487117748.79,38227050000.00,3.80,24.30
815,SHSE.601068,中铝国际,3.13,3.25,3.35,3.18,3.21,2.56,5.43,12859791,41661870.36,2021-04-27,4.35,9498604001.07,949860401.07,1.51,-5.11
816,SHSE.601069,西部黄金,12.79,12.79,12.79,12.55,12.62,-1.33,1.88,4809753,60733767.08,2021-04-27,0.76,8026320000.00,8026320000.00,4.58,73.76
817,SHSE.601077,渝农商行,4.11,4.11,4.12,4.09,4.11,0.00,0.73,20179665,82815826.50,2021-04-27,0.34,46677270000.00,24144051223.98,0.48,5.56
818,SHSE.601086,国芳集团,3.87,3.89,3.89,3.80,3.82,-1.29,2.33,2430600,9297385.00,2021-04-27,0.36,2544120000.00,2544120000.00,1.35,34.80
819,SHSE.601088,中国神华,19.24,19.22,19.28,18.75,19.10,-0.73,2.75,35943390,684818660.10,2021-04-27,0.22,379488731140.50,314978824940.50,1.02,9.26
820,SHSE.601098,中南传媒,10.52,10.57,10.65,10.34,10.40,-1.14,2.95,5997925,62514704.88,2021-04-27,0.33,18678400000.00,18678400000.00,1.31,12.47
821,SHSE.601099,太平洋,3.49,3.53,3.83,3.53,3.70,6.02,8.60,498329216,1826568132.04,2021-04-27,7.31,25220370569.00,25220370569.00,2.62,156.25
822,SHSE.601100,恒立液压,82.12,83.02,88.00,83.02,87.66,6.75,6.06,16841159,1458237857.41,2021-04-27,1.29,114427857600.00,114427857600.00,14.15,42.54
823,SHSE.601101,昊华能源,4.11,4.11,4.21,3.99,4.09,-0.49,5.35,14832368,60882240.22,2021-04-27,1.24,4907992932.48,4907992932.48,0.62,25.22
824,SHSE.601106,中国一重,2.80,2.80,2.81,2.75,2.77,-1.07,2.14,13145031,36452813.89,2021-04-27,0.19,18996058707.79,18996058707.79,1.70,143.04
825,SHSE.601107,四川成渝,3.27,3.26,3.28,3.21,3.23,-1.22,2.14,3080159,9955327.39,2021-04-27,0.14,9877533800.00,6985650200.00,0.62,14.64
826,SHSE.601108,财通证券,10.65,10.63,10.74,10.53,10.64,-0.09,1.97,25135506,267374930.64,2021-04-27,0.70,38186960000.00,38186960000.00,1.67,16.66
827,SHSE.601111,中国国航,8.80,8.80,8.84,8.58,8.62,-2.05,2.95,27500178,238078872.77,2021-04-27,0.28,125203906894.70,85873576297.02,1.75,-8.69
828,SHSE.601113,华鼎股份,4.31,4.28,4.40,4.28,4.39,1.86,2.78,4948001,21462035.29,2021-04-27,0.55,5011101910.47,3984725033.60,1.16,-3.58
829,SHSE.601116,三江购物,9.70,9.70,9.70,9.49,9.51,-1.96,2.16,1933666,18460514.81,2021-04-27,0.47,5208421584.00,3906316188.00,1.64,42.57
830,SHSE.601117,中国化学,6.37,6.40,6.40,6.27,6.36,-0.16,2.04,26615321,168195031.89,2021-04-27,0.54,31373880000.00,31373880000.00,0.88,9.25
831,SHSE.601118,海南橡胶,5.14,5.16,5.17,5.09,5.12,-0.39,1.56,17665784,90606980.08,2021-04-27,0.41,21910670320.64,21910670320.64,2.25,-472.35
832,SHSE.601126,四方股份,8.76,8.75,9.15,8.60,9.06,3.42,6.28,42952561,383381189.45,2021-04-27,5.28,7367338320.00,7367338320.00,1.73,21.42
833,SHSE.601127,赛力斯,42.03,43.00,46.23,40.00,43.50,3.50,14.82,100533761,4314565155.91,2021-04-27,10.43,56166255310.50,41925183898.50,11.99,-236.71
834,SHSE.601128,常熟银行,7.07,7.08,7.12,6.98,7.00,-0.99,1.98,27914498,196524870.23,2021-04-27,1.07,19185991475.00,18230380476.00,1.03,10.64
835,SHSE.601137,博威合金,10.46,10.44,10.59,10.34,10.42,-0.38,2.39,3095773,32342826.14,2021-04-27,0.43,8232268608.24,7502721248.60,1.56,19.13
836,SHSE.601138,工业富联,14.35,14.34,14.44,14.23,14.42,0.49,1.46,19335434,277321997.46,2021-04-27,0.67,286559674407.72,41839873063.52,2.68,16.44
837,SHSE.601139,深圳燃气,6.90,6.90,6.92,6.81,6.88,-0.29,1.59,5869012,40302134.95,2021-04-27,0.20,19792160702.72,19791905798.72,1.62,14.23
838,SHSE.601155,新城控股,44.87,44.75,45.64,44.18,45.40,1.18,3.25,9515202,426807975.95,2021-04-27,0.42,102631148564.40,102349296284.40,2.01,6.73
839,SHSE.601158,重庆水务,5.29,5.29,5.37,5.29,5.34,0.95,1.51,7516966,40056852.58,2021-04-27,0.16,25632000000.00,25632000000.00,1.60,14.82
840,SHSE.601162,天风证券,4.83,4.82,4.85,4.77,4.82,-0.21,1.66,42847125,206068917.77,2021-04-27,1.12,32129962289.60,18501473301.16,1.83,39.37
841,SHSE.601163,三角轮胎,15.97,15.90,16.14,15.87,16.05,0.50,1.69,2938726,47012636.07,2021-04-27,0.37,12840000000.00,12840000000.00,1.16,12.11
842,SHSE.601166,兴业银行,21.55,21.50,21.92,21.44,21.74,0.88,2.23,52366001,1137363854.82,2021-04-27,0.27,451630906926.74,426435546978.74,0.81,6.78
843,SHSE.601168,西部矿业,14.48,14.97,15.15,14.43,14.79,2.14,4.97,80474986,1188217543.66,2021-04-27,3.38,35244570000.00,35244570000.00,3.15,34.26
844,SHSE.601169,北京银行,4.72,4.72,4.74,4.71,4.72,0.00,0.64,37953949,179336205.30,2021-04-27,0.18,99794885763.84,99794885763.84,0.48,5.01
845,SHSE.601177,杭齿前进,7.49,7.61,7.70,7.56,7.68,2.54,1.87,3085384,23583485.92,2021-04-27,0.77,3072460800.00,3072460800.00,1.74,22.01
846,SHSE.601179,中国西电,4.08,4.08,4.12,4.01,4.02,-1.47,2.70,16697373,67650248.29,2021-04-27,0.33,20606047055.04,20606047055.04,1.03,61.59
847,SHSE.601186,中国铁建,7.78,7.77,7.78,7.70,7.73,-0.64,1.03,24186908,186919053.44,2021-04-27,0.21,104969855795.00,88920087715.00,0.55,4.69
848,SHSE.601187,厦门银行,9.05,9.05,9.08,8.76,8.78,-2.98,3.54,12445429,110079092.33,2021-04-27,4.72,23171542856.64,2317154287.42,1.23,12.53
849,SHSE.601188,龙江交通,2.72,2.73,2.74,2.68,2.72,0.00,2.21,1681226,4549004.90,2021-04-27,0.13,3579189713.12,3579189713.12,0.78,17.92
850,SHSE.601198,东兴证券,10.58,10.54,10.69,10.52,10.65,0.66,1.61,8088347,85742690.98,2021-04-27,0.29,29372280997.05,29372280997.05,1.38,19.08
851,SHSE.601199,江南水务,3.77,3.77,3.78,3.67,3.71,-1.59,2.92,6570700,24399656.00,2021-04-27,0.70,3469630183.32,3469630183.32,1.11,13.48
852,SHSE.601200,上海环境,10.98,10.97,11.05,10.87,10.91,-0.64,1.64,3834110,41879211.93,2021-04-27,0.34,12239476704.13,12239476704.13,1.29,19.57
853,SHSE.601208,东材科技,13.22,13.20,13.45,13.10,13.30,0.61,2.65,3999000,52974912.00,2021-04-27,0.65,9217770764.30,8158632300.00,3.53,58.30
854,SHSE.601211,国泰君安,15.71,15.72,15.75,15.53,15.58,-0.83,1.40,30951615,482978772.04,2021-04-27,0.42,138793625573.44,115878138109.04,1.06,12.48
855,SHSE.601212,白银有色,2.74,2.76,2.77,2.69,2.73,-0.36,2.92,43250039,118356257.61,2021-04-27,0.58,20215034415.03,20215034415.03,1.34,-63.82
856,SHSE.601216,君正集团,5.82,5.78,5.85,5.62,5.66,-2.75,3.95,134845702,768184565.32,2021-04-27,1.60,47759178427.40,47759178427.40,2.19,9.92
857,SHSE.601218,吉鑫科技,4.01,4.03,4.07,3.84,3.93,-2.00,5.74,12462176,49091724.96,2021-04-27,1.28,3841024800.00,3841024800.00,1.50,16.43
858,SHSE.601222,林洋能源,6.53,6.60,6.70,6.50,6.58,0.77,3.06,17371833,114361427.54,2021-04-27,0.99,11507691370.28,11507691370.28,1.10,11.09
859,SHSE.601225,陕西煤业,11.53,11.47,11.52,11.25,11.44,-0.78,2.34,35495118,403731928.13,2021-04-27,0.35,114400000000.00,114400000000.00,1.54,7.69
860,SHSE.601226,华电重工,3.80,3.80,3.81,3.74,3.76,-1.05,1.84,7209957,27222804.25,2021-04-27,0.62,4342800000.00,4342800000.00,1.18,28.93
861,SHSE.601228,广州港,3.25,3.25,3.26,3.22,3.22,-0.92,1.23,6420510,20739861.20,2021-04-27,0.10,19942039600.00,19942039600.00,1.42,22.85
862,SHSE.601229,上海银行,8.23,8.24,8.24,8.16,8.18,-0.61,0.97,19452190,159289434.64,2021-04-27,0.14,116209404766.00,112097534161.76,0.67,5.56
863,SHSE.601231,环旭电子,19.14,19.10,19.35,18.85,19.20,0.31,2.61,8420980,160886241.94,2021-04-27,0.39,42424494182.40,41926446720.00,3.42,23.31
864,SHSE.601233,桐昆股份,21.66,21.68,21.99,21.50,21.91,1.15,2.26,20681419,450875676.49,2021-04-27,0.90,50119805020.67,50119805020.67,1.75,17.61
865,SHSE.601236,红塔证券,13.48,13.49,13.65,13.39,13.53,0.37,1.93,6214607,83903347.97,2021-04-27,0.42,49159975007.88,19955669210.07,3.35,34.79
866,SHSE.601238,广汽集团,11.00,10.97,10.97,10.61,10.75,-2.27,3.27,30832454,331681169.01,2021-04-27,0.43,111273212299.75,76865454723.50,1.29,18.65
867,SHSE.601258,*ST庞大,1.56,1.56,1.56,1.48,1.48,-5.13,5.13,117300800,175895612.26,2021-04-27,1.15,15136293103.60,15136293103.60,1.32,6.69
868,SHSE.601279,英利汽车,5.82,6.40,6.40,6.40,6.40,9.97,0.00,756262,4840076.80,2021-04-27,0.51,9563220204.80,956322022.40,2.93,57.88
869,SHSE.601288,农业银行,3.24,3.24,3.25,3.22,3.23,-0.31,0.93,135003064,436020180.93,2021-04-27,0.05,1130445199409.79,949798599309.92,0.58,5.24
870,SHSE.601298,青岛港,6.62,6.64,6.65,6.46,6.53,-1.36,2.87,4810359,31462908.44,2021-04-27,0.26,42386883000.00,12210420880.00,1.24,11.03
871,SHSE.601311,骆驼股份,11.56,11.60,11.71,11.35,11.69,1.12,3.11,29324473,338673390.53,2021-04-27,2.61,13112791805.47,13112791805.47,1.73,14.01
872,SHSE.601318,中国平安,72.89,72.72,73.46,72.03,73.27,0.52,1.96,75969268,5520922252.62,2021-04-27,0.70,1339393288110.70,793709327768.46,1.73,9.28
873,SHSE.601319,中国人保,5.87,5.87,5.88,5.81,5.85,-0.34,1.19,29765900,173910329.00,2021-04-27,0.53,258710344910.55,32769167061.15,1.25,12.89
874,SHSE.601326,秦港股份,2.66,2.66,2.67,2.63,2.65,-0.38,1.50,4913300,12996273.32,2021-04-27,0.10,14806641800.00,12607531350.00,0.95,14.88
875,SHSE.601328,交通银行,4.87,4.87,4.89,4.85,4.86,-0.21,0.82,61843149,301003850.94,2021-04-27,0.16,360916851494.70,190759199112.90,0.48,4.61
876,SHSE.601330,绿色动力,8.63,8.64,8.70,8.30,8.47,-1.85,4.63,7152076,60388913.36,2021-04-27,2.80,11802436800.00,2165360497.30,2.08,23.45
877,SHSE.601333,广深铁路,2.15,2.15,2.16,2.11,2.14,-0.47,2.33,21810815,46547014.98,2021-04-27,0.39,15158769180.00,12095787180.00,0.54,-27.17
878,SHSE.601336,新华保险,45.78,45.80,46.87,45.70,46.36,1.27,2.56,11888221,549532283.24,2021-04-27,0.57,144622180376.00,96680967802.40,1.39,10.12
879,SHSE.601339,百隆东方,5.31,5.32,5.60,5.30,5.41,1.88,5.65,25186626,136747004.21,2021-04-27,1.68,8115000000.00,8115000000.00,0.99,22.17
880,SHSE.601360,三六零,12.93,13.18,13.34,13.06,13.09,1.24,2.17,23843468,314189405.12,2021-04-27,0.49,93532804248.73,63538772624.25,2.51,33.13
881,SHSE.601366,利群股份,6.42,6.39,6.54,6.32,6.51,1.40,3.43,2292080,14745535.44,2021-04-27,0.27,5601951530.28,5429564503.86,1.21,39.21
882,SHSE.601368,绿城水务,5.17,5.17,5.25,5.16,5.21,0.77,1.74,2135933,11096603.27,2021-04-27,0.25,4600289731.17,4482084730.17,1.04,18.57
883,SHSE.601369,陕鼓动力,7.90,7.90,7.99,7.60,7.77,-1.65,4.94,13671402,105623465.13,2021-04-27,0.83,13037751010.41,12733244710.41,1.80,19.04
884,SHSE.601375,中原证券,4.42,4.39,4.43,4.34,4.39,-0.68,2.04,60587776,265225918.03,2021-04-27,1.76,20382263833.00,15134611483.00,1.51,69.71
885,SHSE.601377,兴业证券,8.81,8.86,9.11,8.80,8.83,0.23,3.52,125005293,1114237744.17,2021-04-27,1.87,59131610881.42,59131610881.42,1.52,14.77
886,SHSE.601388,怡球资源,3.94,3.99,4.01,3.81,3.89,-1.27,5.08,87745133,342485414.99,2021-04-27,4.36,8564714474.54,7822109051.61,2.47,13.91
887,SHSE.601390,中国中铁,5.34,5.34,5.35,5.30,5.31,-0.56,0.94,44451520,236329183.44,2021-04-27,0.22,130471634492.73,108130393592.73,0.61,5.18
888,SHSE.601398,工商银行,5.27,5.26,5.27,5.22,5.24,-0.57,0.95,149123770,781815669.59,2021-04-27,0.06,1867568787146.36,1412767993704.36,0.68,5.91
889,SHSE.601399,国机重装,4.06,4.05,4.13,3.99,4.08,0.49,3.45,21497064,87646646.62,2021-04-27,4.36,29654515749.12,2013797064.96,2.33,72.89
890,SHSE.601456,国联证券,14.53,14.48,14.64,13.86,14.32,-1.45,5.37,35032818,497829529.48,2021-04-27,7.36,34054664080.00,6812296080.00,3.17,57.93
891,SHSE.601500,通用股份,5.69,5.69,5.71,5.59,5.69,0.00,2.11,4390324,24827268.08,2021-04-27,0.50,4963330612.10,4963330612.10,1.36,51.68
892,SHSE.601512,中新集团,9.81,9.88,9.96,9.75,9.86,0.51,2.14,2368585,23390804.26,2021-04-27,0.30,14779055400.00,7862462600.00,1.26,11.30
893,SHSE.601515,东峰集团,6.50,6.40,6.58,6.22,6.33,-2.62,5.54,17143749,109569370.66,2021-04-27,1.28,8446812913.59,8446812913.59,1.83,15.43
894,SHSE.601518,吉林高速,2.26,2.24,2.30,2.21,2.27,0.44,3.98,6595417,14876298.25,2021-04-27,0.54,3065396924.67,2753964000.00,0.80,30.90
895,SHSE.601519,大智慧,8.02,8.00,8.05,7.81,7.95,-0.87,2.99,14595587,115660038.53,2021-04-27,0.73,15802215000.00,15802215000.00,10.44,218.02
896,SHSE.601555,东吴证券,8.53,8.53,8.69,8.51,8.63,1.17,2.11,15103438,129946364.16,2021-04-27,0.39,33488878176.04,33488878176.04,1.20,20.89
897,SHSE.601566,九牧王,11.56,11.53,11.53,11.23,11.27,-2.51,2.60,2535900,28750873.56,2021-04-27,0.44,6476160680.50,6476160680.50,1.51,16.00
898,SHSE.601567,三星医疗,6.83,6.70,6.75,6.57,6.74,-1.32,2.64,13853674,92175695.67,2021-04-27,1.00,9345475417.22,9345475417.22,1.08,10.17
899,SHSE.601568,北元集团,9.09,9.10,9.12,8.83,8.87,-2.42,3.19,8484551,75624775.13,2021-04-27,2.35,32030555563.44,3203055563.44,2.46,17.24
900,SHSE.601577,长沙银行,9.75,9.72,9.78,9.64,9.71,-0.41,1.44,10060671,97598012.44,2021-04-27,1.01,39049286951.34,9664680652.94,0.85,7.31
901,SHSE.601579,会稽山,10.63,10.57,10.66,10.20,10.42,-1.98,4.33,13690353,141791169.54,2021-04-27,2.75,5182491200.00,5182491200.00,1.50,17.93
902,SHSE.601588,北辰实业,2.21,2.21,2.23,2.18,2.23,0.90,2.26,11016856,24269869.31,2021-04-27,0.41,7508454600.00,5931800000.00,0.51,27.71
903,SHSE.601595,上海电影,13.10,13.10,13.20,12.74,12.87,-1.76,3.51,3711340,47958757.80,2021-04-27,0.83,5768334000.00,5768334000.00,2.99,-13.38
904,SHSE.601598,中国外运,4.68,4.70,4.80,4.67,4.79,2.35,2.78,27997206,133305529.03,2021-04-27,2.07,35449850561.25,6474342336.49,1.13,12.87
905,SHSE.601599,浙文影业,3.12,3.11,3.19,3.11,3.17,1.60,2.56,5207015,16442439.40,2021-04-27,0.58,2829938135.88,2829938135.88,5.21,-2.97
906,SHSE.601600,中国铝业,4.38,4.43,4.51,4.36,4.44,1.37,3.42,163507932,725798105.40,2021-04-27,1.25,75580667902.44,58069459004.52,1.49,102.00
907,SHSE.601601,中国太保,32.62,32.74,33.52,32.52,33.30,2.08,3.07,35030304,1155138492.60,2021-04-27,0.51,320357370451.50,227939880451.50,1.45,13.03
908,SHSE.601606,长城军工,10.14,10.02,10.02,9.83,9.90,-2.37,1.87,5935322,58721655.82,2021-04-27,1.99,7169861160.00,2947495725.90,3.02,73.22
909,SHSE.601607,上海医药,20.18,20.18,20.65,20.11,20.55,1.83,2.68,15537224,318082217.42,2021-04-27,0.81,58404935567.10,39516314619.90,1.23,12.99
910,SHSE.601608,中信重工,3.41,3.41,3.49,3.41,3.44,0.88,2.35,10944910,37743808.53,2021-04-27,0.25,14927602367.92,14927602367.92,2.03,62.88
911,SHSE.601609,金田股份,9.55,9.70,9.81,9.46,9.59,0.42,3.66,26078005,251442905.03,2021-04-27,4.36,13972332710.00,5729540705.00,2.05,25.02
912,SHSE.601611,中国核建,7.93,7.89,7.96,7.79,7.81,-1.51,2.14,14872097,116620873.49,2021-04-27,0.57,20693529232.20,20501414947.20,1.75,16.35
913,SHSE.601615,明阳智能,16.59,16.60,16.80,16.27,16.73,0.84,3.19,16423057,271881150.48,2021-04-27,1.55,32639037351.76,17711909531.12,2.06,23.75
914,SHSE.601616,广电电气,3.05,3.05,3.07,3.02,3.05,0.00,1.64,3381350,10280574.68,2021-04-27,0.36,2853503750.00,2853503750.00,1.19,35.59
915,SHSE.601618,中国中冶,3.21,3.20,3.24,3.18,3.22,0.31,1.87,74483110,238795626.01,2021-04-27,0.42,66730053727.40,57485433727.40,0.84,8.49
916,SHSE.601619,嘉泽新能,3.37,3.32,3.36,3.27,3.31,-1.78,2.67,20627905,68113513.57,2021-04-27,0.99,6910310630.09,6910310630.09,1.93,34.89
917,SHSE.601628,中国人寿,31.03,30.94,32.55,30.60,32.32,4.16,6.28,22116134,703522472.97,2021-04-27,0.11,913515265600.00,673016489600.00,1.95,18.17
918,SHSE.601633,长城汽车,33.24,32.90,33.50,32.25,33.27,0.09,3.76,24431066,802412086.74,2021-04-27,0.40,305263571781.00,201340980579.00,5.40,39.89
919,SHSE.601636,旗滨集团,14.16,14.29,14.31,13.72,13.98,-1.27,4.17,32285748,450807184.84,2021-04-27,1.20,37553312821.20,37553312821.20,3.61,20.57
920,SHSE.601658,邮储银行,5.43,5.42,5.47,5.39,5.44,0.18,1.47,43375653,235209176.62,2021-04-27,0.38,502568783771.20,61333070113.92,0.85,7.83
921,SHSE.601666,平煤股份,6.04,5.98,6.04,5.72,5.95,-1.49,5.30,27274650,159747431.01,2021-04-27,1.17,13974624990.55,13849841590.55,0.90,8.57
922,SHSE.601668,中国建筑,5.02,5.01,5.02,4.97,4.98,-0.80,1.00,142051088,708885677.25,2021-04-27,0.35,208901875863.12,202410022563.12,0.69,4.65
923,SHSE.601669,中国电建,3.84,3.84,3.85,3.80,3.82,-0.52,1.30,32467182,123893644.60,2021-04-27,0.29,58442313791.68,42571613882.80,0.62,7.32
924,SHSE.601677,明泰铝业,18.71,18.74,19.15,18.68,18.88,0.91,2.51,11603107,219745141.23,2021-04-27,1.76,12854556560.00,12461276720.00,1.44,10.10
925,SHSE.601678,滨化股份,6.36,6.32,6.40,6.14,6.22,-2.20,4.09,36773093,228970064.52,2021-04-27,2.09,10957049537.94,10957049537.94,1.38,11.36
926,SHSE.601686,友发集团,11.93,11.85,11.93,11.52,11.59,-2.85,3.44,5899834,68687971.56,2021-04-27,4.15,16359940994.00,1645780000.00,2.76,14.31
927,SHSE.601688,华泰证券,16.41,16.40,16.40,15.93,15.96,-2.74,2.86,78705925,1263835248.61,2021-04-27,1.08,144863334000.00,116701376467.20,1.10,13.39
928,SHSE.601689,拓普集团,34.45,34.55,35.60,34.52,35.30,2.47,3.13,10267560,360903978.23,2021-04-27,0.97,38902243991.60,37241067539.70,3.89,51.15
929,SHSE.601696,中银证券,16.67,16.68,16.75,16.13,16.18,-2.94,3.72,11939392,194514030.67,2021-04-27,0.82,44948040000.00,23488250501.62,2.95,50.89
930,SHSE.601698,中国卫通,17.18,17.38,17.76,16.98,17.30,0.70,4.54,16590024,287078099.12,2021-04-27,4.07,69200000000.00,7052129580.40,5.92,141.57
931,SHSE.601699,潞安环能,8.04,8.01,8.50,7.99,8.41,4.60,6.34,106503482,883484669.82,2021-04-27,3.56,25157751372.00,25157751372.00,0.87,8.93
932,SHSE.601700,风范股份,4.52,4.53,4.57,4.37,4.41,-2.43,4.42,6982939,30897964.10,2021-04-27,0.62,4997553120.00,4997553120.00,1.90,22.87
933,SHSE.601702,华峰铝业,7.99,8.12,8.22,7.70,7.89,-1.25,6.51,38836866,309236020.58,2021-04-27,15.56,7878406434.00,1969580700.00,2.84,25.11
934,SHSE.601717,郑煤机,12.60,12.61,12.84,12.05,12.20,-3.17,6.27,20933671,257479310.27,2021-04-27,1.41,21136150714.00,18168693474.00,1.56,15.17
935,SHSE.601718,际华集团,2.63,2.63,2.68,2.61,2.67,1.52,2.66,19424087,51286512.55,2021-04-27,0.44,11725650508.68,11725650508.68,0.69,244.61
936,SHSE.601727,上海电气,5.18,5.18,5.19,5.06,5.11,-1.35,2.51,42267256,215714225.86,2021-04-27,0.33,80257512280.12,64668721440.12,1.15,21.36
937,SHSE.601766,中国中车,6.01,6.01,6.04,5.95,6.01,0.00,1.50,53556713,320806760.59,2021-04-27,0.22,172480173168.88,146210066268.48,1.19,15.22
938,SHSE.601777,力帆科技,5.66,5.68,6.10,5.68,5.89,4.06,7.42,34412733,202427908.84,2021-04-27,1.53,26505000000.00,13255150500.00,2.63,456.17
939,SHSE.601778,晶科科技,6.09,6.09,6.13,5.95,6.00,-1.48,2.96,8536420,51302812.37,2021-04-27,1.44,16593011532.00,3567557532.00,1.53,34.87
940,SHSE.601788,光大证券,15.40,15.30,15.55,15.30,15.39,-0.06,1.62,23777815,366544320.80,2021-04-27,0.61,70960021764.21,60124095132.21,1.39,30.40
941,SHSE.601789,宁波建工,3.77,3.77,3.79,3.72,3.73,-1.06,1.86,6334020,23713620.00,2021-04-27,0.65,3640792954.46,3640792954.46,1.16,11.80
942,SHSE.601798,蓝科高新,5.86,5.84,5.94,5.71,5.78,-1.37,3.92,4152576,24079192.06,2021-04-27,1.17,2049172984.44,2049172984.44,1.16,-118.86
943,SHSE.601799,星宇股份,208.41,206.01,211.33,206.01,208.78,0.18,2.55,1230986,256847688.32,2021-04-27,0.45,57655689336.96,57655689336.96,9.53,49.72
944,SHSE.601800,中国交建,6.68,6.70,6.79,6.68,6.75,1.05,1.65,13914306,93692851.05,2021-04-27,0.12,109118552118.75,79293839118.75,0.50,6.73
945,SHSE.601801,皖新传媒,4.87,4.85,4.90,4.85,4.85,-0.41,1.03,3767358,18337548.73,2021-04-27,0.19,9647642974.45,9647642974.45,0.89,15.72
946,SHSE.601808,中海油服,14.14,14.06,14.20,13.71,14.07,-0.50,3.47,10339060,144662304.08,2021-04-27,0.35,67136299440.00,41653784760.00,1.73,24.84
947,SHSE.601811,新华文轩,9.91,9.83,10.00,9.71,9.87,-0.40,2.93,3315779,32629080.99,2021-04-27,0.42,12178010670.00,7816091493.00,1.18,9.64
948,SHSE.601816,京沪高铁,5.79,5.77,5.80,5.70,5.71,-1.38,1.73,35574738,204137069.65,2021-04-27,0.13,280398027128.81,156046849255.11,1.52,57.92
949,SHSE.601818,光大银行,3.85,3.85,3.86,3.82,3.82,-0.78,1.04,81566240,312444044.80,2021-04-27,0.20,206401910563.20,157969140953.20,0.58,5.46
950,SHSE.601827,三峰环境,9.00,8.96,9.07,8.91,9.03,0.33,1.78,11174990,100605037.70,2021-04-27,2.95,15154760040.00,3415760040.00,1.82,21.02
951,SHSE.601828,美凯龙,9.00,8.96,9.05,8.91,8.92,-0.89,1.56,1478612,13266084.94,2021-04-27,0.05,34832600000.00,28220332144.72,0.72,20.13
952,SHSE.601838,成都银行,11.13,11.13,11.34,11.12,11.31,1.62,1.98,22610832,254762529.65,2021-04-27,0.63,40854562587.54,40712721954.84,0.98,6.78
953,SHSE.601857,中国石油,4.17,4.17,4.17,4.12,4.14,-0.72,1.20,59998330,248355940.38,2021-04-27,0.04,757706848166.52,670357402166.52,0.61,39.88
954,SHSE.601858,中国科传,10.33,10.26,10.54,10.09,10.21,-1.16,4.36,3696908,38073537.75,2021-04-27,0.47,8071005000.00,8071005000.00,1.89,16.47
955,SHSE.601860,紫金银行,3.89,3.89,3.91,3.85,3.90,0.26,1.54,12163409,47245228.28,2021-04-27,0.70,14277562513.50,6810241994.40,0.97,9.90
956,SHSE.601865,福莱特,26.10,26.09,26.10,25.06,25.32,-2.99,3.98,11120173,282455486.32,2021-04-27,2.48,54341613191.28,11344071669.24,5.03,33.36
957,SHSE.601866,中远海发,2.84,2.83,2.95,2.82,2.93,3.17,4.58,104802782,303759752.30,2021-04-27,1.32,34011806250.00,23241126250.00,1.79,15.96
958,SHSE.601869,长飞光纤,23.63,23.60,23.97,22.98,22.98,-2.75,4.19,1057676,24518809.79,2021-04-27,0.99,17416659381.84,2449059259.80,1.91,32.03
959,SHSE.601872,招商轮船,4.87,4.89,4.89,4.79,4.83,-0.82,2.05,13362068,64423682.28,2021-04-27,0.24,32554780150.62,27047184894.03,1.25,11.72
960,SHSE.601877,正泰电器,33.29,33.12,33.55,33.05,33.30,0.03,1.50,5153356,171364829.28,2021-04-27,0.24,71594119248.30,71594119248.30,2.38,18.15
961,SHSE.601878,浙商证券,11.55,11.55,11.58,11.26,11.52,-0.26,2.77,34830458,396924591.86,2021-04-27,0.96,41633792801.28,41633792801.28,2.11,24.08
962,SHSE.601880,辽港股份,1.71,1.71,1.72,1.70,1.71,0.00,1.17,40789300,69639490.33,2021-04-27,0.23,38686064364.63,29864660006.34,1.09,47.61
963,SHSE.601881,中国银河,9.78,9.78,9.82,9.66,9.79,0.10,1.64,12518302,121960249.72,2021-04-27,0.19,99243763231.03,63109023673.96,1.27,13.70
964,SHSE.601882,海天精工,15.99,16.23,17.15,16.00,16.73,4.63,7.19,7885609,131256153.39,2021-04-27,1.51,8733060000.00,8733060000.00,5.97,46.25
965,SHSE.601886,江河集团,7.18,7.18,7.40,7.14,7.18,0.00,3.62,13099027,94779725.38,2021-04-27,1.14,8286079000.00,8286079000.00,0.88,8.74
966,SHSE.601888,中国中免,298.44,301.55,307.85,299.02,306.98,2.86,2.96,9683443,2955423132.52,2021-04-27,0.50,599370942497.12,599370942497.12,23.79,66.52
967,SHSE.601890,亚星锚链,5.79,5.83,5.88,5.59,5.83,0.69,5.01,33282265,190460783.99,2021-04-27,3.47,5593302000.00,5593302000.00,1.81,55.95
968,SHSE.601898,中煤能源,7.49,7.40,7.40,6.75,7.03,-6.14,8.68,53151457,375205482.54,2021-04-27,0.58,93208403702.00,64338562812.00,0.89,10.63
969,SHSE.601899,紫金矿业,11.15,11.32,11.54,11.01,11.29,1.26,4.75,490881808,5550831104.08,2021-04-27,2.50,287592885764.34,221739212190.34,5.35,36.04
970,SHSE.601900,南方传媒,7.91,7.90,7.91,7.76,7.80,-1.39,1.90,2329968,18195844.45,2021-04-27,0.26,6987837214.80,6987837214.80,1.04,10.81
971,SHSE.601901,方正证券,9.51,9.45,9.62,9.22,9.32,-2.00,4.21,92478075,863800967.85,2021-04-27,1.12,76723185001.40,76723185001.40,1.90,47.77
972,SHSE.601908,京运通,7.68,7.65,7.68,7.45,7.58,-1.30,2.99,26094017,197039524.60,2021-04-27,1.31,18302689686.38,15107074173.58,1.78,41.59
973,SHSE.601916,浙商银行,3.98,3.97,3.98,3.96,3.97,-0.25,0.50,10978676,43540266.96,2021-04-27,0.16,84436726208.66,27832265350.48,0.71,6.86
974,SHSE.601918,新集能源,3.50,3.47,3.50,3.29,3.36,-4.00,6.00,57795569,195186719.27,2021-04-27,2.23,8704220448.00,8704220448.00,1.16,10.28
975,SHSE.601919,中远海控,16.12,16.24,17.67,15.91,17.37,7.75,10.92,300293056,5019525531.48,2021-04-27,3.47,212948022672.99,150377332127.04,3.58,21.45
976,SHSE.601928,凤凰传媒,7.11,7.07,7.15,7.03,7.10,-0.14,1.69,15005434,106588985.26,2021-04-27,0.59,18068790000.00,18068790000.00,1.17,11.32
977,SHSE.601929,吉视传媒,1.81,1.81,1.81,1.77,1.80,-0.55,2.21,9864754,17662169.66,2021-04-27,0.32,5600001168.00,5600001168.00,0.85,177.73
978,SHSE.601933,永辉超市,6.11,6.11,6.13,6.00,6.04,-1.15,2.13,42624352,257827964.51,2021-04-27,0.45,57478365072.32,57188238504.32,3.73,27.99
979,SHSE.601939,建设银行,7.03,7.03,7.03,6.97,6.98,-0.71,0.85,53491540,373787131.95,2021-04-27,0.56,1745076622852.28,66963730089.88,0.74,6.44
980,SHSE.601949,中国出版,8.26,8.25,8.28,7.43,7.54,-8.72,10.29,43126915,332287789.48,2021-04-27,2.37,13741650000.00,13741650000.00,1.90,18.80
981,SHSE.601952,苏垦农发,10.70,10.81,10.85,10.51,10.75,0.47,3.18,18014975,192660074.00,2021-04-27,1.31,14813500000.00,14813500000.00,2.73,22.12
982,SHSE.601956,东贝集团,8.36,8.40,8.41,8.06,8.06,-3.59,4.19,10402900,84799864.54,2021-04-27,5.03,4121239200.00,1668420000.00,2.40,30.22
983,SHSE.601958,金钼股份,6.11,6.07,6.17,6.06,6.15,0.65,1.80,16123776,98724320.37,2021-04-27,0.50,19843617060.00,19843617060.00,1.60,111.63
984,SHSE.601963,重庆银行,11.30,11.33,11.33,11.14,11.20,-0.88,1.68,18682268,209144273.88,2021-04-27,5.38,38914459796.80,3891445980.80,0.97,8.80
985,SHSE.601965,中国汽研,16.09,16.10,16.65,16.01,16.58,3.05,3.98,5860500,95832746.97,2021-04-27,0.61,16409217494.46,15992624766.86,3.18,26.70
986,SHSE.601966,玲珑轮胎,55.22,54.93,57.97,54.75,57.96,4.96,5.83,11492321,657228805.17,2021-04-27,0.85,79608779399.52,78622161095.52,4.68,35.85
987,SHSE.601968,宝钢包装,8.60,8.58,8.68,8.49,8.59,-0.12,2.21,2548440,21861298.80,2021-04-27,0.30,9730815909.60,7194325147.00,2.79,48.51
988,SHSE.601969,海南矿业,6.35,6.33,6.35,5.95,6.01,-5.35,6.30,16622708,101052063.00,2021-04-27,0.85,11747869087.14,11747869087.14,2.80,82.43
989,SHSE.601975,招商南油,2.23,2.23,2.25,2.21,2.24,0.45,1.79,29186077,65039590.63,2021-04-27,0.81,11070340608.32,8029706903.68,1.90,15.01
990,SHSE.601985,中国核电,5.11,5.15,5.16,5.04,5.07,-0.78,2.35,37842871,192442478.04,2021-04-27,0.24,88502010246.00,78916935622.59,1.43,15.16
991,SHSE.601988,中国银行,3.25,3.25,3.26,3.24,3.25,0.00,0.62,98125931,318573202.61,2021-04-27,0.05,956760321533.25,684987923249.50,0.53,4.96
992,SHSE.601989,中国重工,4.11,4.09,4.12,4.06,4.11,0.00,1.46,42187187,172396824.90,2021-04-27,0.23,93716365181.64,75146858374.17,1.10,-103.60
993,SHSE.601990,南京证券,9.18,9.16,9.18,8.89,8.99,-2.07,3.16,26146278,235228410.73,2021-04-27,1.27,33140385695.66,18528285473.27,2.08,40.93
994,SHSE.601991,大唐发电,2.53,2.53,2.54,2.46,2.50,-1.19,3.16,40296799,100332575.20,2021-04-27,0.33,46266776260.00,30990222765.00,1.10,15.22
995,SHSE.601992,金隅集团,2.79,2.78,2.80,2.74,2.75,-1.43,2.15,14026663,38779406.03,2021-04-27,0.17,29363870618.50,22918935226.00,0.63,10.33
996,SHSE.601995,中金公司,49.64,49.93,50.08,48.48,49.13,-1.03,3.22,10571304,519361726.36,2021-04-27,4.06,237163129924.84,12787486045.84,3.46,32.91
997,SHSE.601996,丰林集团,3.07,3.09,3.09,3.03,3.05,-0.65,1.95,7718663,23533982.14,2021-04-27,0.71,3494149540.00,3295039745.00,1.23,20.26
998,SHSE.601997,贵阳银行,8.00,8.06,8.12,8.02,8.10,1.25,1.25,18884403,152449385.91,2021-04-27,0.61,29615204415.60,25077519583.20,0.75,5.14
999,SHSE.601998,中信银行,5.24,5.25,5.27,5.22,5.26,0.38,0.95,19286286,101216006.32,2021-04-27,0.06,257397256143.46,179117078884.44,0.53,5.26
1000,SHSE.601999,出版传媒,6.76,6.70,6.85,6.32,6.38,-5.62,7.84,18259300,119408890.78,2021-04-27,3.31,3514835786.00,3514835786.00,1.49,22.53
1001,SHSE.603000,人民网,17.35,17.23,17.49,16.96,17.13,-1.27,3.05,9666659,165751225.55,2021-04-27,0.87,18940487789.28,18940487789.28,5.65,59.50
1002,SHSE.603001,ST奥康,7.28,7.43,8.01,7.41,8.01,10.03,8.24,15901787,126048036.60,2021-04-27,3.97,3211849800.00,3211849800.00,0.88,44.39
1003,SHSE.603002,宏昌电子,7.00,6.65,6.88,6.30,6.30,-10.00,8.29,42503841,272500052.32,2021-04-27,6.92,5761169259.30,3870793710.00,2.80,20.85
1004,SHSE.603003,龙宇股份,6.74,6.77,6.85,6.73,6.83,1.34,1.78,1976848,13418226.31,2021-04-27,0.49,2748689064.02,2748689064.02,0.73,51.27
1005,SHSE.603005,晶方科技,62.98,62.54,62.55,59.24,59.40,-5.68,5.26,9111368,549766920.27,2021-04-27,2.83,20157078981.60,19100143477.80,5.77,45.09
1006,SHSE.603006,联明股份,9.88,9.70,9.95,9.46,9.46,-4.25,4.96,2421971,23372408.79,2021-04-27,1.27,1807599639.56,1807599639.56,1.52,21.83
1007,SHSE.603007,ST花王,4.52,4.52,4.52,4.40,4.44,-1.77,2.65,3112200,13814061.00,2021-04-27,0.93,1490611194.48,1480207386.48,1.30,56.32
1008,SHSE.603008,喜临门,29.53,29.24,31.11,29.24,30.43,3.05,6.33,7798566,237377401.04,2021-04-27,2.01,11789123258.41,11789123258.41,3.90,26.07
1009,SHSE.603009,北特科技,5.88,6.00,6.28,5.90,5.98,1.70,6.46,14565244,88323564.06,2021-04-27,4.44,2146832874.94,1961687530.14,1.32,45.11
1010,SHSE.603010,万盛股份,18.98,18.99,19.59,18.65,19.09,0.58,4.95,5631921,107070271.57,2021-04-27,1.16,9263854964.86,9230404703.26,5.07,23.56
1011,SHSE.603011,合锻智能,4.81,4.82,4.83,4.55,4.59,-4.57,5.82,8214699,37981160.93,2021-04-27,1.83,2068750151.46,2060676800.46,1.22,33.86
1012,SHSE.603012,创力集团,6.04,5.99,6.04,5.92,5.96,-1.32,1.99,5270700,31472760.00,2021-04-27,0.83,3793897600.00,3793897600.00,1.28,10.25
1013,SHSE.603013,亚普股份,13.77,13.77,13.77,13.45,13.61,-1.16,2.32,780700,10623042.00,2021-04-27,1.30,6998595445.00,816600000.00,1.99,13.83
1014,SHSE.603015,弘讯科技,5.92,5.97,5.97,5.65,5.73,-3.21,5.41,3033800,17416746.00,2021-04-27,0.75,2316174870.00,2316174870.00,1.78,37.41
1015,SHSE.603016,新宏泰,29.22,29.02,30.27,28.25,29.43,0.72,6.91,1791000,51955306.00,2021-04-27,1.21,4360348800.00,4360348800.00,5.29,72.08
1016,SHSE.603017,中衡设计,9.85,9.86,9.87,9.66,9.75,-1.02,2.13,732600,7150246.00,2021-04-27,0.27,2698875348.00,2679282781.50,1.35,12.51
1017,SHSE.603018,华设集团,11.20,11.15,11.22,11.05,11.12,-0.71,1.52,2589331,28801471.64,2021-04-27,0.46,6195887492.24,6195887492.24,1.81,10.63
1018,SHSE.603019,中科曙光,28.24,28.16,28.19,26.57,26.62,-5.74,5.74,35641748,963307773.07,2021-04-27,2.74,38618405287.88,34660595037.86,3.30,45.70
1019,SHSE.603020,爱普股份,9.52,9.44,9.51,9.00,9.43,-0.95,5.36,4368821,40695383.49,2021-04-27,1.37,3017600000.00,3017600000.00,1.32,23.26
1020,SHSE.603021,山东华鹏,5.44,5.45,5.45,5.28,5.38,-1.10,3.12,2584741,13857325.58,2021-04-27,0.81,1721320616.60,1721320616.60,1.36,-24.63
1021,SHSE.603022,新通联,10.34,10.32,10.32,10.02,10.08,-2.51,2.90,1132400,11444983.00,2021-04-27,0.57,2016000000.00,2016000000.00,2.97,52.91
1022,SHSE.603023,威帝股份,4.06,4.20,4.21,3.99,4.01,-1.23,5.42,3354882,13596365.81,2021-04-27,0.60,2253940026.07,2253940026.07,2.98,143.61
1023,SHSE.603025,大豪科技,21.71,21.53,22.05,21.13,22.03,1.47,4.24,7435328,160283664.32,2021-04-27,0.81,20402020693.33,20309252363.33,10.79,124.49
1024,SHSE.603026,胜华新材,80.00,79.50,80.56,77.30,78.81,-1.49,4.08,7984519,629333624.99,2021-04-27,3.94,15973210800.00,15973210800.00,6.96,61.48
1025,SHSE.603027,千禾味业,33.20,33.10,33.50,31.77,32.03,-3.52,5.21,11060507,357710629.05,2021-04-27,1.67,21321580435.54,21208297372.14,11.00,121.63
1026,SHSE.603028,赛福天,11.90,11.89,11.98,11.70,11.89,-0.08,2.35,1062599,12557046.19,2021-04-27,0.48,2625312000.00,2625312000.00,3.43,48.82
1027,SHSE.603029,天鹅股份,12.42,12.47,12.61,12.27,12.60,1.45,2.74,630900,7845623.00,2021-04-27,0.68,1176084000.00,1176084000.00,1.63,86.00
1028,SHSE.603030,*ST全筑,4.53,4.51,4.53,4.45,4.50,-0.66,1.77,3080920,13802555.25,2021-04-27,0.57,2421582003.00,2421582003.00,1.06,15.72
1029,SHSE.603031,安孚科技,26.99,26.77,26.88,26.49,26.82,-0.63,1.44,167040,4451215.00,2021-04-27,0.15,3003840000.00,3003840000.00,4.89,-164.75
1030,SHSE.603033,三维股份,22.56,22.32,22.74,21.71,21.82,-3.28,4.57,2033632,44836093.16,2021-04-27,0.82,9299365515.28,5430579056.00,3.04,36.07
1031,SHSE.603035,常熟汽饰,16.54,16.30,18.19,16.30,17.32,4.72,11.43,92791704,1639162704.71,2021-04-27,27.01,5949570008.52,5949570008.52,1.62,16.44
1032,SHSE.603036,如通股份,8.04,8.09,8.09,7.93,7.95,-1.12,1.99,650300,5184268.00,2021-04-27,0.32,1643113950.00,1623068025.00,1.45,23.66
1033,SHSE.603037,凯众股份,16.45,16.54,17.18,16.29,16.80,2.13,5.41,2285640,38525322.26,2021-04-27,2.18,1762342680.00,1762342680.00,1.98,21.31
1034,SHSE.603038,华立股份,13.18,13.18,13.24,12.79,13.17,-0.08,3.41,1078350,14045302.15,2021-04-27,0.59,2425016688.39,2425016688.39,2.22,38.33
1035,SHSE.603039,泛微网络,94.03,93.40,95.99,92.27,95.42,1.48,3.96,529780,50135544.71,2021-04-27,0.25,20723458157.48,20424115693.80,13.47,90.28
1036,SHSE.603040,新坐标,27.95,28.00,28.00,26.47,26.88,-3.83,5.47,1230715,33275652.29,2021-04-27,1.19,2776859339.52,2776859339.52,3.02,17.73
1037,SHSE.603041,美思德,12.58,12.48,12.82,12.38,12.76,1.43,3.50,2686243,33768656.16,2021-04-27,1.91,1797879406.40,1791319745.60,1.98,16.24
1038,SHSE.603042,华脉科技,12.09,12.09,12.20,11.77,11.79,-2.48,3.56,1318623,15660285.71,2021-04-27,0.97,1603440000.00,1603440000.00,1.97,49.27
1039,SHSE.603043,广州酒家,39.97,40.06,40.89,39.41,40.49,1.30,3.70,2666712,107446418.63,2021-04-27,0.66,16357805490.16,16357805490.16,6.33,35.28
1040,SHSE.603045,福达合金,11.30,11.30,11.42,11.15,11.27,-0.27,2.39,1004596,11305750.11,2021-04-27,1.06,1550977400.00,1069891461.38,1.87,30.43
1041,SHSE.603050,科林电气,12.68,12.59,12.64,12.22,12.45,-1.81,3.31,2508600,31120912.60,2021-04-27,1.55,2019515745.00,2011326757.50,1.64,16.23
1042,SHSE.603053,成都燃气,10.19,10.21,10.24,9.95,10.06,-1.28,2.85,2557662,25692527.15,2021-04-27,0.46,8942233400.00,5642553400.00,2.33,19.45
1043,SHSE.603055,台华新材,6.01,6.06,6.08,5.94,6.07,1.00,2.33,1756280,10565336.60,2021-04-27,0.23,5050511049.78,4699643999.02,1.66,42.18
1044,SHSE.603056,德邦股份,12.16,12.22,12.40,11.76,11.80,-2.96,5.26,6959760,83269999.35,2021-04-27,0.72,12118098146.00,11328000000.00,2.31,18.15
1045,SHSE.603058,永吉股份,7.41,7.37,7.39,7.07,7.15,-3.51,4.32,5337396,38269260.52,2021-04-27,1.28,2996381960.00,2991126710.00,2.56,18.96
1046,SHSE.603059,倍加洁,20.24,20.26,20.26,19.83,20.00,-1.19,2.12,339525,6786260.25,2021-04-27,0.34,2000000000.00,2000000000.00,1.90,26.01
1047,SHSE.603060,国检集团,24.49,24.45,24.63,23.46,23.77,-2.94,4.78,5080118,121400663.43,2021-04-27,1.18,10249624000.00,10249624000.00,7.42,40.58
1048,SHSE.603063,禾望电气,13.69,13.69,13.74,13.29,13.44,-1.83,3.29,5171900,69496692.67,2021-04-27,1.21,5836414080.00,5754927360.00,2.03,22.75
1049,SHSE.603066,音飞储存,7.85,7.85,7.93,7.80,7.93,1.02,1.66,1014093,7980864.84,2021-04-27,0.34,2384573997.00,2384573997.00,2.25,25.20
1050,SHSE.603067,振华股份,7.43,7.47,7.47,7.13,7.18,-3.36,4.58,5594288,40460073.38,2021-04-27,1.30,3583079671.88,3096016000.00,1.87,22.66
1051,SHSE.603068,博通集成,60.64,60.63,61.48,57.81,57.88,-4.55,6.05,1195599,70472658.39,2021-04-27,1.27,8706597032.08,5449600586.28,4.36,59.43
1052,SHSE.603069,海汽集团,18.28,18.60,18.90,18.30,18.83,3.01,3.28,5302758,99095050.94,2021-04-27,1.68,5950280000.00,5950280000.00,6.02,-58.97
1053,SHSE.603076,乐惠国际,65.37,66.26,68.38,65.04,67.04,2.55,5.11,2097282,140458967.18,2021-04-27,2.82,5779870091.84,4994480000.00,4.46,54.70
1054,SHSE.603077,和邦生物,1.61,1.62,1.63,1.58,1.59,-1.24,3.11,131013540,209658099.20,2021-04-27,1.48,14041687862.52,14041687862.52,1.25,43.46
1055,SHSE.603078,江化微,28.99,28.70,29.80,28.21,29.44,1.55,5.48,4052816,116927028.40,2021-04-27,2.85,4438017528.32,4179302400.00,3.94,76.26
1056,SHSE.603079,圣达生物,21.60,21.58,21.58,21.11,21.20,-1.85,2.18,981140,20846791.40,2021-04-27,0.57,3629205909.60,3629205909.60,2.73,18.38
1057,SHSE.603080,新疆火炬,12.35,12.28,12.54,12.23,12.39,0.32,2.51,5989100,74244875.00,2021-04-27,4.23,1753185000.00,1753185000.00,1.42,20.54
1058,SHSE.603081,大丰实业,11.22,11.29,11.29,10.99,11.20,-0.18,2.67,1140300,12687344.14,2021-04-27,0.28,4500308030.40,4500308030.40,2.02,17.15
1059,SHSE.603083,剑桥科技,12.85,13.22,14.14,13.10,14.14,10.04,8.09,34928474,484419329.02,2021-04-27,13.85,3566398803.24,3566398803.24,2.10,-19.84
1060,SHSE.603085,天成自控,6.85,6.85,6.92,6.76,6.83,-0.29,2.34,5482133,37427022.95,2021-04-27,1.48,2528639714.22,2528639714.22,2.45,37.38
1061,SHSE.603086,先达股份,14.33,14.52,14.70,13.93,14.16,-1.19,5.37,1854620,26179771.24,2021-04-27,1.18,2244218400.00,2220288000.00,1.30,13.06
1062,SHSE.603087,甘李药业,130.78,129.08,132.65,127.31,132.11,1.02,4.08,1113475,145701861.27,2021-04-27,1.98,74185049400.00,7435150800.00,8.13,60.28
1063,SHSE.603088,宁波精达,7.18,7.69,7.90,7.61,7.90,10.03,4.04,3678799,28856447.24,2021-04-27,1.68,1734208000.00,1734208000.00,3.01,25.75
1064,SHSE.603089,正裕工业,8.82,8.62,8.79,8.28,8.68,-1.59,5.78,4186350,35604809.12,2021-04-27,1.88,1931276781.00,1931276781.00,1.82,17.57
1065,SHSE.603090,宏盛股份,12.24,12.27,12.27,11.95,12.14,-0.82,2.61,706900,8531498.00,2021-04-27,0.71,1214000000.00,1214000000.00,2.42,185.57
1066,SHSE.603093,南华期货,16.45,16.46,16.59,16.09,16.50,0.30,3.04,4416600,72220396.00,2021-04-27,4.00,10066087234.50,1821585150.00,3.53,106.89
1067,SHSE.603095,越剑智能,22.75,23.00,23.39,22.88,23.07,1.41,2.24,985380,22850427.32,2021-04-27,2.63,3045240000.00,862815693.00,1.53,21.51
1068,SHSE.603096,新经典,47.39,47.16,47.69,45.00,45.48,-4.03,5.68,752000,34496090.00,2021-04-27,0.55,6180049800.00,6180049800.00,3.11,28.13
1069,SHSE.603098,森特股份,21.27,21.89,22.00,20.60,20.88,-1.83,6.58,9532369,201652753.63,2021-04-27,1.80,11039508042.48,11039508042.48,4.33,69.55
1070,SHSE.603099,长白山,8.51,8.48,8.48,8.18,8.30,-2.47,3.53,1227509,10173239.98,2021-04-27,0.46,2213361000.00,2213361000.00,2.26,-33.78
1071,SHSE.603100,川仪股份,14.19,14.21,14.65,13.69,13.78,-2.89,6.77,5688386,79949461.54,2021-04-27,1.44,5443100000.00,5443100000.00,1.90,14.28
1072,SHSE.603101,汇嘉时代,4.83,4.83,4.91,4.70,4.90,1.45,4.35,995442,4821560.64,2021-04-27,0.21,2304960000.00,2304960000.00,1.60,-230.41
1073,SHSE.603103,横店影视,15.82,15.82,15.90,15.49,15.67,-0.95,2.59,1513089,23675025.74,2021-04-27,0.24,9937914000.00,9937914000.00,6.03,-31.16
1074,SHSE.603105,芯能科技,7.61,7.57,7.61,7.34,7.45,-2.10,3.55,4226753,31462682.03,2021-04-27,1.37,3725000000.00,2296835000.00,2.41,45.19
1075,SHSE.603106,恒银科技,7.02,6.98,7.12,6.86,7.09,1.00,3.70,4503993,31574331.74,2021-04-27,1.12,2838836000.00,2838836000.00,1.73,1737.35
1076,SHSE.603108,润达医疗,11.72,11.72,12.33,11.59,12.24,4.44,6.31,11730426,142354982.05,2021-04-27,2.02,7093536233.76,7093536233.76,2.23,18.18
1077,SHSE.603109,神驰机电,21.58,21.57,21.64,20.98,21.20,-1.76,3.06,769300,16308751.00,2021-04-27,1.65,3109404000.00,989404000.00,2.28,23.78
1078,SHSE.603110,东方材料,39.80,39.80,40.50,39.10,40.05,0.63,3.52,644680,25554157.20,2021-04-27,0.45,5756521869.00,5756521869.00,8.99,104.14
1079,SHSE.603111,康尼机电,5.08,5.07,5.08,5.02,5.06,-0.39,1.18,2393350,12073489.50,2021-04-27,0.29,5025973949.04,4230075245.00,1.63,11.78
1080,SHSE.603112,华翔股份,12.29,12.27,12.34,11.91,12.34,0.41,3.50,4206306,50956978.81,2021-04-27,7.91,5381356646.60,656488000.00,2.91,21.96
1081,SHSE.603113,金能科技,17.84,17.84,18.13,17.57,17.92,0.45,3.14,8166259,145777584.66,2021-04-27,1.13,15258424007.68,12903627699.20,1.84,17.16
1082,SHSE.603115,海星股份,14.89,14.89,14.92,14.55,14.72,-1.14,2.48,754365,11099800.90,2021-04-27,1.45,3061760000.00,765440000.00,2.42,24.34
1083,SHSE.603116,红蜻蜓,5.98,6.00,6.41,5.97,6.27,4.85,7.36,5686344,35450851.20,2021-04-27,0.99,3612779016.00,3612779016.00,1.05,47.49
1084,SHSE.603117,ST万林,3.52,3.54,3.56,3.48,3.54,0.57,2.27,3275470,11550204.65,2021-04-27,0.52,2261143370.10,2241331537.08,0.99,51.23
1085,SHSE.603118,共进股份,9.05,9.08,9.24,8.99,9.22,1.88,2.76,6771435,61888755.84,2021-04-27,0.87,7152261321.04,7152261321.04,1.51,20.63
1086,SHSE.603121,华培动力,9.54,9.78,10.49,9.71,10.49,9.96,8.18,4229901,43855878.97,2021-04-27,3.56,2719008000.00,1247125888.80,2.38,37.95
1087,SHSE.603123,翠微股份,6.89,6.89,6.94,6.75,6.81,-1.16,2.76,1265300,8609334.00,2021-04-27,0.24,5439396688.65,3569422151.82,1.42,504.29
1088,SHSE.603126,中材节能,10.07,10.11,10.15,9.11,9.29,-7.75,10.33,49406251,469906203.21,2021-04-27,8.09,5671545000.00,5671545000.00,3.05,42.09
1089,SHSE.603127,昭衍新药,151.98,151.40,159.00,151.06,158.39,4.22,5.22,1727026,269221037.55,2021-04-27,0.76,42895231910.31,35938712065.87,6.50,136.17
1090,SHSE.603128,华贸物流,15.40,15.46,15.67,14.83,15.25,-0.97,5.45,21251976,322404498.44,2021-04-27,1.62,19969310307.75,19969310307.75,4.18,30.26
1091,SHSE.603129,春风动力,149.00,145.50,151.75,145.50,150.10,0.74,4.19,344287,51582878.60,2021-04-27,0.26,20170167820.00,20123336620.00,12.60,50.09
1092,SHSE.603131,上海沪工,20.06,19.98,20.54,19.93,20.37,1.55,3.04,2068626,41951917.78,2021-04-27,0.70,6477194260.32,6057297387.54,4.92,60.04
1093,SHSE.603133,*ST碳元,10.56,10.54,10.55,10.17,10.26,-2.84,3.60,3019600,31073159.00,2021-04-27,1.44,2155800420.00,2146240152.00,2.43,-26.63
1094,SHSE.603136,天目湖,27.42,27.36,27.72,27.12,27.50,0.29,2.19,761014,20857109.47,2021-04-27,0.62,3378727247.50,3378727247.50,3.59,92.50
1095,SHSE.603138,海量数据,11.18,11.16,11.18,10.73,10.78,-3.58,4.03,3686745,40193576.32,2021-04-27,1.46,2776389000.00,2723723568.72,5.31,77.96
1096,SHSE.603139,康惠制药,16.05,16.05,16.08,15.67,16.00,-0.31,2.55,421600,6704782.00,2021-04-27,0.42,1598080000.00,1598080000.00,1.57,44.10
1097,SHSE.603155,新亚强,36.81,36.76,38.50,36.73,37.40,1.60,4.81,1598710,59640309.52,2021-04-27,4.11,5817944000.00,1454486000.00,2.86,31.14
1098,SHSE.603156,养元饮品,25.30,25.15,27.65,24.97,27.20,7.51,10.59,8275965,220378479.58,2021-04-27,0.65,34421425920.00,34421425920.00,2.74,19.23
1099,SHSE.603157,退市拉夏,2.02,2.01,2.04,1.92,1.92,-4.95,5.94,4133700,8063660.65,2021-04-27,2.84,1051529552.64,279941811.84,-1.55,-0.57
1100,SHSE.603158,腾龙股份,17.52,17.46,17.75,17.00,17.74,1.26,4.28,1686728,29231537.80,2021-04-27,0.78,3849069088.00,3849069088.00,3.11,26.90
1101,SHSE.603159,上海亚虹,13.84,13.98,14.50,13.65,14.09,1.81,6.14,1307780,18367489.60,2021-04-27,0.93,1972600000.00,1972600000.00,4.36,49.03
1102,SHSE.603160,汇顶科技,108.31,102.50,103.00,99.03,99.29,-8.33,3.67,8272342,834725885.72,2021-04-27,1.82,45453415558.25,45017985022.07,5.51,28.21
1103,SHSE.603161,科华控股,18.88,18.60,18.60,16.99,16.99,-10.01,8.53,11624751,201623025.96,2021-04-27,8.71,2266466000.00,2266466000.00,1.69,67.93
1104,SHSE.603165,荣晟环保,13.42,13.41,13.51,13.02,13.34,-0.60,3.65,1822213,24125530.91,2021-04-27,0.72,3387798666.14,3387798666.14,2.00,14.61
1105,SHSE.603166,福达股份,6.75,6.74,6.85,6.61,6.66,-1.33,3.56,5750640,38507676.40,2021-04-27,0.97,3942844608.60,3942844608.60,1.69,16.90
1106,SHSE.603167,渤海轮渡,8.18,8.20,8.24,8.05,8.22,0.49,2.32,5043647,40998304.01,2021-04-27,1.08,3886470276.66,3828114852.66,1.13,17.25
1107,SHSE.603168,莎普爱思,7.13,7.19,7.84,7.16,7.84,9.96,9.54,14897317,113406157.13,2021-04-27,4.62,2529125192.16,2529125192.16,1.92,-14.94
1108,SHSE.603169,兰石重装,4.28,4.28,4.32,4.15,4.22,-1.40,3.97,15205651,64114487.69,2021-04-27,1.45,4437340659.72,4437340659.72,2.84,-20.26
1109,SHSE.603177,德创环保,13.05,12.96,13.30,12.40,12.82,-1.76,6.90,2762000,35811398.00,2021-04-27,1.37,2589640000.00,2589640000.00,6.51,-103.50
1110,SHSE.603178,圣龙股份,9.41,9.37,9.47,9.04,9.08,-3.51,4.57,4658300,42896729.00,2021-04-27,2.32,1826342120.00,1824744040.00,2.61,23.13
1111,SHSE.603179,新泉股份,28.75,29.00,29.18,27.69,28.25,-1.74,5.18,1312245,37167511.33,2021-04-27,0.41,10426455703.50,9019308654.75,2.94,40.46
1112,SHSE.603180,金牌厨柜,65.15,65.15,66.90,64.95,65.90,1.15,2.99,1242087,82014036.20,2021-04-27,1.22,6804836042.90,6689423330.00,3.59,23.25
1113,SHSE.603181,皇马科技,18.93,18.94,19.12,18.40,18.76,-0.90,3.80,2188364,40948374.64,2021-04-27,0.54,7616560000.00,7616560000.00,3.93,22.20
1114,SHSE.603183,建研院,7.98,7.90,8.02,7.56,7.61,-4.64,5.76,7864217,60492219.10,2021-04-27,2.81,2269911370.75,2132505073.77,1.75,16.87
1115,SHSE.603185,弘元绿能,131.28,136.53,140.36,133.61,138.00,5.12,5.14,8247085,1130023699.96,2021-04-27,10.56,37985015292.00,10776788598.00,6.15,48.49
1116,SHSE.603186,华正新材,39.01,39.01,39.40,38.05,38.70,-0.79,3.46,1408393,54347325.73,2021-04-27,1.00,5497153574.40,5423115404.70,3.62,32.16
1117,SHSE.603187,海容冷链,59.20,59.41,60.61,57.94,59.70,0.84,4.51,2100012,124490695.36,2021-04-27,1.59,10276963785.90,7877189871.30,4.55,36.41
1118,SHSE.603188,亚邦股份,5.59,5.56,5.58,5.51,5.55,-0.72,1.25,906802,5014275.02,2021-04-27,0.16,3196800000.00,3196800000.00,1.42,-6.84
1119,SHSE.603189,网达软件,15.27,15.29,15.29,14.79,14.95,-2.10,3.27,1552921,23224820.76,2021-04-27,0.70,3300960000.00,3300960000.00,3.59,42.47
1120,SHSE.603192,汇得科技,24.49,24.43,24.65,23.94,24.28,-0.86,2.90,537390,12980779.00,2021-04-27,2.02,2589866674.76,647466674.76,1.97,20.85
1121,SHSE.603195,公牛集团,178.45,177.50,180.46,176.30,180.15,0.95,2.33,807129,144392894.37,2021-04-27,1.07,108193748385.00,13580696744.10,11.03,50.32
1122,SHSE.603196,日播时尚,5.68,5.70,6.25,5.70,6.25,10.04,9.68,8980979,54241324.75,2021-04-27,3.74,1500000000.00,1500000000.00,1.81,-96.68
1123,SHSE.603197,保隆科技,26.91,26.88,27.49,26.36,27.07,0.59,4.20,1568820,42064971.97,2021-04-27,0.96,4470150770.19,4437884412.99,3.66,23.30
1124,SHSE.603198,迎驾贡酒,38.82,38.20,38.92,37.65,38.30,-1.34,3.27,21115512,807363464.82,2021-04-27,2.64,30640000000.00,30640000000.00,5.56,28.12
1125,SHSE.603199,九华旅游,22.40,22.62,22.62,21.08,21.29,-4.96,6.88,1694703,36433940.90,2021-04-27,1.53,2356377200.00,2356377200.00,1.89,105.72
1126,SHSE.603200,上海洗霸,22.63,22.70,22.70,22.12,22.42,-0.93,2.56,1331099,29662078.66,2021-04-27,1.33,2259209098.76,2247318719.02,2.75,91.48
1127,SHSE.603203,快克智能,26.72,26.66,26.97,26.20,26.62,-0.37,2.88,566816,15032058.30,2021-04-27,0.36,4166929409.94,4166929409.94,3.48,23.36
1128,SHSE.603208,江山欧派,120.00,120.37,120.44,114.07,116.65,-2.79,5.31,992979,115905836.50,2021-04-27,0.95,12255351535.35,12255351535.35,7.29,28.78
1129,SHSE.603212,赛伍技术,29.82,29.76,29.83,28.46,29.35,-1.58,4.59,1037205,30246919.40,2021-04-27,2.59,11740293500.00,1174293500.00,6.15,60.49
1130,SHSE.603214,爱婴室,23.66,23.61,26.03,22.61,26.03,10.02,14.45,8410846,210564255.62,2021-04-27,5.99,3712872762.48,3657655844.08,3.70,31.24
1131,SHSE.603217,元利科技,25.88,25.52,26.41,25.32,26.13,0.97,4.21,808427,21022334.69,2021-04-27,1.77,3330425280.00,1194124799.40,1.42,21.11
1132,SHSE.603218,日月股份,34.83,34.60,34.83,33.05,34.25,-1.67,5.11,5720371,193582189.00,2021-04-27,0.69,33140437308.25,28309944581.25,3.87,29.55
1133,SHSE.603220,中贝通信,11.84,11.84,11.84,11.40,11.65,-1.60,3.72,1876161,21824059.10,2021-04-27,1.01,3934904000.00,2162766580.00,2.42,69.12
1134,SHSE.603221,爱丽家居,11.25,11.30,11.46,11.12,11.39,1.24,3.02,1173649,13230636.88,2021-04-27,1.93,2733600000.00,691600800.00,1.87,34.47
1135,SHSE.603222,济民医疗,16.74,16.49,16.58,15.68,16.09,-3.88,5.38,16984900,272876908.86,2021-04-27,5.31,5482562400.12,5148800000.00,4.83,87.36
1136,SHSE.603223,恒通股份,22.95,22.82,23.03,22.60,22.75,-0.87,1.87,2237217,50760804.47,2021-04-27,0.79,6420960000.00,6420960000.00,5.27,33.63
1137,SHSE.603225,新凤鸣,17.69,17.45,17.90,17.10,17.70,0.06,4.52,5948603,104214917.35,2021-04-27,0.43,24806160600.00,24299336445.90,2.03,23.81
1138,SHSE.603226,菲林格尔,8.91,8.86,8.96,8.64,8.80,-1.23,3.59,1313645,11527972.87,2021-04-27,0.62,1851081408.00,1851081408.00,1.84,22.46
1139,SHSE.603227,雪峰科技,4.90,5.00,5.07,4.84,4.89,-0.20,4.69,12348500,60897479.00,2021-04-27,1.87,3543147300.00,3221043000.00,2.35,22.33
1140,SHSE.603228,景旺电子,27.63,27.60,27.93,27.11,27.25,-1.38,2.97,2287423,62634011.93,2021-04-27,0.27,23250517718.00,22907212816.75,3.57,25.25
1141,SHSE.603229,奥翔药业,39.16,38.48,38.48,36.95,38.24,-2.35,3.91,2344479,87895422.93,2021-04-27,1.05,9147251665.28,8565760000.00,7.81,126.53
1142,SHSE.603232,格尔软件,18.78,18.67,18.87,18.25,18.26,-2.77,3.30,4057076,74784793.70,2021-04-27,2.10,3526036932.44,3526036932.44,2.70,58.46
1143,SHSE.603233,大参林,77.35,76.95,78.30,76.71,77.81,0.59,2.06,1991515,154587094.81,2021-04-27,0.30,51247311992.74,51069866287.74,9.57,48.25
1144,SHSE.603236,移远通信,188.00,188.01,192.30,186.68,189.00,0.53,2.99,1299646,246999351.89,2021-04-27,1.83,21134681946.00,13422024000.00,7.06,111.81
1145,SHSE.603238,诺邦股份,25.73,25.80,25.80,24.80,24.90,-3.23,3.89,1159709,29108420.82,2021-04-27,0.97,3078138000.00,2988000000.00,2.56,11.47
1146,SHSE.603239,浙江仙通,15.85,15.87,16.50,15.61,16.43,3.66,5.62,1342700,21702524.00,2021-04-27,0.50,4447929600.00,4447929600.00,4.37,35.95
1147,SHSE.603256,宏和科技,9.57,9.53,9.67,9.32,9.40,-1.78,3.66,2502642,23563097.96,2021-04-27,1.84,8251320000.00,1278146397.40,5.47,75.71
1148,SHSE.603258,电魂网络,26.75,26.75,26.96,26.35,26.45,-1.12,2.28,1429917,37869189.63,2021-04-27,0.59,6559414850.00,6379946310.00,2.82,16.61
1149,SHSE.603259,药明康德,147.18,147.97,153.00,146.66,152.11,3.35,4.31,17223078,2596401672.85,2021-04-27,1.17,372765876743.89,224518236827.57,10.56,125.92
1150,SHSE.603260,合盛硅业,54.01,53.88,57.50,53.35,56.92,5.39,7.68,10790408,604688248.60,2021-04-27,1.15,53390960000.00,53390960000.00,5.04,25.97
1151,SHSE.603266,天龙股份,10.55,10.55,11.45,10.36,10.91,3.41,10.33,3916950,42381175.32,2021-04-27,1.99,2170114100.50,2146695480.02,2.06,23.39
1152,SHSE.603267,鸿远电子,123.30,126.68,134.88,120.58,127.50,3.41,11.60,4692933,599645912.19,2021-04-27,2.98,29513190000.00,20082825390.00,10.52,46.76
1153,SHSE.603268,松发股份,16.81,16.88,16.95,16.58,16.70,-0.65,2.20,368500,6155803.20,2021-04-27,0.30,2073618960.00,2073618960.00,3.14,1280.40
1154,SHSE.603269,海鸥股份,10.40,10.40,10.43,9.90,10.17,-2.21,5.10,2690157,27348638.23,2021-04-27,2.39,1144316867.22,1144316867.22,1.33,34.06
1155,SHSE.603277,银都股份,17.85,17.84,18.48,17.25,17.41,-2.46,6.89,2516764,44776532.26,2021-04-27,0.62,7139057550.00,7106283225.00,3.04,23.40
1156,SHSE.603278,大业股份,8.76,8.76,8.81,8.60,8.79,0.34,2.40,1409820,12270875.00,2021-04-27,0.49,2548531128.78,2548531128.78,1.49,15.70
1157,SHSE.603279,景津装备,24.72,24.85,24.85,24.33,24.63,-0.36,2.10,2543970,62504025.10,2021-04-27,1.34,10146316185.00,4687351334.13,3.27,19.71
1158,SHSE.603283,赛腾股份,24.96,24.93,25.40,23.21,23.45,-6.05,8.77,3460880,82674162.39,2021-04-27,1.98,4203289528.20,4102567299.25,3.40,24.03
1159,SHSE.603286,日盈电子,14.09,14.09,14.20,13.80,14.03,-0.43,2.84,689200,9618190.00,2021-04-27,0.78,1235706280.00,1235706280.00,2.61,55.05
1160,SHSE.603288,海天味业,162.01,162.29,163.95,162.00,163.33,0.81,1.20,3754499,612689742.05,2021-04-27,0.12,529261589162.64,529261589162.64,24.03,82.66
1161,SHSE.603289,泰瑞机器,7.96,7.99,7.99,7.80,7.83,-1.63,2.39,1032380,8090485.90,2021-04-27,0.39,2323944000.00,2080596996.00,1.80,25.01
1162,SHSE.603290,斯达半导,197.75,197.80,200.93,194.88,199.55,0.91,3.06,1687210,335160815.60,2021-04-27,2.14,31928000000.00,15755915645.60,25.86,176.71
1163,SHSE.603297,永新光学,47.81,48.50,48.70,47.22,47.80,-0.02,3.10,1663568,79970060.11,2021-04-27,3.26,5283334000.00,2441680069.40,3.82,21.06
1164,SHSE.603298,杭叉集团,21.50,21.52,21.56,20.50,21.02,-2.23,4.93,8338919,173716272.13,2021-04-27,0.96,18211640809.04,18211640809.04,3.55,20.09
1165,SHSE.603299,苏盐井神,8.03,8.00,8.02,7.68,7.75,-3.49,4.23,11771024,91607519.02,2021-04-27,2.10,6001443047.00,4335660000.00,1.47,31.73
1166,SHSE.603300,华铁应急,8.76,8.71,8.84,8.65,8.80,0.46,2.17,4349420,38202135.80,2021-04-27,0.50,7943817244.00,7640396077.60,2.33,21.78
1167,SHSE.603301,振德医疗,58.13,58.00,60.58,57.67,60.58,4.21,5.01,6022135,357824006.52,2021-04-27,2.65,13764062906.88,13764062906.88,3.20,6.37
1168,SHSE.603303,得邦照明,11.97,11.95,12.05,11.70,12.05,0.67,2.92,1045652,12439397.64,2021-04-27,0.21,5876970160.30,5876970160.30,1.97,16.06
1169,SHSE.603305,旭升集团,30.92,31.56,32.20,31.11,31.13,0.68,3.53,2448619,77338860.64,2021-04-27,0.55,13916307944.66,13916307944.66,4.08,37.44
1170,SHSE.603306,华懋科技,23.39,23.45,23.58,23.06,23.26,-0.56,2.22,1480831,34339900.22,2021-04-27,0.48,7181297191.56,7141278361.56,2.85,33.37
1171,SHSE.603308,应流股份,27.41,27.40,27.58,26.74,27.40,-0.04,3.06,3710239,100811224.28,2021-04-27,0.76,13370161156.40,13370161156.40,3.49,85.82
1172,SHSE.603309,维力医疗,13.84,13.75,13.84,13.54,13.69,-1.08,2.17,2528857,34634723.43,2021-04-27,0.97,3559400000.00,3559400000.00,3.08,21.20
1173,SHSE.603311,金海高科,11.35,11.35,11.46,11.19,11.46,0.97,2.38,814700,9234019.00,2021-04-27,0.39,2406600000.00,2406600000.00,2.72,25.78
1174,SHSE.603313,梦百合,31.01,31.00,31.36,30.60,31.00,-0.03,2.45,2571012,79723982.65,2021-04-27,0.74,11628586793.00,10778913280.00,3.23,25.35
1175,SHSE.603315,福鞍股份,12.95,12.96,12.96,12.70,12.84,-0.85,2.01,997100,12758722.00,2021-04-27,0.45,3942217229.76,2824169568.84,2.85,36.35
1176,SHSE.603316,诚邦股份,7.38,7.11,7.23,6.72,6.97,-5.56,6.91,15504134,107934124.52,2021-04-27,7.63,1416861600.00,1416861600.00,1.56,37.59
1177,SHSE.603317,天味食品,43.52,43.42,43.78,42.50,42.98,-1.24,2.94,3123462,134177095.86,2021-04-27,2.49,27096502074.18,5381729955.00,7.10,74.39
1178,SHSE.603318,水发燃气,6.62,6.60,6.60,6.43,6.48,-2.11,2.57,2019588,13128166.12,2021-04-27,0.53,2449512284.40,2449512284.40,2.43,-63.19
1179,SHSE.603319,湘油泵,35.95,35.60,35.60,32.36,32.36,-9.99,9.01,6620400,218097180.10,2021-04-27,6.31,3725296273.44,3394614158.00,2.76,21.03
1180,SHSE.603320,迪贝电气,10.75,10.75,10.96,10.50,10.78,0.28,4.28,973840,10376736.80,2021-04-27,0.75,1401478855.70,1401478855.70,2.02,30.83
1181,SHSE.603321,梅轮电梯,7.16,7.16,7.17,6.98,7.02,-1.96,2.65,1301400,9162801.00,2021-04-27,0.42,2155140000.00,2155140000.00,1.96,45.66
1182,SHSE.603322,超讯通信,14.83,14.92,14.92,13.91,14.10,-4.92,6.81,2600725,37246610.01,2021-04-27,1.66,2258115000.00,2206932000.00,5.10,57.02
1183,SHSE.603323,苏农银行,4.58,4.59,4.60,4.55,4.58,0.00,1.09,5238504,23901720.22,2021-04-27,0.36,8258055081.10,6595156769.38,0.68,8.68
1184,SHSE.603324,盛剑环境,40.23,39.50,40.00,36.21,36.36,-9.62,9.42,9240718,342713978.11,2021-04-27,29.82,4505731200.00,1126687465.44,3.54,37.05
1185,SHSE.603326,我乐家居,11.36,11.30,11.34,10.89,11.16,-1.76,3.96,2343586,26017654.71,2021-04-27,0.74,3595802778.00,3510706550.40,3.17,15.69
1186,SHSE.603327,福蓉科技,16.03,16.04,16.05,15.61,15.80,-1.43,2.74,1115700,17555996.00,2021-04-27,1.09,6335800000.00,1619036270.00,4.04,20.89
1187,SHSE.603328,依顿电子,6.91,6.92,6.97,6.89,6.94,0.43,1.16,1790959,12404104.30,2021-04-27,0.18,6929191720.34,6929191720.34,2.07,30.87
1188,SHSE.603329,上海雅仕,12.04,12.07,12.10,11.83,12.08,0.33,2.24,1127600,13483093.00,2021-04-27,0.85,1917774835.60,1594560000.00,2.04,24.23
1189,SHSE.603330,天洋新材,26.30,26.29,27.50,25.93,27.16,3.27,5.97,3219415,85937971.77,2021-04-27,2.13,4612015807.84,4098456330.64,4.62,72.22
1190,SHSE.603331,百达精工,10.37,10.29,10.50,9.89,10.38,0.10,5.88,2387787,24493675.00,2021-04-27,1.34,1857535036.02,1849273594.02,2.20,18.62
1191,SHSE.603332,苏州龙杰,17.85,17.75,17.75,16.88,17.04,-4.54,4.87,2554100,43929094.00,2021-04-27,8.59,2026703520.00,506684400.00,1.50,42.47
1192,SHSE.603333,尚纬股份,7.06,6.95,7.05,6.77,6.81,-3.54,3.97,10513300,72267361.00,2021-04-27,2.03,3540553050.00,3519174294.42,2.38,214.26
1193,SHSE.603335,迪生力,4.34,4.33,4.34,4.22,4.27,-1.61,2.76,2615445,11168425.98,2021-04-27,0.61,1828177442.00,1828177442.00,2.97,37.65
1194,SHSE.603336,宏辉果蔬,9.47,9.48,9.54,9.25,9.28,-2.01,3.06,5720166,53315971.36,2021-04-27,1.70,3131374296.00,3131374296.00,2.99,42.56
1195,SHSE.603337,杰克股份,31.30,32.80,34.43,31.80,33.55,7.19,8.40,11450566,383098213.18,2021-04-27,2.58,14958888846.00,14912579781.00,4.88,36.99
1196,SHSE.603338,浙江鼎力,88.42,87.20,90.16,87.06,90.05,1.84,3.51,2034519,182069764.81,2021-04-27,0.42,43717975668.55,43717975668.55,11.17,50.21
1197,SHSE.603339,四方科技,9.27,9.25,9.29,9.10,9.25,-0.22,2.05,1013848,9289813.60,2021-04-27,0.33,2862330868.75,2862330868.75,1.55,23.97
1198,SHSE.603345,安井食品,234.50,231.02,243.19,230.50,242.35,3.35,5.41,1328550,316360275.45,2021-04-27,0.55,59236243646.00,58246486246.00,12.64,98.11
1199,SHSE.603348,文灿股份,27.84,27.84,28.76,27.78,28.34,1.80,3.52,4799690,135249989.55,2021-04-27,4.72,7357246594.62,2882360594.62,2.85,75.16
1200,SHSE.603351,威尔药业,22.40,22.00,22.04,21.45,21.56,-3.75,2.63,901384,19559819.52,2021-04-27,1.51,2817174741.92,1286394712.68,2.12,29.82
1201,SHSE.603353,和顺石油,45.10,45.17,46.86,43.70,46.00,2.00,7.01,5092234,231260626.69,2021-04-27,10.71,6135480000.00,2186840000.00,3.67,33.21
1202,SHSE.603355,莱克电气,37.25,37.25,38.92,36.90,38.75,4.03,5.42,2154813,82221308.96,2021-04-27,0.54,15920921875.00,15538750000.00,4.35,29.70
1203,SHSE.603356,华菱精工,10.65,10.59,10.63,10.46,10.54,-1.03,1.60,976100,10263932.00,2021-04-27,0.73,1405403600.00,1405403600.00,1.82,19.08
1204,SHSE.603357,设计总院,9.12,9.07,9.23,9.03,9.05,-0.77,2.19,2120433,19244685.56,2021-04-27,0.47,4113611416.90,4113611416.90,1.52,11.24
1205,SHSE.603358,华达科技,22.20,22.00,22.58,21.90,22.47,1.22,3.06,1404253,31282924.96,2021-04-27,0.45,7046592000.00,7046592000.00,2.45,30.75
1206,SHSE.603359,东珠生态,16.37,16.37,16.37,16.17,16.21,-0.98,1.22,1605020,26057892.40,2021-04-27,0.50,5165154400.00,5165154400.00,1.58,13.58
1207,SHSE.603360,百傲化学,13.78,13.71,14.06,13.70,13.85,0.51,2.61,770199,10697585.42,2021-04-27,0.29,3619647640.00,3619647640.00,3.64,19.71
1208,SHSE.603363,傲农生物,13.08,13.05,13.15,13.02,13.08,0.00,0.99,2627779,34350965.74,2021-04-27,0.42,8816132850.84,8171859792.84,3.04,15.39
1209,SHSE.603365,水星家纺,15.79,15.78,16.18,15.69,15.83,0.25,3.10,1315996,20856897.51,2021-04-27,0.49,4221386100.00,4221386100.00,1.73,15.40
1210,SHSE.603366,日出东方,4.71,4.72,4.73,4.57,4.59,-2.55,3.40,10647692,49128207.59,2021-04-27,1.33,3672000000.00,3672000000.00,1.10,33.48
1211,SHSE.603367,辰欣药业,13.39,13.46,13.46,13.20,13.44,0.37,1.94,1807004,24126129.35,2021-04-27,0.40,6093064320.00,6024856320.00,1.24,13.89
1212,SHSE.603368,柳药集团,22.85,22.70,23.16,22.50,23.04,0.83,2.89,2628929,59975076.55,2021-04-27,0.73,8350659118.08,8292870743.04,1.62,11.73
1213,SHSE.603369,今世缘,52.65,52.51,53.32,51.78,52.44,-0.40,2.92,7021426,368449579.97,2021-04-27,0.56,65785980000.00,65785980000.00,7.25,41.98
1214,SHSE.603377,东方时尚,14.52,14.33,14.72,14.30,14.53,0.07,2.89,7609797,111136673.07,2021-04-27,1.25,8872402027.90,8872402027.90,4.24,36.15
1215,SHSE.603378,亚士创能,62.84,62.51,65.09,62.20,64.50,2.64,4.60,2043670,130113531.62,2021-04-27,1.06,13298179720.50,12438650850.00,6.57,42.14
1216,SHSE.603379,三美股份,16.38,16.11,16.37,16.02,16.11,-1.65,2.14,1517594,24464715.46,2021-04-27,0.79,9834817286.07,3110209214.13,1.95,53.03
1217,SHSE.603380,易德龙,22.88,22.79,22.95,21.86,22.29,-2.58,4.76,2116319,47128345.04,2021-04-27,1.32,3595131810.00,3566400000.00,3.51,18.68
1218,SHSE.603383,顶点软件,27.59,27.60,27.88,26.76,27.14,-1.63,4.06,1934243,52581599.84,2021-04-27,1.15,4566319004.24,4566319004.24,3.87,41.91
1219,SHSE.603385,惠达卫浴,10.68,10.65,10.66,10.45,10.47,-1.97,1.97,1895320,19916434.90,2021-04-27,0.51,3976111260.06,3867580768.68,1.07,12.47
1220,SHSE.603386,骏亚科技,16.58,16.50,16.51,15.80,16.38,-1.21,4.28,3162977,51124138.29,2021-04-27,1.50,3674731919.04,3462319944.72,3.12,19.45
1221,SHSE.603387,基蛋生物,38.83,39.35,40.10,38.74,39.02,0.49,3.50,6825767,268123926.47,2021-04-27,2.62,10158500786.42,10157397027.68,5.42,33.34
1222,SHSE.603388,元成股份,6.20,6.13,6.14,5.94,5.96,-3.87,3.23,2484271,14919043.50,2021-04-27,0.87,1699446677.60,1699446677.60,1.56,18.54
1223,SHSE.603389,亚振家居,4.22,4.24,4.24,4.08,4.10,-2.84,3.79,2163440,8950995.00,2021-04-27,0.82,1077283200.00,1077283200.00,1.64,-489.06
1224,SHSE.603390,通达电气,10.43,10.24,10.30,9.81,9.84,-5.66,4.70,7219890,71964457.90,2021-04-27,5.62,3460599922.56,1264699618.56,2.02,54.26
1225,SHSE.603392,万泰生物,296.49,297.76,305.70,292.99,301.00,1.52,4.29,1288419,388059738.20,2021-04-27,2.96,130513600000.00,13123600000.00,45.91,145.70
1226,SHSE.603393,新天然气,19.76,19.77,20.40,19.54,20.39,3.19,4.35,3148303,62863246.69,2021-04-27,1.00,6394304000.00,6394304000.00,1.88,17.81
1227,SHSE.603396,金辰股份,29.23,29.23,29.52,28.55,29.01,-0.75,3.32,957700,27644282.00,2021-04-27,0.91,3068658479.34,3068658479.34,3.01,37.17
1228,SHSE.603398,沐邦高科,9.07,9.03,9.46,8.94,9.29,2.43,5.73,4927777,45368747.14,2021-04-27,1.66,2753396212.00,2753396212.00,3.53,54.47
1229,SHSE.603399,吉翔股份,4.12,4.14,4.18,4.03,4.09,-0.73,3.64,7323601,29871034.06,2021-04-27,1.44,2088041724.41,2077927154.41,1.09,-6.10
1230,SHSE.603408,建霖家居,16.01,16.01,16.07,15.81,15.87,-0.87,1.62,761100,12092234.00,2021-04-27,1.69,7088811600.00,714150000.00,2.85,18.01
1231,SHSE.603416,信捷电气,67.95,68.13,68.89,66.41,67.15,-1.18,3.65,1474211,99061105.90,2021-04-27,1.62,9438604000.00,6125748006.00,5.90,25.29
1232,SHSE.603421,鼎信通讯,8.33,8.45,8.45,8.17,8.29,-0.48,3.36,1469481,12147610.78,2021-04-27,0.23,5414963429.19,5406659336.19,1.75,29.91
1233,SHSE.603429,集友股份,35.80,35.80,36.10,34.56,35.75,-0.14,4.30,3128661,110561947.79,2021-04-27,0.84,13593542712.75,13319268712.75,10.97,137.24
1234,SHSE.603439,贵州三力,19.05,18.76,19.59,17.68,19.49,2.31,10.03,7064235,131738796.30,2021-04-27,17.34,7938709989.84,794022600.00,7.90,90.56
1235,SHSE.603444,吉比特,447.66,447.21,457.55,444.44,449.05,0.31,2.93,1187332,534361096.00,2021-04-27,1.65,32270777075.60,32270777075.60,7.72,29.62
1236,SHSE.603456,九洲药业,41.51,41.21,42.80,40.11,42.69,2.84,6.48,7093749,296211098.01,2021-04-27,0.88,35492727689.70,34293217281.99,8.51,103.94
1237,SHSE.603458,勘设股份,16.14,16.10,16.19,15.69,15.80,-2.11,3.10,3712396,58908835.72,2021-04-27,1.57,3814718109.00,3738216879.00,1.22,7.43
1238,SHSE.603466,风语筑,26.65,26.25,27.38,26.22,27.26,2.29,4.35,7191705,193633173.95,2021-04-27,2.49,7947663904.00,7868740752.00,3.73,17.49
1239,SHSE.603477,巨星农牧,16.15,16.10,16.61,16.02,16.43,1.73,3.65,4060800,66315472.00,2021-04-27,1.69,7687788064.47,3943200000.00,2.66,21.23
1240,SHSE.603486,科沃斯,145.24,150.00,159.76,148.00,159.76,10.00,8.10,8065872,1259049902.50,2021-04-27,4.49,91469633434.00,28700680785.28,26.68,97.94
1241,SHSE.603488,展鹏科技,7.85,7.79,7.87,7.55,7.60,-3.18,4.08,2165122,16622862.73,2021-04-27,0.74,2223132240.00,2219127344.00,2.35,20.47
1242,SHSE.603489,八方股份,184.00,186.80,186.80,181.36,183.00,-0.54,2.96,171915,31384265.07,2021-04-27,0.24,22017636765.00,13066200000.00,8.99,54.73
1243,SHSE.603496,恒为科技,15.80,15.75,15.76,14.99,15.00,-5.06,4.87,1603947,24422290.20,2021-04-27,0.81,3012919800.00,2983012530.00,3.77,73.27
1244,SHSE.603499,翔港科技,8.08,8.05,8.10,7.63,7.79,-3.59,5.82,2473377,19297966.26,2021-04-27,1.23,1567655595.94,1560492270.28,2.77,1382.52
1245,SHSE.603500,祥和实业,13.04,13.17,13.17,12.71,12.80,-1.84,3.53,2594280,33584800.71,2021-04-27,1.47,2257920000.00,2257920000.00,2.61,31.41
1246,SHSE.603501,韦尔股份,291.26,295.12,297.28,287.92,293.78,0.87,3.21,3930230,1150100113.60,2021-04-27,0.50,255039909738.02,230617740670.00,20.50,77.24
1247,SHSE.603505,金石资源,25.69,25.62,25.88,25.17,25.37,-1.25,2.76,1156699,29414739.04,2021-04-27,0.49,6088800000.00,6025324260.00,5.40,25.59
1248,SHSE.603506,南都物业,21.50,21.65,21.65,20.96,21.14,-1.67,3.21,393038,8310620.42,2021-04-27,0.29,2835444462.90,2835444462.90,3.30,20.57
1249,SHSE.603507,振江股份,21.46,21.40,22.25,21.24,21.95,2.28,4.71,3031252,66197064.28,2021-04-27,2.41,2784058980.00,2757609230.00,1.91,29.28
1250,SHSE.603508,思维列控,19.78,19.78,20.09,19.14,19.66,-0.61,4.80,1406861,27498995.68,2021-04-27,0.62,5357780573.66,4425694252.60,1.35,-8.85
1251,SHSE.603515,欧普照明,29.82,29.75,30.00,29.05,29.09,-2.45,3.19,3200339,94638480.93,2021-04-27,0.42,21954098552.98,21926840059.38,4.07,23.31
1252,SHSE.603516,淳中科技,24.40,24.31,24.55,23.88,24.24,-0.66,2.75,1425355,34491442.52,2021-04-27,0.77,4522068354.00,4467787722.00,4.62,32.81
1253,SHSE.603517,绝味食品,79.35,81.00,87.29,79.47,87.29,10.01,9.86,5480485,462474562.75,2021-04-27,0.90,53127373366.55,53127373366.55,10.20,60.77
1254,SHSE.603518,锦泓集团,9.69,10.66,10.66,10.66,10.66,10.01,0.00,1830342,19511445.72,2021-04-27,0.73,2690761211.84,2665127994.62,1.41,-3.21
1255,SHSE.603519,立霸股份,17.01,16.98,17.02,16.30,16.30,-4.17,4.23,2287590,37931110.96,2021-04-27,1.03,3617619815.80,3617619815.80,4.55,37.82
1256,SHSE.603520,司太立,63.60,64.00,65.16,61.49,64.55,1.49,5.77,4449305,283160081.67,2021-04-27,1.82,15808601160.65,15766004615.65,8.34,68.33
1257,SHSE.603527,众源新材,7.64,7.70,8.40,7.70,8.40,9.95,9.16,8466572,70632946.64,2021-04-27,3.47,2048121600.00,2048121600.00,2.11,26.97
1258,SHSE.603528,多伦科技,7.88,7.90,8.25,7.83,7.97,1.14,5.33,9081915,72732966.37,2021-04-27,1.46,4993376355.00,4974104895.00,3.00,38.33
1259,SHSE.603530,神马电力,18.57,18.50,18.57,18.01,18.10,-2.53,3.02,997000,18073119.00,2021-04-27,2.49,7240805269.00,724805269.00,6.43,55.40
1260,SHSE.603533,掌阅科技,31.93,32.15,32.17,31.10,31.60,-1.03,3.35,4562505,143536703.02,2021-04-27,1.14,13869139986.00,12671600000.00,5.46,52.50
1261,SHSE.603535,嘉诚国际,30.61,30.60,31.81,29.74,30.92,1.01,6.76,1785980,54987495.40,2021-04-27,1.19,4650368000.00,4650368000.00,2.64,28.06
1262,SHSE.603536,惠发食品,13.39,13.28,13.28,12.34,12.53,-6.42,7.02,2478636,31215778.92,2021-04-27,1.48,2153731580.00,2105040000.00,3.33,344.94
1263,SHSE.603538,美诺华,40.76,40.70,40.72,37.00,38.99,-4.34,9.13,27825720,1084368624.41,2021-04-27,18.82,5833266607.00,5763277607.50,3.68,33.51
1264,SHSE.603551,奥普家居,12.21,12.28,12.76,12.21,12.62,3.36,4.50,1780986,22296679.22,2021-04-27,1.33,5117473100.00,1687752598.18,2.78,20.36
1265,SHSE.603555,ST贵人,3.04,3.04,3.08,2.89,2.89,-4.93,6.25,6922700,20340695.00,2021-04-27,1.10,1816660193.27,1816660193.27,-37.28,-1.53
1266,SHSE.603556,海兴电力,12.60,12.60,12.66,12.37,12.39,-1.67,2.30,997088,12398035.38,2021-04-27,0.20,6054795255.60,6054795255.60,1.12,12.58
1267,SHSE.603557,ST起步,8.62,8.62,9.15,8.42,8.75,1.51,8.47,14030540,122916473.00,2021-04-27,2.84,4340068267.50,4322734517.50,2.77,52.99
1268,SHSE.603558,健盛集团,8.41,8.49,8.63,8.30,8.59,2.14,3.92,2487529,21152629.53,2021-04-27,0.60,3576501037.91,3576501037.91,1.56,-6.68
1269,SHSE.603559,ST通脉,12.05,12.05,12.06,11.68,11.77,-2.32,3.15,1693143,20005805.48,2021-04-27,1.18,1686796446.39,1686796446.39,1.96,-1699.73
1270,SHSE.603565,中谷物流,29.15,29.52,32.06,29.51,30.67,5.21,8.75,3759673,115939225.32,2021-04-27,5.64,20446666676.89,2044666676.89,3.79,17.40
1271,SHSE.603566,普莱柯,20.86,20.95,21.02,20.70,20.98,0.58,1.53,1536524,32075622.60,2021-04-27,0.48,6744986080.00,6744986080.00,3.75,29.62
1272,SHSE.603567,珍宝岛,13.96,13.97,14.25,13.80,14.25,2.08,3.22,2443874,34603234.27,2021-04-27,0.29,12100530000.00,12100530000.00,2.14,38.84
1273,SHSE.603568,伟明环保,23.00,22.95,23.17,22.70,22.89,-0.48,2.04,5617635,128737866.93,2021-04-27,0.45,28762620539.94,28762258992.39,5.15,20.13
1274,SHSE.603569,长久物流,7.18,7.20,7.33,7.16,7.20,0.28,2.37,847307,6123199.59,2021-04-27,0.15,4033993723.20,4033993723.20,1.84,20.80
1275,SHSE.603577,汇金通,9.20,9.20,9.32,9.10,9.16,-0.43,2.39,594000,5433150.00,2021-04-27,0.24,2640537032.60,2244456480.00,1.92,24.92
1276,SHSE.603578,三星新材,20.26,20.21,20.45,20.02,20.45,0.94,2.12,472427,9563449.92,2021-04-27,0.52,1875480829.30,1869713929.30,2.52,21.94
1277,SHSE.603579,荣泰健康,30.90,30.54,31.98,30.52,31.72,2.65,4.72,1160021,36442872.19,2021-04-27,0.83,4440800000.00,4440800000.00,2.65,23.01
1278,SHSE.603580,艾艾精工,10.64,10.59,10.59,10.15,10.21,-4.04,4.14,756792,7792865.67,2021-04-27,0.58,1334173372.00,1334173372.00,3.01,43.65
1279,SHSE.603583,捷昌驱动,62.03,61.99,62.98,61.39,62.14,0.18,2.56,1172052,72828700.30,2021-04-27,0.68,16951607568.48,10717973441.24,4.66,40.82
1280,SHSE.603585,苏利股份,15.27,15.28,15.36,14.90,15.16,-0.72,3.01,665342,10042123.72,2021-04-27,0.37,2728800000.00,2728800000.00,1.32,15.62
1281,SHSE.603586,金麒麟,15.00,15.07,15.50,14.94,15.45,3.00,3.73,1002094,15291519.00,2021-04-27,0.50,3146372415.00,3122656665.00,1.46,19.29
1282,SHSE.603587,地素时尚,19.45,19.37,20.16,19.20,20.15,3.60,4.94,4015807,79864874.22,2021-04-27,3.52,9696180000.00,2297100000.00,2.67,15.66
1283,SHSE.603588,高能环境,19.20,19.15,19.28,18.92,19.12,-0.42,1.87,5804773,110682674.98,2021-04-27,0.76,15525538659.20,14653775815.28,3.17,25.93
1284,SHSE.603589,口子窖,59.85,59.40,60.72,58.60,60.36,0.85,3.54,6754804,405090194.97,2021-04-27,1.13,36216000000.00,36216000000.00,4.73,28.11
1285,SHSE.603590,康辰药业,35.38,35.18,35.79,35.13,35.77,1.10,1.87,1014754,36080368.23,2021-04-27,1.25,5723200000.00,2910702909.80,1.95,31.21
1286,SHSE.603595,东尼电子,19.03,18.93,19.07,18.08,18.13,-4.73,5.20,1719532,31603719.32,2021-04-27,1.07,3860334655.59,2924715428.04,3.44,96.41
1287,SHSE.603596,伯特利,30.05,30.00,31.01,29.72,30.50,1.50,4.29,3242642,98274307.53,2021-04-27,1.89,12461110500.00,5227501750.00,4.41,27.00
1288,SHSE.603598,引力传媒,11.18,11.25,11.36,10.81,10.90,-2.50,4.92,4037871,44342071.00,2021-04-27,1.51,2949790700.00,2919705610.00,6.31,-14.76
1289,SHSE.603599,广信股份,29.80,29.87,30.32,28.61,29.13,-2.25,5.74,5047355,146776112.03,2021-04-27,1.09,13536103202.55,13443665643.54,2.28,25.70
1290,SHSE.603600,永艺股份,12.03,11.96,12.15,11.95,12.05,0.17,1.66,1715085,20654193.59,2021-04-27,0.57,3645277312.00,3645277312.00,2.52,14.86
1291,SHSE.603601,再升科技,12.04,12.05,12.12,11.75,11.94,-0.83,3.07,5232333,62446529.58,2021-04-27,0.73,8590570233.36,8590570233.36,4.51,22.86
1292,SHSE.603602,纵横通信,10.78,10.71,10.75,10.50,10.64,-1.30,2.32,1756490,18653167.81,2021-04-27,0.86,2168942964.72,2168942964.72,3.06,130.59
1293,SHSE.603603,*ST博天,5.35,5.30,5.38,5.15,5.25,-1.87,4.30,8280800,43204207.00,2021-04-27,3.23,2193366294.00,1345395124.50,4.08,-5.79
1294,SHSE.603605,珀莱雅,176.63,176.63,181.66,175.09,179.99,1.90,3.72,1404755,251541956.59,2021-04-27,0.70,36199035330.75,36117291072.35,14.45,71.23
1295,SHSE.603606,东方电缆,22.80,22.73,22.88,22.50,22.55,-1.10,1.67,5517316,124906868.13,2021-04-27,0.84,14750073748.30,14750073748.30,4.41,13.60
1296,SHSE.603607,京华激光,14.94,14.97,14.98,14.62,14.73,-1.41,2.41,888116,13073622.88,2021-04-27,0.50,2629552464.00,2629552464.00,2.83,24.86
1297,SHSE.603608,天创时尚,5.96,5.94,6.02,5.83,5.99,0.50,3.19,2972060,17650852.40,2021-04-27,0.70,2569153091.73,2547748323.90,1.58,25.43
1298,SHSE.603609,禾丰股份,11.52,11.50,11.52,11.21,11.21,-2.69,2.69,4716612,53279597.62,2021-04-27,0.52,10336291434.16,10184990165.05,1.47,8.46
1299,SHSE.603610,麒盛科技,27.25,27.43,27.44,27.06,27.40,0.55,1.39,560837,15248635.11,2021-04-27,0.54,5684378161.80,2821820071.60,1.88,20.79
1300,SHSE.603611,诺力股份,13.13,13.15,13.29,12.85,12.99,-1.07,3.35,1374840,17861938.40,2021-04-27,0.51,3470729694.66,3470729694.66,1.80,14.32
1301,SHSE.603612,索通发展,18.60,18.62,18.72,18.32,18.69,0.48,2.15,8797322,163171678.83,2021-04-27,2.06,8123847713.31,7962754865.31,2.15,56.21
1302,SHSE.603613,国联股份,138.80,137.80,139.00,135.03,135.62,-2.29,2.86,1906388,260246247.90,2021-04-27,1.59,32165349096.96,16302079228.28,8.34,134.52
1303,SHSE.603615,茶花股份,9.59,9.70,9.70,9.13,9.39,-2.09,5.94,8230936,76874149.67,2021-04-27,3.40,2296324500.00,2270689800.00,1.78,55.09
1304,SHSE.603616,韩建河山,6.25,6.28,6.30,5.92,5.99,-4.16,6.08,5481700,33047697.00,2021-04-27,1.87,1757226400.00,1757226400.00,2.37,61.71
1305,SHSE.603617,君禾股份,11.29,11.38,11.39,11.21,11.39,0.89,1.59,984472,11134071.32,2021-04-27,0.50,2271853739.59,2256226659.59,3.21,25.38
1306,SHSE.603618,杭电股份,6.49,6.50,6.68,6.15,6.33,-2.47,8.17,30414779,193750831.42,2021-04-27,4.40,4374290821.32,4374290821.32,1.62,30.80
1307,SHSE.603619,中曼石油,8.85,8.85,8.89,8.69,8.85,0.00,2.26,2814600,24662955.00,2021-04-27,0.70,3540000885.00,3540000885.00,1.87,-11.79
1308,SHSE.603626,科森科技,9.42,9.42,9.42,9.12,9.30,-1.27,3.18,6049698,55864985.61,2021-04-27,1.25,4565234778.00,4513230108.00,2.12,-1310.75
1309,SHSE.603628,清源股份,8.36,8.33,8.36,8.06,8.11,-2.99,3.59,1789300,14554403.00,2021-04-27,0.65,2220518000.00,2220518000.00,2.29,-194.18
1310,SHSE.603629,利通电子,22.44,22.58,22.80,22.03,22.51,0.31,3.43,1679801,37617846.20,2021-04-27,5.60,2251000000.00,675300000.00,2.22,48.56
1311,SHSE.603630,拉芳家化,16.46,16.48,16.62,15.75,16.34,-0.73,5.29,4708668,76143250.58,2021-04-27,2.10,3704604800.00,3667463980.00,2.01,49.89
1312,SHSE.603633,徕木股份,9.79,9.78,9.95,9.71,9.81,0.20,2.45,996358,9769017.82,2021-04-27,0.38,2584946772.00,2584946772.00,2.37,69.25
1313,SHSE.603636,南威软件,10.46,10.45,10.45,10.14,10.29,-1.63,2.96,4795333,48996420.61,2021-04-27,0.81,6079265917.62,6079265917.62,2.34,25.38
1314,SHSE.603637,镇海股份,7.29,7.29,7.29,7.12,7.15,-1.92,2.33,1216572,8738197.68,2021-04-27,0.50,1742469535.95,1737652123.35,2.22,24.66
1315,SHSE.603638,艾迪精密,59.12,59.12,61.09,58.50,60.86,2.94,4.38,2210781,133737258.61,2021-04-27,0.40,36443553229.76,34020136268.80,13.76,58.22
1316,SHSE.603639,海利尔,24.85,24.75,24.98,24.10,24.87,0.08,3.54,1456716,35890521.80,2021-04-27,0.62,5905354242.48,5881007954.94,2.15,15.87
1317,SHSE.603648,畅联股份,8.05,8.05,8.18,8.02,8.16,1.37,1.99,1183677,9587851.55,2021-04-27,0.32,3008320272.00,3008320272.00,1.69,27.04
1318,SHSE.603650,彤程新材,33.63,33.63,33.72,32.60,32.98,-1.93,3.33,1934353,63902748.85,2021-04-27,1.47,19325867750.00,4334149150.00,7.50,39.25
1319,SHSE.603655,朗博科技,22.59,22.17,22.82,21.60,22.31,-1.24,5.40,4081800,90257869.00,2021-04-27,3.85,2364860000.00,2364860000.00,4.57,82.06
1320,SHSE.603656,泰禾智能,13.30,13.30,13.48,13.15,13.31,0.08,2.48,797116,10622201.00,2021-04-27,0.54,2047232396.00,1981614096.00,2.13,60.04
1321,SHSE.603657,春光科技,18.26,18.27,18.36,17.98,18.27,0.05,2.08,507406,9233102.28,2021-04-27,1.27,2455488000.00,732170250.00,2.48,17.24
1322,SHSE.603658,安图生物,117.74,118.64,119.20,115.45,117.16,-0.49,3.18,2974310,347689256.80,2021-04-27,0.69,52836659688.44,50449435646.84,7.97,63.95
1323,SHSE.603659,璞泰来,76.98,76.90,76.96,73.64,75.82,-1.51,4.31,7281974,546943108.44,2021-04-27,1.17,52652418812.20,47112531794.56,5.68,57.90
1324,SHSE.603660,苏州科达,7.30,7.26,7.31,7.09,7.19,-1.51,3.01,3534882,25362398.08,2021-04-27,0.72,3589830418.76,3553108960.52,2.01,42.24
1325,SHSE.603661,恒林股份,59.00,59.00,60.28,58.42,59.84,1.42,3.15,484418,28702961.05,2021-04-27,1.68,5984000000.00,1720400000.00,2.17,16.47
1326,SHSE.603662,柯力传感,25.97,26.01,26.19,25.61,26.14,0.65,2.23,618580,16067012.20,2021-04-27,0.81,4369579025.04,1991476161.40,2.24,20.83
1327,SHSE.603663,三祥新材,14.10,14.11,14.27,14.01,14.24,0.99,1.84,557546,7870651.59,2021-04-27,0.29,2741527121.28,2732021636.48,4.28,40.81
1328,SHSE.603665,康隆达,16.30,16.17,16.63,16.00,16.52,1.35,3.87,1140412,18595417.44,2021-04-27,0.72,2614161028.36,2614161028.36,2.40,43.28
1329,SHSE.603666,亿嘉和,93.34,93.20,94.50,91.62,93.40,0.06,3.09,642471,59625259.94,2021-04-27,1.62,13801686244.00,3693403809.20,8.69,41.02
1330,SHSE.603667,五洲新春,8.17,8.12,8.22,8.07,8.14,-0.37,1.84,737120,5987064.80,2021-04-27,0.28,2379591336.32,2141865216.70,1.34,36.88
1331,SHSE.603668,天马科技,7.24,7.24,7.25,7.04,7.11,-1.80,2.90,6049951,43141101.19,2021-04-27,1.79,2415674061.72,2406783006.72,1.95,36.89
1332,SHSE.603669,灵康药业,9.08,9.08,9.38,9.05,9.31,2.53,3.63,4837273,44663386.49,2021-04-27,0.68,6642126400.00,6642126400.00,4.72,51.42
1333,SHSE.603676,卫信康,8.88,8.60,8.60,8.09,8.30,-6.53,5.74,8496592,70315161.32,2021-04-27,2.01,3510900000.00,3510900000.00,3.51,62.17
1334,SHSE.603677,奇精机械,10.87,10.81,10.86,10.71,10.77,-0.92,1.38,568418,6120405.76,2021-04-27,0.30,2069314520.70,2069314520.70,2.11,31.61
1335,SHSE.603678,火炬电子,54.74,55.85,57.45,53.89,55.70,1.75,6.50,7019765,389839926.64,2021-04-27,1.53,25613841064.00,25613841064.00,6.30,49.64
1336,SHSE.603679,华体科技,19.98,18.57,19.88,18.57,19.06,-4.60,6.56,1505360,28679399.00,2021-04-27,1.06,2723424066.22,2698327764.22,3.51,45.09
1337,SHSE.603680,今创集团,13.03,13.03,13.13,12.64,12.70,-2.53,3.76,1692198,21571936.28,2021-04-27,0.67,10041566416.70,3212513031.40,2.19,23.74
1338,SHSE.603681,永冠新材,23.51,23.16,23.58,22.88,23.30,-0.89,2.98,2967458,68864607.91,2021-04-27,4.81,3881584373.20,1436612387.20,2.47,17.81
1339,SHSE.603682,锦和商管,7.60,7.52,7.59,7.37,7.42,-2.37,2.89,3016988,22424408.96,2021-04-27,1.68,3505950000.00,1332261000.00,3.22,22.45
1340,SHSE.603683,晶华新材,15.68,15.54,15.87,15.26,15.60,-0.51,3.89,2322362,36062790.75,2021-04-27,1.83,2036034000.00,1976052000.00,2.15,13.09
1341,SHSE.603685,晨丰科技,10.65,10.65,10.84,10.43,10.76,1.03,3.85,815764,8648557.21,2021-04-27,0.48,1818440000.00,1818440000.00,1.62,17.92
1342,SHSE.603686,福龙马,16.11,16.01,16.17,15.56,15.95,-0.99,3.79,7491658,118453366.30,2021-04-27,1.80,6629709005.15,6629709005.15,2.28,14.98
1343,SHSE.603687,大胜达,8.83,8.78,8.83,8.57,8.68,-1.70,2.94,1353000,11732701.00,2021-04-27,0.95,3566248802.76,1230958166.76,2.07,26.58
1344,SHSE.603688,石英股份,18.45,18.61,18.78,18.23,18.46,0.05,2.98,2575500,47624609.53,2021-04-27,0.73,6515741302.46,6515741302.46,3.30,32.70
1345,SHSE.603689,皖天然气,9.64,9.69,9.71,9.49,9.58,-0.62,2.28,1602700,15328259.00,2021-04-27,0.48,3218880000.00,3218880000.00,1.33,15.40
1346,SHSE.603690,至纯科技,32.41,32.12,32.29,30.88,31.39,-3.15,4.35,3525332,110979036.01,2021-04-27,1.40,9986052798.86,7916647744.01,2.91,84.43
1347,SHSE.603693,江苏新能,12.86,12.52,12.52,11.93,12.08,-6.07,4.59,12633314,153300117.06,2021-04-27,6.55,7465440000.00,2331440000.00,1.54,45.10
1348,SHSE.603696,安记食品,9.46,9.41,10.41,9.31,10.41,10.04,11.63,9989819,101914385.83,2021-04-27,4.25,2448432000.00,2448432000.00,4.22,46.36
1349,SHSE.603697,有友食品,18.99,18.90,18.92,18.27,18.32,-3.53,3.42,5986100,110877718.00,2021-04-27,6.66,5644850000.00,1647021531.04,3.09,26.64
1350,SHSE.603698,航天工程,17.32,17.26,17.35,16.36,16.93,-2.25,5.72,17807340,299085949.87,2021-04-27,3.32,9074310700.00,9074310700.00,3.09,50.60
1351,SHSE.603699,纽威股份,14.21,14.19,14.44,13.93,14.08,-0.91,3.59,3576680,50621828.32,2021-04-27,0.48,10560000000.00,10560000000.00,3.63,20.02
1352,SHSE.603700,宁水集团,28.25,26.84,27.24,25.82,26.17,-7.36,5.03,4035665,105849352.76,2021-04-27,3.91,5318843140.00,2703970970.36,3.58,18.85
1353,SHSE.603701,德宏股份,8.30,8.26,8.28,8.04,8.09,-2.53,2.89,2197894,17826142.40,2021-04-27,0.84,2125183231.08,2114417779.09,2.90,33.47
1354,SHSE.603703,盛洋科技,14.05,14.08,14.08,13.75,13.81,-1.71,2.35,2396285,33259073.65,2021-04-27,1.04,4123804100.00,3172157000.00,3.77,785.78
1355,SHSE.603706,东方环宇,14.10,14.02,14.14,13.70,13.90,-1.42,3.12,911300,12637282.00,2021-04-27,1.56,2632419724.60,810920648.50,1.65,25.18
1356,SHSE.603707,健友股份,41.08,41.41,44.49,40.80,44.49,8.30,8.98,8972434,387608936.46,2021-04-27,0.96,41560813680.57,41495013193.02,10.80,47.52
1357,SHSE.603708,家家悦,19.34,19.33,19.49,19.00,19.04,-1.55,2.53,3321893,63522201.34,2021-04-27,0.55,11583954468.80,11583954468.80,4.11,23.41
1358,SHSE.603709,中源家居,20.36,20.29,20.48,20.00,20.27,-0.44,2.36,439800,8860841.00,2021-04-27,0.55,1621600000.00,1621600000.00,2.52,38.87
1359,SHSE.603711,香飘飘,21.90,21.86,21.93,21.51,21.75,-0.68,1.92,1099455,23904185.53,2021-04-27,0.27,9057800550.00,8841953550.00,3.16,34.88
1360,SHSE.603712,七一二,34.21,34.09,34.71,33.18,33.20,-2.95,4.47,4085988,137275425.90,2021-04-27,0.53,25630400000.00,25630400000.00,8.48,49.00
1361,SHSE.603713,密尔克卫,119.60,119.61,121.89,118.47,120.86,1.05,2.86,372471,44831339.40,2021-04-27,0.54,19879588934.96,8289768545.84,6.87,68.91
1362,SHSE.603716,塞力医疗,14.35,14.35,15.45,14.10,14.89,3.76,9.41,4059649,60842829.27,2021-04-27,2.11,3052866815.77,2865636382.17,1.95,60.79
1363,SHSE.603717,天域生态,10.05,10.04,10.11,9.96,10.05,0.00,1.49,2475374,24795271.42,2021-04-27,1.02,2430052212.00,2430052212.00,1.95,-16.78
1364,SHSE.603718,海利生物,16.46,16.54,17.26,15.68,17.26,4.86,9.60,24319067,403407407.75,2021-04-27,3.78,11115440000.00,11115440000.00,10.46,1245.20
1365,SHSE.603719,良品铺子,53.00,52.37,53.20,51.34,52.61,-0.74,3.51,1291188,67523757.61,2021-04-27,0.58,21096610000.00,11768679967.35,9.73,58.98
1366,SHSE.603721,中广天择,14.18,13.68,14.00,13.11,13.34,-5.92,6.28,12543605,168757240.39,2021-04-27,9.65,1734200000.00,1734200000.00,3.31,-137.70
1367,SHSE.603722,阿科力,33.91,33.69,34.10,32.20,32.49,-4.19,5.60,2326099,76368563.68,2021-04-27,2.68,2857089375.00,2823316020.00,4.73,45.89
1368,SHSE.603725,天安新材,7.84,7.84,7.91,7.68,7.84,0.00,2.93,1579775,12314149.45,2021-04-27,0.77,1609959680.00,1609959680.00,1.93,30.06
1369,SHSE.603726,朗迪集团,12.46,12.50,12.80,12.39,12.80,2.73,3.29,1663726,21108233.06,2021-04-27,0.90,2376335360.00,2376335360.00,2.26,21.31
1370,SHSE.603727,博迈科,16.30,16.30,16.46,15.84,16.40,0.61,3.80,1801496,29108856.50,2021-04-27,0.77,3840787372.80,3840787372.80,1.54,22.13
1371,SHSE.603728,鸣志电器,17.88,17.93,18.44,17.79,18.29,2.29,3.64,9772537,178044511.04,2021-04-27,2.35,7608640000.00,7608640000.00,3.41,31.23
1372,SHSE.603729,龙韵股份,12.87,12.73,12.76,12.43,12.54,-2.56,2.56,886320,11132729.40,2021-04-27,0.95,1170458520.00,1170458520.00,1.47,-286.98
1373,SHSE.603730,岱美股份,22.00,22.10,22.27,21.50,21.80,-0.91,3.50,2296834,50263045.47,2021-04-27,0.40,12633806407.20,12633806407.20,3.11,23.50
1374,SHSE.603733,仙鹤股份,26.76,26.57,27.40,26.57,27.20,1.64,3.10,6501891,175981109.56,2021-04-27,0.92,19202445635.20,19202445635.20,3.55,21.52
1375,SHSE.603737,三棵树,197.66,197.49,206.00,197.49,205.89,4.16,4.31,1088384,221777142.82,2021-04-27,0.42,55360509877.02,53674614407.43,22.00,110.33
1376,SHSE.603738,泰晶科技,23.51,23.41,23.62,23.07,23.36,-0.64,2.34,2397578,55929498.54,2021-04-27,1.41,4048376721.28,3975727121.28,4.77,46.96
1377,SHSE.603739,蔚蓝生物,24.78,24.78,25.22,24.32,25.00,0.89,3.63,2426605,60061876.03,2021-04-27,3.26,4501515000.00,1859400000.00,4.24,38.75
1378,SHSE.603755,日辰股份,63.61,63.62,65.51,62.51,65.08,2.31,4.72,315126,20116861.58,2021-04-27,0.92,6417778359.48,2225737561.92,10.29,71.97
1379,SHSE.603757,大元泵业,19.75,19.90,19.90,19.10,19.32,-2.18,4.05,1577156,30374409.00,2021-04-27,0.96,3237703560.00,3173271360.00,2.48,15.17
1380,SHSE.603758,秦安股份,10.12,9.70,9.80,9.11,9.11,-9.98,6.82,5872493,54098897.07,2021-04-27,1.34,3997441116.39,3997441116.39,1.52,10.81
1381,SHSE.603759,海天股份,25.49,25.21,26.20,25.09,25.21,-1.10,4.35,10746174,274879194.68,2021-04-27,13.78,7865520000.00,1966380000.00,3.79,45.00
1382,SHSE.603766,隆鑫通用,3.36,3.34,3.34,3.30,3.32,-1.19,1.19,6920972,22951151.32,2021-04-27,0.34,6817758942.00,6817758942.00,0.93,14.21
1383,SHSE.603767,中马传动,6.65,6.61,6.65,6.52,6.59,-0.90,1.95,773017,5071277.63,2021-04-27,0.26,2017185820.00,1987728520.00,1.37,28.53
1384,SHSE.603768,常青股份,15.22,15.25,15.47,14.64,14.80,-2.76,5.45,703798,10494122.44,2021-04-27,0.34,3019200000.00,3019200000.00,1.68,45.30
1385,SHSE.603773,沃格光电,26.48,26.48,26.89,25.70,25.90,-2.19,4.49,987285,25866724.38,2021-04-27,1.04,2450024900.40,2450024900.40,1.53,78.35
1386,SHSE.603776,永安行,26.46,26.55,28.88,26.20,27.15,2.61,10.13,12248617,332930642.73,2021-04-27,6.55,5092797000.00,5076954975.00,1.62,10.30
1387,SHSE.603777,来伊份,12.35,12.35,12.50,12.17,12.39,0.32,2.67,1592000,19605312.00,2021-04-27,0.47,4177066570.32,4169977260.12,2.39,-98.79
1388,SHSE.603778,国晟科技,4.40,4.45,4.45,4.26,4.29,-2.50,4.32,18594700,80137322.00,2021-04-27,3.72,2757857139.18,2145000000.00,1.98,-199.37
1389,SHSE.603779,威龙股份,6.24,6.22,6.23,6.05,6.13,-1.76,2.88,1069075,6568615.50,2021-04-27,0.35,2039752314.02,1872409922.16,1.77,-9.60
1390,SHSE.603786,科博达,70.01,70.43,70.43,67.80,68.30,-2.44,3.76,762059,52317775.07,2021-04-27,1.90,27326830000.00,2738830000.00,6.94,50.61
1391,SHSE.603787,新日股份,20.10,19.91,19.91,19.05,19.14,-4.78,4.28,2356163,45363493.68,2021-04-27,1.16,3904560000.00,3904560000.00,3.69,27.05
1392,SHSE.603788,宁波高发,14.05,14.05,14.34,13.71,14.20,1.07,4.48,3174077,44573700.53,2021-04-27,1.42,3167523965.60,3167523965.60,1.62,16.99
1393,SHSE.603789,星光农机,13.05,13.02,13.06,12.99,13.02,-0.23,0.54,1629902,21211734.98,2021-04-27,0.63,3385200000.00,3385200000.00,4.51,-40.24
1394,SHSE.603790,雅运股份,10.61,10.61,10.61,10.31,10.40,-1.98,2.83,1243650,12938118.10,2021-04-27,2.02,1990144000.00,640453216.00,1.75,32.72
1395,SHSE.603797,联泰环保,7.65,7.62,7.65,7.37,7.45,-2.61,3.66,2342336,17394140.24,2021-04-27,0.52,3351058715.55,3351058715.55,1.96,14.05
1396,SHSE.603798,康普顿,9.29,9.29,9.34,9.13,9.21,-0.86,2.26,745645,6855550.00,2021-04-27,0.37,1842000000.00,1842000000.00,1.74,19.81
1397,SHSE.603799,华友钴业,75.08,74.59,75.80,72.50,74.90,-0.24,4.40,21275684,1576638629.18,2021-04-27,1.86,90846538286.70,85480488297.40,5.49,55.55
1398,SHSE.603800,道森股份,9.19,9.08,9.14,8.97,8.98,-2.29,1.85,773300,6973270.00,2021-04-27,0.37,1867840000.00,1867840000.00,2.12,-215.95
1399,SHSE.603801,志邦家居,49.68,49.50,51.44,49.10,49.82,0.28,4.71,2474216,124237860.72,2021-04-27,1.14,11126467995.20,10851312135.20,4.83,22.67
1400,SHSE.603803,瑞斯康达,8.63,8.69,8.70,8.36,8.45,-2.09,3.94,2302604,19533299.76,2021-04-27,0.55,3557919456.65,3557919456.65,1.33,26.31
1401,SHSE.603806,福斯特,85.31,84.96,86.90,84.75,86.40,1.28,2.52,2774828,239237668.03,2021-04-27,0.36,66489324940.80,66489324940.80,7.26,34.90
1402,SHSE.603808,歌力思,14.49,14.37,14.73,14.29,14.73,1.66,3.04,5061388,73933243.37,2021-04-27,1.52,4897954950.03,4897954950.03,2.11,16.61
1403,SHSE.603809,豪能股份,18.39,18.75,19.80,18.36,18.50,0.60,7.83,3130788,59425769.88,2021-04-27,1.50,4002441700.00,3867854200.00,2.20,19.69
1404,SHSE.603810,丰山集团,26.43,26.39,26.40,25.91,26.22,-0.79,1.85,549660,14353322.80,2021-04-27,0.99,3047644992.00,1450399495.26,2.19,12.93
1405,SHSE.603811,诚意药业,26.38,26.40,26.40,25.68,26.28,-0.38,2.73,2191211,57142898.49,2021-04-27,1.31,4388549760.00,4388549760.00,4.77,23.53
1406,SHSE.603813,原尚股份,13.15,13.15,13.16,12.92,12.95,-1.52,1.83,385300,5004046.00,2021-04-27,0.43,1149726900.00,1149726900.00,2.33,-7.15
1407,SHSE.603815,交建股份,9.02,9.01,9.07,8.84,8.98,-0.44,2.55,3350700,29896481.00,2021-04-27,2.05,4481020000.00,1466322109.20,3.91,46.14
1408,SHSE.603816,顾家家居,82.50,82.38,84.88,82.03,83.16,0.80,3.45,1768722,147657780.16,2021-04-27,0.28,52581170287.80,51795867123.00,7.47,41.94
1409,SHSE.603817,海峡环保,6.15,6.13,6.13,5.97,6.00,-2.44,2.60,7293200,43871207.45,2021-04-27,1.62,2700034104.00,2700034104.00,1.52,20.76
1410,SHSE.603818,曲美家居,10.00,9.95,10.35,9.90,10.05,0.50,4.50,9085152,91436428.00,2021-04-27,1.57,5857939437.30,5832975237.30,2.64,176.34
1411,SHSE.603819,神力股份,9.92,9.86,10.15,9.69,10.07,1.51,4.64,2508852,24921362.94,2021-04-27,1.15,2192542983.09,2188694229.09,2.88,130.94
1412,SHSE.603822,嘉澳环保,20.19,20.48,20.48,19.89,19.91,-1.39,2.92,573583,11527174.19,2021-04-27,0.78,1460552882.14,1460552882.14,1.82,30.67
1413,SHSE.603823,百合花,17.20,17.40,17.67,16.94,17.30,0.58,4.24,3540525,61163472.61,2021-04-27,1.12,5496645960.00,5449500000.00,2.97,18.15
1414,SHSE.603825,华扬联众,15.97,15.83,16.00,14.90,14.91,-6.64,6.89,7295679,110874684.08,2021-04-27,3.22,3408658804.74,3375619109.52,1.89,15.22
1415,SHSE.603826,坤彩科技,40.31,40.31,43.50,40.01,41.89,3.92,8.66,2275610,94379575.64,2021-04-27,0.49,19604520000.00,19604520000.00,12.20,118.31
1416,SHSE.603828,柯利达,4.47,4.47,4.54,4.38,4.47,0.00,3.58,2994607,13371615.25,2021-04-27,0.55,2728756906.26,2447593200.00,1.68,75.51
1417,SHSE.603829,洛凯股份,10.94,10.94,10.94,10.45,10.60,-3.11,4.48,1278098,13568566.92,2021-04-27,1.77,1696000000.00,767440000.00,2.28,22.96
1418,SHSE.603833,欧派家居,152.59,151.19,155.63,149.75,153.86,0.83,3.85,1999240,304591501.86,2021-04-27,0.33,92674957841.76,92674957841.76,7.65,44.93
1419,SHSE.603838,四通股份,5.78,5.73,6.01,5.71,5.88,1.73,5.19,3299446,19428333.20,2021-04-27,1.16,1881694080.00,1674718080.00,1.77,-386.07
1420,SHSE.603839,安正时尚,9.54,9.63,10.49,9.63,10.49,9.96,9.01,18310581,184226900.13,2021-04-27,4.58,4197072287.80,4197072287.80,1.50,21.10
1421,SHSE.603843,正平股份,3.90,3.89,3.92,3.81,3.84,-1.54,2.82,3969644,15275227.52,2021-04-27,0.71,2150416128.00,2150416128.00,1.42,19.49
1422,SHSE.603848,好太太,12.44,12.35,12.60,12.22,12.23,-1.69,3.05,608900,7518738.00,2021-04-27,0.15,4904230000.00,4904230000.00,2.88,16.89
1423,SHSE.603855,华荣股份,19.25,19.25,20.30,19.03,20.07,4.26,6.60,3742377,74513335.04,2021-04-27,1.12,6776434800.00,6693385140.00,4.14,26.22
1424,SHSE.603856,东宏股份,13.20,13.16,13.44,12.97,13.44,1.82,3.56,2752418,36402664.20,2021-04-27,1.07,3467985024.00,3446212224.00,1.72,10.89
1425,SHSE.603858,步长制药,22.44,22.44,22.83,22.35,22.59,0.67,2.14,7233119,163546085.51,2021-04-27,0.63,25788305979.90,25788305979.90,1.83,12.94
1426,SHSE.603859,能科科技,32.20,32.00,32.49,31.57,32.34,0.43,2.86,1109700,35588607.00,2021-04-27,0.86,4500185220.30,4196246817.84,3.15,39.20
1427,SHSE.603860,中公高科,21.64,21.72,21.72,21.03,21.50,-0.65,3.19,257800,5522828.00,2021-04-27,0.39,1433620000.00,1433620000.00,2.18,40.91
1428,SHSE.603861,白云电器,7.67,7.69,7.74,7.63,7.71,0.52,1.43,770000,5924847.44,2021-04-27,0.19,3406432230.84,3182552072.70,1.32,90.83
1429,SHSE.603863,松炀资源,9.26,9.22,9.27,9.08,9.23,-0.32,2.05,1251100,11479825.00,2021-04-27,1.15,1900401620.00,1002784120.00,1.60,22.28
1430,SHSE.603866,桃李面包,48.69,48.50,48.89,47.72,48.04,-1.33,2.40,2554239,122932358.88,2021-04-27,0.38,32674535804.08,32674535804.08,6.54,38.39
1431,SHSE.603867,新化股份,23.93,23.80,23.85,22.92,23.68,-1.04,3.89,2573996,60022429.07,2021-04-27,3.04,3336512000.00,2005781816.32,2.15,13.80
1432,SHSE.603868,飞科电器,46.69,46.66,46.91,45.10,45.48,-2.59,3.88,697999,32028700.38,2021-04-27,0.16,19811088000.00,19811088000.00,6.65,30.12
1433,SHSE.603869,新智认知,8.66,8.62,8.79,8.42,8.63,-0.35,4.27,2606550,22371274.75,2021-04-27,0.52,4353839384.04,4353839384.04,1.10,256.89
1434,SHSE.603871,嘉友国际,20.10,20.00,20.18,19.87,20.18,0.40,1.54,730753,14628303.60,2021-04-27,0.33,4429967985.10,4429967985.10,2.06,12.30
1435,SHSE.603876,鼎胜新材,13.46,13.50,13.71,13.34,13.54,0.59,2.75,3598196,48543500.02,2021-04-27,0.83,5871351973.74,5871351973.74,1.62,55.90
1436,SHSE.603877,太平鸟,46.61,46.58,49.49,46.23,47.82,2.60,6.99,3155125,150823161.50,2021-04-27,0.66,22797122917.80,22797122917.80,5.56,25.12
1437,SHSE.603878,武进不锈,7.84,7.80,7.81,7.59,7.64,-2.55,2.81,3204240,24590536.08,2021-04-27,0.80,3061797598.72,3061797598.72,1.25,14.28
1438,SHSE.603879,永悦科技,6.57,6.55,6.62,6.50,6.54,-0.46,1.83,1112612,7286857.68,2021-04-27,0.40,1827202752.00,1827202752.00,3.46,292.29
1439,SHSE.603880,ST南卫,10.98,10.90,10.98,10.70,10.96,-0.18,2.55,1827277,19814909.45,2021-04-27,0.83,2467972800.00,2407912000.00,3.57,28.45
1440,SHSE.603881,数据港,32.89,32.35,32.37,31.00,31.32,-4.77,4.17,5251937,165219101.22,2021-04-27,1.60,10301999810.04,10301999810.04,3.52,75.55
1441,SHSE.603882,金域医学,134.62,134.48,141.07,134.01,140.41,4.30,5.24,4827706,668603173.80,2021-04-27,1.05,64955249122.75,64516650686.57,14.45,32.48
1442,SHSE.603883,老百姓,62.50,62.50,62.97,61.88,62.49,-0.02,1.74,2249852,140192328.03,2021-04-27,0.55,25541668491.57,25457702240.82,6.14,42.44
1443,SHSE.603885,吉祥航空,14.87,14.87,15.23,14.40,14.43,-2.96,5.58,7741111,113374606.94,2021-04-27,0.43,28371460185.51,25930904473.11,2.62,-59.88
1444,SHSE.603886,元祖股份,18.95,19.09,19.10,18.80,18.97,0.11,1.58,2250199,42650955.90,2021-04-27,0.94,4552800000.00,4552800000.00,3.04,15.17
1445,SHSE.603887,城地香江,14.08,14.08,14.10,13.60,13.76,-2.27,3.55,2564924,35342241.64,2021-04-27,0.89,5168000958.40,3944107342.08,1.36,13.16
1446,SHSE.603888,新华网,18.87,18.70,19.46,18.68,18.84,-0.16,4.13,4930069,93673318.25,2021-04-27,0.95,9778513142.40,9778513142.40,3.27,59.28
1447,SHSE.603889,新澳股份,4.97,4.97,5.23,4.96,5.19,4.43,5.43,3942322,20174385.06,2021-04-27,0.77,2655963753.72,2655963753.72,1.03,19.34
1448,SHSE.603890,春秋电子,13.38,13.42,13.58,13.09,13.35,-0.22,3.66,5047621,67193331.68,2021-04-27,1.32,5207794642.95,5121715044.45,2.76,18.34
1449,SHSE.603893,瑞芯微,82.98,81.90,81.90,78.38,79.99,-3.60,4.24,3061434,243855894.05,2021-04-27,1.63,33340391930.00,15038120000.00,13.89,83.40
1450,SHSE.603895,天永智能,15.86,16.00,16.08,15.50,15.55,-1.95,3.66,442078,6917948.90,2021-04-27,0.41,1680644000.00,1680644000.00,2.79,-35.46
1451,SHSE.603896,寿仙谷,38.67,38.65,38.69,37.87,38.10,-1.47,2.12,1204695,45896053.30,2021-04-27,0.81,5694256836.00,5645843889.90,4.13,37.53
1452,SHSE.603897,长城科技,16.70,16.67,16.67,16.25,16.38,-1.92,2.51,710696,11656678.36,2021-04-27,0.40,2922261451.20,2922261451.20,1.49,16.77
1453,SHSE.603898,好莱客,17.72,17.70,17.87,17.44,17.76,0.23,2.43,896996,15850988.28,2021-04-27,0.29,5528274511.68,5528274511.68,2.15,16.61
1454,SHSE.603899,晨光股份,89.35,89.41,92.48,89.35,90.89,1.72,3.50,2806985,255828164.22,2021-04-27,0.31,84293894564.00,83618800000.00,15.18,67.14
1455,SHSE.603900,莱绅通灵,6.55,6.57,6.59,6.42,6.57,0.31,2.60,1239540,8055516.40,2021-04-27,0.36,2236913128.80,2236913128.80,0.94,23.56
1456,SHSE.603901,永创智能,13.17,13.11,13.26,12.86,13.12,-0.38,3.04,5172769,67755878.65,2021-04-27,1.20,5765056969.60,5655154613.12,3.95,40.40
1457,SHSE.603903,中持股份,10.87,10.81,10.84,10.68,10.68,-1.75,1.47,1134276,12166901.68,2021-04-27,0.56,2160604071.36,2160604071.36,2.04,15.70
1458,SHSE.603906,龙蟠科技,32.00,31.99,32.13,29.30,31.17,-2.59,8.84,8887917,270105161.69,2021-04-27,2.58,10733419610.22,10733419610.22,5.40,45.01
1459,SHSE.603908,牧高笛,22.68,22.49,22.49,21.12,21.45,-5.42,6.04,949500,20408383.00,2021-04-27,1.42,1430500500.00,1430500500.00,3.10,31.11
1460,SHSE.603909,建发合诚,16.83,16.73,16.78,16.61,16.63,-1.19,1.01,449320,7497596.20,2021-04-27,0.31,2381865010.00,2381865010.00,2.78,50.47
1461,SHSE.603912,佳力图,13.31,13.36,13.48,13.02,13.11,-1.50,3.46,1427752,18785362.41,2021-04-27,0.67,2843716805.07,2788725861.27,3.06,21.08
1462,SHSE.603915,国茂股份,39.73,39.74,41.10,39.11,40.65,2.32,5.01,2004965,80503907.86,2021-04-27,1.60,19209051810.00,5078298810.00,7.31,58.92
1463,SHSE.603916,苏博特,30.32,30.13,30.60,29.55,30.01,-1.02,3.46,2530518,75941006.56,2021-04-27,0.73,10511222533.32,10376357593.32,2.97,22.39
1464,SHSE.603917,合力科技,9.57,9.56,9.58,9.43,9.51,-0.63,1.57,800540,7593856.28,2021-04-27,0.51,1491168000.00,1491168000.00,1.43,20.17
1465,SHSE.603918,金桥信息,10.51,10.55,10.66,10.42,10.65,1.33,2.28,2592075,27375513.55,2021-04-27,1.12,2999867590.20,2475492922.50,2.79,33.88
1466,SHSE.603919,金徽酒,40.08,39.70,40.39,38.80,39.60,-1.20,3.97,15726211,620270284.15,2021-04-27,3.20,20087495881.20,19455762783.60,6.94,51.67
1467,SHSE.603920,世运电路,18.60,18.64,18.72,17.90,18.15,-2.42,4.41,5966278,108546747.64,2021-04-27,1.47,7432337880.00,7388160780.00,2.72,24.47
1468,SHSE.603922,金鸿顺,15.81,15.71,15.87,15.27,15.50,-1.96,3.80,605100,9409515.00,2021-04-27,0.47,1984000000.00,1984000000.00,1.90,-22.26
1469,SHSE.603926,铁流股份,13.64,14.00,14.00,13.51,13.77,0.95,3.59,2378580,32817931.20,2021-04-27,1.50,2206119240.00,2183563980.00,1.68,11.47
1470,SHSE.603927,中科软,39.39,39.57,39.60,37.56,37.61,-4.52,5.18,4307927,164448605.43,2021-04-27,1.33,15946640000.00,12207760697.60,7.00,33.46
1471,SHSE.603928,兴业股份,12.10,11.70,11.70,11.02,11.20,-7.44,5.62,2748213,31049369.99,2021-04-27,1.36,2257920000.00,2257920000.00,1.59,18.85
1472,SHSE.603929,亚翔集成,10.41,10.42,10.49,10.10,10.16,-2.40,3.75,1677600,17137049.00,2021-04-27,0.79,2167737600.00,2167737600.00,2.11,-65.82
1473,SHSE.603931,格林达,44.40,43.04,43.49,41.42,41.47,-6.60,4.66,2333415,98504566.07,2021-04-27,9.17,4222288785.00,1055573233.00,3.71,40.60
1474,SHSE.603933,睿能科技,10.11,10.13,10.23,9.91,10.03,-0.79,3.17,931820,9311558.40,2021-04-27,0.46,2018368996.00,2018368996.00,1.90,192.15
1475,SHSE.603936,博敏电子,11.31,11.39,11.39,10.83,10.90,-3.63,4.95,7243912,79325909.92,2021-04-27,1.83,5570031857.30,4323593738.40,1.59,22.58
1476,SHSE.603937,丽岛新材,9.52,9.52,9.60,9.43,9.56,0.42,1.79,847272,8064819.54,2021-04-27,0.41,1996892800.00,1996892800.00,1.30,18.74
1477,SHSE.603938,三孚股份,25.05,25.05,25.24,23.90,24.21,-3.35,5.35,2195210,53244331.24,2021-04-27,1.12,4726193401.80,4726193401.80,3.69,34.32
1478,SHSE.603939,益丰药房,84.88,85.25,87.25,83.89,85.86,1.15,3.96,1942717,165986841.95,2021-04-27,0.36,47478177207.90,46065719848.32,6.83,66.32
1479,SHSE.603948,建业股份,18.05,18.05,18.05,17.89,18.00,-0.28,0.89,294900,5297939.00,2021-04-27,0.39,2880000000.00,1350951246.00,1.97,22.02
1480,SHSE.603949,雪龙集团,16.59,16.51,16.58,15.56,15.69,-5.42,6.15,3510166,56071980.34,2021-04-27,6.69,3291857709.00,823066020.00,3.28,22.53
1481,SHSE.603950,长源东谷,21.35,21.35,21.35,20.66,20.81,-2.53,3.23,1113200,23247899.00,2021-04-27,1.92,4817972820.00,1204493205.00,2.29,12.92
1482,SHSE.603955,大千生态,14.05,13.94,13.94,13.40,13.71,-2.42,3.84,3472929,47191452.51,2021-04-27,2.56,1860721200.00,1860721200.00,1.19,18.23
1483,SHSE.603956,威派格,17.39,17.49,17.77,17.07,17.70,1.78,4.03,1935515,33792807.28,2021-04-27,2.20,7539493770.00,1555123770.00,6.51,44.14
1484,SHSE.603958,哈森股份,6.26,6.20,6.27,6.10,6.27,0.16,2.72,1107500,6832041.00,2021-04-27,0.51,1362847200.00,1362847200.00,1.39,-53.43
1485,SHSE.603959,百利科技,11.84,11.83,12.18,11.71,12.10,2.20,3.97,3242943,38988450.91,2021-04-27,0.66,5932617803.20,5932617803.20,9.09,-9.26
1486,SHSE.603960,克来机电,27.77,27.58,27.77,26.75,27.20,-2.05,3.67,2617264,70982442.04,2021-04-27,1.02,7097690400.00,6997487585.60,7.24,56.29
1487,SHSE.603963,大理药业,7.60,7.60,7.60,7.33,7.46,-1.84,3.55,537466,3986829.95,2021-04-27,0.24,1638962000.00,1638962000.00,3.48,360.14
1488,SHSE.603966,法兰泰克,17.48,17.47,17.64,17.25,17.47,-0.06,2.23,3858873,67212486.29,2021-04-27,1.82,3726629873.61,3705808428.81,3.21,24.08
1489,SHSE.603967,中创物流,12.88,12.88,12.89,12.47,12.48,-3.11,3.26,1133460,14264228.20,2021-04-27,1.70,3328000416.00,832000416.00,1.64,17.59
1490,SHSE.603968,醋化股份,17.36,17.37,17.77,17.11,17.73,2.13,3.80,2581034,44977463.02,2021-04-27,1.26,3625430400.00,3625430400.00,2.06,13.94
1491,SHSE.603969,银龙股份,4.55,4.52,4.54,4.37,4.41,-3.08,3.74,16123078,71187375.21,2021-04-27,1.92,3708810000.00,3708810000.00,1.90,27.33
1492,SHSE.603970,中农立华,21.90,21.91,22.30,21.00,21.23,-3.06,5.94,2741250,58342965.83,2021-04-27,2.87,4076162038.08,2027891638.08,3.72,29.48
1493,SHSE.603976,正川股份,52.01,53.00,53.00,48.20,49.40,-5.02,9.23,10244707,514441241.31,2021-04-27,6.78,7469280000.00,7469280000.00,7.08,138.64
1494,SHSE.603977,国泰集团,7.84,7.86,7.97,7.74,7.92,1.02,2.93,2281820,18009576.44,2021-04-27,0.53,4368526089.84,3431869056.00,2.01,22.60
1495,SHSE.603978,深圳新星,18.51,18.60,18.70,18.17,18.54,0.16,2.86,728409,13373212.77,2021-04-27,0.46,2966413756.68,2966413756.68,1.94,104.49
1496,SHSE.603979,金诚信,14.76,14.79,15.69,14.77,15.59,5.62,6.23,10834915,166207068.67,2021-04-27,1.86,9095337454.88,9095337454.88,1.96,25.80
1497,SHSE.603980,吉华集团,6.39,6.36,6.37,6.28,6.32,-1.10,1.41,928388,5864971.80,2021-04-27,0.13,4424000000.00,4424000000.00,0.97,26.30
1498,SHSE.603982,泉峰汽车,17.16,17.21,17.25,16.79,16.94,-1.28,2.68,2717604,46071403.40,2021-04-27,3.34,3411981958.00,1379593600.00,2.12,28.21
1499,SHSE.603983,丸美股份,56.45,56.32,56.45,54.43,55.51,-1.67,3.58,1958348,108443011.16,2021-04-27,2.54,22305005996.00,4274270000.00,7.25,48.03
1500,SHSE.603985,恒润股份,25.67,25.66,25.98,25.50,25.88,0.82,1.87,2475989,63804148.67,2021-04-27,1.21,5275379200.00,5275379200.00,3.17,11.39
1501,SHSE.603986,兆易创新,184.05,184.50,186.61,180.99,185.99,1.05,3.05,6159504,1134151596.75,2021-04-27,1.40,88233001501.19,81712891795.57,7.99,100.18
1502,SHSE.603987,康德莱,18.87,18.65,20.00,18.64,19.78,4.82,7.21,15703926,304789114.24,2021-04-27,3.60,8735026020.00,8632367820.00,4.81,43.08
1503,SHSE.603988,中电电机,15.45,15.40,15.40,14.89,15.07,-2.46,3.30,9912963,149601705.71,2021-04-27,4.21,3544464000.00,3544464000.00,4.37,20.70
1504,SHSE.603989,艾华集团,30.17,30.19,30.65,29.53,29.73,-1.46,3.71,1621305,48481923.16,2021-04-27,0.41,11828895131.73,11828895131.73,4.41,31.08
1505,SHSE.603990,麦迪科技,29.99,30.12,32.99,29.27,32.99,10.00,12.40,19317513,610302727.51,2021-04-27,13.27,5458640469.12,4803344000.00,5.12,93.17
1506,SHSE.603991,至正股份,50.31,50.31,53.49,49.20,51.05,1.47,8.53,603200,31215215.00,2021-04-27,0.81,3805011647.90,3805011647.90,10.38,-95.40
1507,SHSE.603992,松霖科技,18.69,18.68,18.68,18.21,18.31,-2.03,2.51,1219761,22475427.69,2021-04-27,2.72,7342490499.98,820288000.00,3.53,23.76
1508,SHSE.603993,洛阳钼业,5.79,5.85,5.88,5.68,5.76,-0.52,3.45,250523636,1450835841.85,2021-04-27,1.42,124411625758.08,101754850078.08,3.22,53.42
1509,SHSE.603995,甬金股份,30.70,31.23,31.23,29.80,29.95,-2.44,4.66,3527991,106172891.03,2021-04-27,3.41,6978871130.00,3094560119.45,2.14,14.78
1510,SHSE.603996,退市中新,3.09,3.05,3.24,3.05,3.23,4.53,6.15,3540200,11255424.00,2021-04-27,1.18,969484500.00,969484500.00,-0.48,-0.45
1511,SHSE.603997,继峰股份,8.35,8.35,8.50,8.26,8.31,-0.48,2.87,2806721,23410808.28,2021-04-27,0.36,8486323001.01,6486575275.02,1.99,-32.86
1512,SHSE.603998,方盛制药,6.02,5.98,6.00,5.75,5.89,-2.16,4.15,11119752,65113300.00,2021-04-27,2.59,2529341050.80,2529341050.80,2.15,36.73
1513,SHSE.603999,读者传媒,5.21,5.18,5.22,5.10,5.12,-1.73,2.30,3312220,17004218.60,2021-04-27,0.57,2949120000.00,2949120000.00,1.68,39.04
1514,SHSE.605001,威奥股份,14.65,14.56,14.56,14.35,14.47,-1.23,1.43,559400,8071520.00,2021-04-27,0.74,4373123400.00,1093353200.00,1.56,27.26
1515,SHSE.605003,众望布艺,29.16,30.17,32.08,30.01,31.23,7.10,7.10,4171470,131750625.55,2021-04-27,18.96,2748240000.00,687060000.00,2.68,17.79
1516,SHSE.605005,合兴股份,19.77,19.55,19.96,18.88,19.95,0.91,5.46,8111234,157143064.27,2021-04-27,20.23,7999950000.00,799995000.00,5.92,42.15
1517,SHSE.605006,山东玻纤,14.51,14.45,14.45,13.06,13.18,-9.17,9.58,27233789,366865620.02,2021-04-27,27.23,6590000000.00,1318000000.00,3.41,22.64
1518,SHSE.605007,五洲特纸,25.22,24.50,24.50,22.70,22.91,-9.16,7.14,7958380,184611904.90,2021-04-27,19.89,9164229100.00,916629100.00,5.09,25.85
1519,SHSE.605008,长鸿高科,27.81,27.82,28.07,26.86,27.38,-1.55,4.35,1736700,47285721.01,2021-04-27,3.78,12563125529.14,1259480000.00,6.94,37.18
1520,SHSE.605009,豪悦护理,156.85,155.02,159.00,152.64,159.00,1.37,4.05,1165347,181284809.24,2021-04-27,4.37,16960530000.00,4240530000.00,5.90,28.18
1521,SHSE.605016,百龙创园,28.03,30.83,30.83,30.83,30.83,9.99,0.00,464243,14312611.69,2021-04-27,1.46,3909244000.00,980394000.00,5.52,39.82
1522,SHSE.605018,长华集团,14.34,14.45,14.48,14.01,14.19,-1.05,3.28,2077200,29486801.00,2021-04-27,4.98,5912689200.00,591439200.00,2.98,26.86
1523,SHSE.605050,福然德,12.26,12.20,12.25,11.76,11.88,-3.10,4.00,3930356,46851198.64,2021-04-27,5.24,5167800000.00,891000000.00,1.73,14.94
1524,SHSE.605055,迎丰股份,10.94,11.04,11.04,10.35,10.57,-3.38,6.31,15569696,164637131.88,2021-04-27,19.46,4650800000.00,845600000.00,4.26,51.30
1525,SHSE.605058,澳弘电子,23.51,23.58,24.08,23.21,24.04,2.25,3.70,2205483,52407275.91,2021-04-27,6.17,3435891758.00,858973240.00,2.56,24.58
1526,SHSE.605060,联德股份,17.87,17.83,17.83,17.15,17.32,-3.08,3.81,3384525,58901899.87,2021-04-27,5.64,4156800000.00,1039200000.00,2.27,24.50
1527,SHSE.605066,天正电气,12.59,12.66,12.68,12.36,12.50,-0.71,2.54,1201424,14967628.00,2021-04-27,1.69,5051443750.00,887500000.00,2.85,19.68
1528,SHSE.605068,明新旭腾,33.48,33.48,33.48,32.61,33.33,-0.45,2.60,626000,20689760.50,2021-04-27,1.51,5532780000.00,1383195000.00,3.11,25.09
1529,SHSE.605077,华康股份,85.32,84.63,85.01,79.50,79.95,-6.29,6.46,2575941,209073534.99,2021-04-27,8.84,9318972000.00,2329743000.00,3.94,30.34
1530,SHSE.605081,太和水,46.51,45.54,46.29,44.57,45.28,-2.64,3.70,1560357,70611279.89,2021-04-27,7.99,3536432705.12,884318400.00,2.01,21.18
1531,SHSE.605086,龙高股份,32.81,34.68,36.09,34.00,36.09,10.00,6.37,18524550,655090372.43,2021-04-27,57.89,4619520000.00,1154880000.00,7.63,60.61
1532,SHSE.605088,冠盛股份,17.53,17.42,17.80,17.17,17.34,-1.08,3.59,1761791,30629480.38,2021-04-27,4.40,2877312900.00,693600000.00,1.99,31.19
1533,SHSE.605089,味知香,28.53,41.08,41.08,41.08,41.08,43.99,0.00,358250,14716910.00,2021-04-27,1.43,4108000000.00,1027000000.00,9.78,30.88
1534,SHSE.605098,行动教育,52.87,48.73,56.00,47.58,47.58,-10.01,15.93,8892173,437299782.09,2021-04-27,42.16,4012985556.06,1003462200.00,8.90,33.49
1535,SHSE.605099,共创草坪,40.70,41.49,42.28,40.34,42.09,3.42,4.77,2322600,96250107.77,2021-04-27,5.79,16930786680.00,1687388100.00,8.80,38.24
1536,SHSE.605100,华丰股份,41.70,41.70,41.91,41.02,41.09,-1.46,2.13,423653,17476970.90,2021-04-27,1.95,3562503000.00,891653000.00,1.99,18.69
1537,SHSE.605108,同庆楼,27.79,27.74,28.17,27.05,27.88,0.32,4.03,2095214,57943582.76,2021-04-27,4.19,5576000000.00,1394000000.00,3.01,33.68
1538,SHSE.605111,新洁能,203.40,202.09,206.89,199.01,200.00,-1.67,3.87,1504986,304113107.60,2021-04-27,5.95,20240000000.00,5060000000.00,16.39,145.24
1539,SHSE.605116,奥锐特,16.18,16.16,17.50,15.75,16.70,3.21,10.82,8667027,144017407.86,2021-04-27,21.14,6696700000.00,684700000.00,4.72,42.59
1540,SHSE.605117,德业股份,57.64,55.64,56.00,51.88,52.04,-9.72,7.15,16265882,863761592.65,2021-04-27,38.12,8881510680.00,2220390680.00,9.18,23.22
1541,SHSE.605118,力鼎光电,15.11,15.23,15.23,14.54,14.79,-2.12,4.57,2166735,31970374.95,2021-04-27,5.28,5997345000.00,606390000.00,5.19,36.56
1542,SHSE.605122,四方新材,43.73,43.72,43.95,42.88,42.91,-1.88,2.45,2036979,87883188.80,2021-04-27,6.59,5282650100.00,1325919000.00,2.30,21.68
1543,SHSE.605123,派克新材,67.93,68.90,68.97,65.62,66.30,-2.40,4.93,662399,44425494.73,2021-04-27,2.45,7160400000.00,1790100000.00,4.39,43.95
1544,SHSE.605128,上海沿浦,32.41,32.41,32.43,31.71,32.25,-0.49,2.22,301400,9657350.00,2021-04-27,1.51,2580000000.00,645000000.00,2.51,31.76
1545,SHSE.605133,嵘泰股份,24.06,24.18,24.29,23.11,23.32,-3.08,4.90,2984668,70012938.10,2021-04-27,7.46,3731200000.00,932800000.00,2.29,25.37
1546,SHSE.605136,丽人丽妆,34.73,34.28,37.00,33.19,36.59,5.36,10.97,9790475,346237146.52,2021-04-27,24.47,14695641700.00,1463965900.00,6.16,43.29
1547,SHSE.605151,西上海,19.50,19.53,19.65,18.59,18.88,-3.18,5.44,2951353,55872781.92,2021-04-27,8.85,2517459200.00,629459200.00,2.16,24.02
1548,SHSE.605155,西大门,23.95,24.01,24.19,23.20,23.33,-2.59,4.13,1359247,31955487.16,2021-04-27,5.66,2239680000.00,559920000.00,2.17,27.76
1549,SHSE.605158,华达新材,11.95,11.95,11.98,11.66,11.88,-0.59,2.68,3862024,45416581.32,2021-04-27,3.92,4673592000.00,1168992000.00,2.32,16.98
1550,SHSE.605166,聚合顺,9.94,9.94,10.05,9.50,9.63,-3.12,5.53,2809617,27166160.04,2021-04-27,3.56,3038717610.00,759681810.00,2.47,26.23
1551,SHSE.605168,三人行,126.66,126.30,128.49,123.52,124.18,-1.96,3.92,736400,92465705.00,2021-04-27,4.26,8652589204.00,2144178806.00,4.95,23.04
1552,SHSE.605169,洪通燃气,19.30,19.33,19.59,18.94,19.56,1.35,3.37,2575760,49648640.80,2021-04-27,6.44,3129600000.00,782400000.00,1.96,21.84
1553,SHSE.605177,东亚药业,40.01,39.06,39.07,36.98,37.03,-7.45,5.22,6160257,233236180.97,2021-04-27,21.69,4206608000.00,1051652000.00,2.40,28.82
1554,SHSE.605178,时空科技,45.82,45.32,46.17,45.32,45.97,0.33,1.86,428943,19646029.28,2021-04-27,2.42,3258997180.00,814910190.00,1.57,27.56
1555,SHSE.605179,一鸣食品,18.98,18.81,18.84,18.27,18.43,-2.90,3.00,6110133,112924827.05,2021-04-27,10.02,7390430000.00,1124230000.00,5.68,55.80
1556,SHSE.605183,确成股份,19.08,18.67,18.70,18.02,18.24,-4.40,3.56,6161683,113279916.69,2021-04-27,12.65,7551688320.00,888659640.00,3.07,35.82
1557,SHSE.605186,健麾信息,20.11,20.10,20.10,19.22,19.24,-4.33,4.38,2476438,48337305.91,2021-04-27,7.28,2616640000.00,654160000.00,3.19,27.19
1558,SHSE.605188,国光连锁,9.84,9.81,9.93,9.78,9.87,0.30,1.52,4240849,41734703.75,2021-04-27,8.55,4891374600.00,489354600.00,4.30,46.15
1559,SHSE.605198,安德利,27.63,27.30,27.60,25.70,26.16,-5.32,6.88,1546793,40591463.76,2021-04-27,7.73,9608568000.00,523200000.00,4.53,63.31
1560,SHSE.605199,葫芦娃,27.58,27.60,30.25,26.27,29.75,7.87,14.43,13576409,381280590.72,2021-04-27,33.86,11903235372.00,1192975000.00,12.66,97.97
1561,SHSE.605208,永茂泰,27.35,26.89,27.19,24.80,25.09,-8.26,8.74,10189662,262753112.83,2021-04-27,21.68,4716920000.00,1179230000.00,2.52,20.41
1562,SHSE.605218,伟时电子,14.28,14.23,14.37,13.90,14.13,-1.05,3.29,2021300,28372599.12,2021-04-27,3.80,3007336789.80,751834197.45,2.64,32.69
1563,SHSE.605222,起帆电缆,20.56,20.58,21.00,20.30,20.99,2.09,3.40,1525063,31602922.29,2021-04-27,3.05,8408174200.00,1049500000.00,2.88,20.49
1564,SHSE.605228,神通科技,10.82,10.84,10.85,10.26,10.47,-3.23,5.45,6201216,64700039.28,2021-04-27,7.75,4397400000.00,837600000.00,3.09,39.36
1565,SHSE.605255,天普股份,15.79,15.88,15.88,15.28,15.48,-1.96,3.80,1856647,28708452.84,2021-04-27,5.54,2075558400.00,518889600.00,2.17,33.42
1566,SHSE.605258,协和电子,37.16,36.50,36.73,33.85,33.85,-8.91,7.75,3123390,109006818.84,2021-04-27,14.20,2978800000.00,744700000.00,2.68,31.59
1567,SHSE.605266,健之佳,120.50,118.19,118.26,111.00,113.88,-5.49,6.02,1225638,140677796.16,2021-04-27,9.25,6035640000.00,1508910000.00,3.39,23.01
1568,SHSE.605268,王力安防,15.37,15.26,15.78,15.17,15.64,1.76,3.97,7761657,120890271.40,2021-04-27,11.58,6819040000.00,1047880000.00,3.94,26.17
1569,SHSE.605277,新亚电子,22.02,21.90,22.07,20.82,21.10,-4.18,5.68,2431845,51655035.98,2021-04-27,7.29,2815584000.00,703896000.00,2.67,23.65
1570,SHSE.605286,同力日升,25.20,25.02,25.62,25.00,25.51,1.23,2.46,4651810,117870230.66,2021-04-27,11.08,4285680000.00,1071420000.00,3.14,37.47
1571,SHSE.605288,凯迪股份,104.75,105.28,105.28,102.40,103.60,-1.10,2.75,142100,14677618.00,2021-04-27,1.14,5231841440.00,1295000000.00,2.60,29.83
1572,SHSE.605289,罗曼股份,39.27,43.20,43.20,42.00,43.20,10.01,3.06,3176100,137026759.55,2021-04-27,14.66,3744144000.00,936144000.00,5.61,28.27
1573,SHSE.605298,必得科技,22.35,22.50,22.64,21.77,22.03,-1.43,3.89,1613440,35578143.39,2021-04-27,5.98,2379240000.00,594810000.00,2.54,21.87
1574,SHSE.605299,舒华体育,12.81,12.85,13.15,12.58,12.66,-1.17,4.45,5924174,76289471.98,2021-04-27,11.85,5209577340.00,633000000.00,3.99,38.04
1575,SHSE.605303,园林股份,19.29,19.29,19.29,18.48,18.72,-2.95,4.20,3750489,70212545.13,2021-04-27,9.30,3018364277.76,754591069.44,1.84,26.22
1576,SHSE.605318,法狮龙,15.41,15.40,15.55,15.01,15.29,-0.78,3.50,2986244,45441268.56,2021-04-27,9.25,1975026914.08,493756728.52,2.30,24.65
1577,SHSE.605333,沪光股份,16.06,15.78,16.49,15.70,15.80,-1.62,4.92,3274583,52369984.79,2021-04-27,8.17,6335800000.00,633580000.00,8.04,72.47
1578,SHSE.605336,帅丰电器,30.20,30.40,30.97,29.86,30.89,2.28,3.68,1046648,31979069.12,2021-04-27,2.97,4349312000.00,1087328000.00,2.51,22.39
1579,SHSE.605337,李子园,48.72,48.21,49.40,47.06,48.70,-0.04,4.80,4312995,207804225.55,2021-04-27,11.14,7538760000.00,1884690000.00,5.12,35.13
1580,SHSE.605338,巴比食品,35.13,35.20,35.48,33.91,34.26,-2.48,4.47,1608448,55509365.28,2021-04-27,2.59,8496480000.00,2124120000.00,5.16,58.58
1581,SHSE.605358,立昂微,82.91,82.00,82.48,76.80,78.16,-5.73,6.85,4689076,369916569.02,2021-04-27,11.56,31309332800.00,3171732800.00,16.15,155.03
1582,SHSE.605366,宏柏新材,11.57,11.50,11.64,11.38,11.63,0.52,2.25,1349488,15504317.44,2021-04-27,1.63,3861160000.00,965290000.00,2.26,31.48
1583,SHSE.605368,蓝天燃气,15.14,15.09,15.12,14.73,14.96,-1.19,2.58,4219586,62759059.34,2021-04-27,6.44,6922021920.00,979880000.00,2.45,20.80
1584,SHSE.605369,拱东医疗,69.10,69.86,75.50,68.46,73.70,6.66,10.19,4342338,315003177.82,2021-04-27,15.51,8254400000.00,2063600000.00,7.22,29.34
1585,SHSE.605376,博迁新材,53.29,53.88,53.98,50.49,51.52,-3.32,6.55,4830207,249692795.79,2021-04-27,7.39,13477632000.00,3369408000.00,9.13,73.80
1586,SHSE.605377,华旺科技,22.81,22.85,23.42,22.63,23.15,1.49,3.46,4542772,104779027.02,2021-04-27,8.91,4719514105.00,1179879105.00,2.04,14.64
1587,SHSE.605378,野马电池,34.70,34.15,37.88,33.28,36.08,3.98,13.26,13530686,482800501.82,2021-04-27,40.58,4810907200.00,1202907200.00,7.91,39.05
1588,SHSE.605388,均瑶健康,22.60,22.53,24.86,21.77,24.20,7.08,13.67,16594845,392379669.93,2021-04-27,23.71,10406000000.00,1694000000.00,5.22,46.13
1589,SHSE.605389,长龄液压,62.60,62.35,63.06,60.11,60.25,-3.75,4.71,2296629,140570271.74,2021-04-27,9.44,5864337350.00,1466087350.00,3.49,24.86
1590,SHSE.605398,新炬网络,46.45,46.49,46.78,45.99,46.02,-0.93,1.70,622100,28757649.00,2021-04-27,4.18,2738107532.16,684526883.04,2.91,25.24
1591,SHSE.605399,晨光新材,18.51,18.38,18.66,18.09,18.30,-1.13,3.08,2546100,46670276.52,2021-04-27,5.54,3367200000.00,841800000.00,2.81,19.93
1592,SHSE.605500,森林包装,18.81,19.05,19.14,18.76,18.98,0.90,2.02,2805548,53051387.71,2021-04-27,5.61,3796000000.00,949000000.00,1.78,14.59
1593,SHSE.688001,华兴源创,35.57,35.50,35.93,35.01,35.82,0.70,2.59,367935,13088995.47,2021-04-27,0.93,15708387208.86,1424246040.72,4.90,59.25
1594,SHSE.688002,睿创微纳,86.10,86.90,87.38,84.80,86.16,0.07,3.00,1529868,132119447.39,2021-04-27,0.67,38341200000.00,19848823087.20,12.56,65.63
1595,SHSE.688003,天准科技,32.56,32.30,32.38,31.61,31.97,-1.81,2.36,1359647,43465363.55,2021-04-27,1.91,6189392000.00,2281571020.00,4.10,57.64
1596,SHSE.688004,博汇科技,40.79,40.39,40.39,35.05,35.67,-12.55,13.09,1375863,50361930.10,2021-04-27,10.01,2026056000.00,490294851.00,2.86,46.53
1597,SHSE.688005,容百科技,62.70,62.42,62.80,59.99,62.33,-0.59,4.48,4353036,267020212.69,2021-04-27,1.59,27885406262.39,17079061999.00,6.05,130.88
1598,SHSE.688006,杭可科技,71.89,71.52,72.39,70.33,71.32,-0.79,2.87,1272355,90774016.24,2021-04-27,1.34,28599320000.00,7777524380.68,10.86,76.89
1599,SHSE.688007,光峰科技,24.70,24.96,24.96,23.99,24.60,-0.40,3.93,3523760,85922980.78,2021-04-27,1.24,11137819764.60,6969183321.00,5.19,71.89
1600,SHSE.688008,澜起科技,67.85,67.80,67.80,64.28,64.95,-4.27,5.19,7154914,469232411.25,2021-04-27,1.70,73460420647.95,27371116961.25,8.84,66.56
1601,SHSE.688009,中国通号,5.65,5.65,5.67,5.60,5.60,-0.88,1.24,11743039,65977694.82,2021-04-27,0.59,59302986400.00,11091312825.60,1.47,15.53
1602,SHSE.688010,福光股份,28.68,28.68,28.68,27.70,28.10,-2.02,3.42,997237,27943847.49,2021-04-27,1.05,4315652598.30,2669384818.10,2.42,84.59
1603,SHSE.688011,新光光电,37.22,37.28,37.28,35.77,36.44,-2.10,4.06,874218,31620839.01,2021-04-27,2.14,3644000000.00,1486074179.56,2.94,102.93
1604,SHSE.688012,中微公司,117.65,116.66,116.83,111.47,113.10,-3.87,4.56,4089894,464828056.35,2021-04-27,1.67,60492919004.70,27755026708.50,13.26,122.90
1605,SHSE.688013,天臣医疗,27.84,27.50,27.94,27.16,27.43,-1.47,2.80,845192,23282984.28,2021-04-27,4.97,2194400000.00,466310000.00,4.58,62.79
1606,SHSE.688015,交控科技,32.95,33.19,33.20,31.70,32.10,-2.58,4.55,926912,29785641.41,2021-04-27,1.02,5136000000.00,2910497947.80,3.87,21.54
1607,SHSE.688016,心脉医疗,322.00,319.90,332.00,319.01,328.09,1.89,4.03,964714,315846520.72,2021-04-27,2.61,23615310249.23,12104793934.24,17.68,91.95
1608,SHSE.688017,绿的谐波,125.54,127.00,129.00,122.52,126.93,1.11,5.16,686246,86479784.91,2021-04-27,2.37,15284491731.00,3668281061.76,8.92,148.02
1609,SHSE.688018,乐鑫科技,125.21,124.77,124.82,119.02,122.17,-2.43,4.63,590494,71830403.98,2021-04-27,1.33,9777326185.00,5420743985.00,5.95,75.99
1610,SHSE.688019,安集科技,220.50,218.80,226.66,214.80,223.00,1.13,5.38,1143733,252615136.02,2021-04-27,3.83,11843168740.00,6664175931.00,11.15,76.91
1611,SHSE.688020,方邦股份,82.30,81.46,82.22,79.02,79.43,-3.49,3.89,467923,37399958.63,2021-04-27,1.28,6354400000.00,2912103804.74,3.90,61.36
1612,SHSE.688021,奥福环保,40.08,40.47,40.47,37.19,38.20,-4.69,8.18,2733829,104287818.45,2021-04-27,6.38,2952232908.80,1745675480.20,3.29,36.89
1613,SHSE.688022,瀚川智能,28.05,27.96,27.98,27.17,27.37,-2.42,2.89,850362,23299175.08,2021-04-27,1.47,2955960000.00,1587156713.03,3.33,66.95
1614,SHSE.688023,安恒信息,279.44,281.59,293.88,280.62,291.65,4.37,4.75,543922,156315544.18,2021-04-27,1.05,21603703973.75,15063230778.10,13.83,417.51
1615,SHSE.688025,杰普特,37.50,37.40,37.45,36.50,36.91,-1.57,2.53,568022,20937046.61,2021-04-27,1.17,3409324140.16,1797249439.41,2.08,76.96
1616,SHSE.688026,洁特生物,80.99,82.00,82.18,78.35,80.00,-1.22,4.73,750252,60166750.90,2021-04-27,1.57,8000000000.00,3819598960.00,9.47,67.02
1617,SHSE.688027,国盾量子,172.10,171.20,174.20,168.68,169.70,-1.39,3.21,265235,45144870.34,2021-04-27,1.56,13576000000.00,2884900000.00,8.19,545.79
1618,SHSE.688028,沃尔德,31.79,32.14,32.14,30.63,31.31,-1.51,4.75,611497,19061363.83,2021-04-27,1.63,2504800000.00,1176034847.38,2.91,45.90
1619,SHSE.688029,南微医学,215.01,216.88,218.80,214.00,216.37,0.63,2.23,565016,122238438.83,2021-04-27,1.32,28850775800.00,9271357998.98,10.69,102.95
1620,SHSE.688030,山石网科,30.33,30.20,30.29,29.34,29.55,-2.57,3.13,612863,18161323.74,2021-04-27,0.65,5325603065.70,2766511483.50,3.95,115.64
1621,SHSE.688033,天宜上佳,12.67,12.65,12.65,12.12,12.23,-3.47,4.18,3889584,47784939.06,2021-04-27,1.28,5488055809.24,3714924090.28,2.26,48.01
1622,SHSE.688036,传音控股,179.49,175.50,186.96,175.00,184.00,2.51,6.66,4061174,740652976.16,2021-04-27,1.04,147200000000.00,71608149216.00,12.86,54.79
1623,SHSE.688037,芯源微,86.10,85.39,85.39,81.00,82.02,-4.74,5.10,799749,66039905.91,2021-04-27,1.83,6889680000.00,3576461595.00,8.51,109.01
1624,SHSE.688039,当虹科技,64.31,62.71,63.94,59.52,59.65,-7.25,6.87,525587,31776351.79,2021-04-27,1.09,4772000000.00,2882064909.00,3.24,46.54
1625,SHSE.688050,爱博医疗,211.00,210.10,219.55,209.00,219.01,3.80,5.00,1096125,234746897.80,2021-04-27,4.88,23026551960.72,4920880937.50,14.82,178.29
1626,SHSE.688051,佳华科技,69.09,69.30,69.80,66.00,67.18,-2.76,5.50,512214,34328235.27,2021-04-27,2.31,5195298120.00,1547934419.28,3.46,29.36
1627,SHSE.688055,龙腾光电,7.05,7.06,7.08,6.78,6.81,-3.40,4.26,9829937,67421400.80,2021-04-27,3.47,22700000454.00,1929500385.90,5.70,86.62
1628,SHSE.688056,莱伯泰科,36.34,36.30,37.35,35.60,36.61,0.74,4.82,440101,16150865.46,2021-04-27,2.73,2452870000.00,591251500.00,3.25,37.61
1629,SHSE.688057,金达莱,30.09,30.48,31.85,30.30,31.15,3.52,5.15,1307465,40716667.34,2021-04-27,2.05,8597400000.00,1986555396.35,2.71,20.91
1630,SHSE.688058,宝兰德,74.31,74.31,74.62,71.30,73.01,-1.75,4.47,171971,12592781.65,2021-04-27,0.79,2920400000.00,1594684420.00,2.97,44.87
1631,SHSE.688059,华锐精密,127.10,129.50,132.50,127.00,130.33,2.54,4.33,655940,84853890.72,2021-04-27,7.33,5735562640.00,1166739574.35,7.12,50.39
1632,SHSE.688060,云涌科技,72.22,72.05,72.14,69.80,69.95,-3.14,3.24,342546,24096833.56,2021-04-27,2.40,4197000000.00,996787500.00,4.54,56.58
1633,SHSE.688063,派能科技,184.11,184.12,188.85,176.78,184.00,-0.06,6.56,2467793,450477799.60,2021-04-27,6.65,28491394072.00,6614563008.00,10.20,103.80
1634,SHSE.688065,凯赛生物,82.51,83.50,83.50,80.98,81.42,-1.32,3.05,739541,60309973.92,2021-04-27,1.84,33926246485.92,3273048989.40,3.22,70.58
1635,SHSE.688066,航天宏图,36.80,36.99,37.45,36.34,37.07,0.73,3.02,786921,28982134.47,2021-04-27,0.81,6165442846.31,3604042338.05,4.73,47.85
1636,SHSE.688068,热景生物,178.00,183.00,194.00,173.60,188.89,6.12,11.46,5962843,1105699535.67,2021-04-27,13.86,11748266851.49,8127610109.19,8.74,16.48
1637,SHSE.688069,德林海,76.89,76.26,78.11,73.28,75.28,-2.09,6.28,858912,64894871.27,2021-04-27,6.02,4476901600.00,1074604083.36,3.08,23.22
1638,SHSE.688070,纵横股份,33.98,34.00,34.01,32.80,32.91,-3.15,3.56,604857,20049201.16,2021-04-27,3.36,2882257800.00,592039611.87,3.97,70.34
1639,SHSE.688077,大地熊,38.58,38.21,38.92,37.22,37.59,-2.57,4.41,490582,18535663.89,2021-04-27,2.58,3007200000.00,714210000.00,3.19,57.61
1640,SHSE.688078,龙软科技,24.46,24.22,24.73,23.76,23.94,-2.13,3.97,488771,11753286.58,2021-04-27,1.43,1693755000.00,816344998.56,3.29,33.38
1641,SHSE.688079,美迪凯,18.79,18.50,19.11,18.06,18.52,-1.44,5.59,5453189,100844188.84,2021-04-27,7.82,7432693345.68,1291521794.96,4.80,54.88
1642,SHSE.688080,映翰通,40.58,40.49,40.49,38.53,39.49,-2.69,4.83,361398,14214586.66,2021-04-27,0.97,2070412759.14,1465846132.74,3.17,51.22
1643,SHSE.688081,兴图新科,25.47,25.63,25.63,24.56,24.81,-2.59,4.20,432158,10755756.30,2021-04-27,1.40,1826016000.00,765425715.00,2.57,55.60
1644,SHSE.688083,中望软件,594.80,595.00,595.06,572.00,592.00,-0.47,3.88,274490,160096694.71,2021-04-27,2.03,36670763344.00,7988777744.00,13.73,299.64
1645,SHSE.688085,三友医疗,33.91,33.50,33.82,32.91,33.62,-0.86,2.68,1932042,64703276.46,2021-04-27,2.34,6903312270.00,2775134659.20,4.41,50.54
1646,SHSE.688086,退市紫晶,27.69,27.56,27.56,26.27,26.74,-3.43,4.66,3074820,81934622.35,2021-04-27,2.84,5090801390.22,2911298273.94,2.74,49.06
1647,SHSE.688088,虹软科技,44.77,44.80,44.89,42.02,42.70,-4.62,6.41,3545620,152547957.63,2021-04-27,1.33,17336200000.00,11362738156.00,6.29,67.26
1648,SHSE.688089,嘉必优,42.05,42.66,43.81,41.42,43.05,2.38,5.68,789700,34015116.94,2021-04-27,1.21,5166000000.00,2815470000.00,3.85,39.56
1649,SHSE.688090,瑞松科技,34.35,33.00,33.00,30.03,30.54,-11.09,8.65,911675,28202609.13,2021-04-27,2.01,2057192357.52,1387398392.22,2.20,53.95
1650,SHSE.688092,爱科科技,33.11,33.11,33.39,31.94,32.40,-2.14,4.38,410736,13310312.95,2021-04-27,3.42,1916731900.80,389679984.00,3.91,39.20
1651,SHSE.688093,世华科技,26.68,26.51,26.83,26.10,26.54,-0.52,2.74,413694,10941663.73,2021-04-27,1.01,4564880000.00,1084159000.00,4.06,35.41
1652,SHSE.688095,福昕软件,247.60,246.50,246.68,238.00,240.30,-2.95,3.51,214144,51578932.90,2021-04-27,1.88,11568042000.00,2744538149.70,3.83,100.34
1653,SHSE.688096,京源环保,15.86,15.76,16.10,15.50,15.99,0.82,3.78,702022,11040110.76,2021-04-27,1.09,1715623065.00,1187169555.00,2.33,27.60
1654,SHSE.688098,申联生物,13.60,13.60,13.75,12.60,12.88,-5.29,8.46,2499143,32496172.41,2021-04-27,0.96,5276936000.00,3361100181.04,3.69,47.64
1655,SHSE.688099,晶晨股份,102.00,101.88,104.85,100.82,104.18,2.14,3.95,1685689,175039949.88,2021-04-27,0.80,42830481600.00,22037655250.52,14.12,372.98
1656,SHSE.688100,威胜信息,22.40,22.35,22.59,21.96,22.23,-0.76,2.81,579344,12854360.66,2021-04-27,0.35,11115000000.00,3655787233.41,4.62,37.59
1657,SHSE.688101,三达膜,15.86,15.80,15.82,15.27,15.33,-3.34,3.47,1156410,17860768.76,2021-04-27,0.64,5118380400.00,2752511924.40,1.52,23.08
1658,SHSE.688106,金宏气体,26.85,26.79,26.81,25.80,26.08,-2.87,3.76,3229908,84447736.06,2021-04-27,3.00,12631415072.00,2804894845.92,4.49,58.52
1659,SHSE.688108,赛诺医疗,9.06,9.08,9.12,8.85,8.96,-1.10,2.98,3141283,28106215.37,2021-04-27,1.09,3673600000.00,2574929683.20,3.54,163.32
1660,SHSE.688109,品茗科技,80.38,79.37,80.70,78.15,78.99,-1.73,3.17,1219077,97019744.70,2021-04-27,9.85,4295002260.00,977541297.93,4.78,39.70
1661,SHSE.688111,金山办公,320.26,320.93,326.56,317.01,320.82,0.17,2.98,796701,256339142.44,2021-04-27,0.37,147898020000.00,69239196269.82,20.67,168.42
1662,SHSE.688116,天奈科技,61.49,60.60,62.87,58.58,62.40,1.48,6.98,1901243,116279347.88,2021-04-27,1.08,14467946438.40,11016590145.60,8.41,134.90
1663,SHSE.688118,普元信息,21.31,21.11,21.49,20.80,20.92,-1.83,3.24,513583,10786741.37,2021-04-27,0.77,1995768000.00,1391277466.28,2.06,44.72
1664,SHSE.688122,西部超导,51.44,51.60,53.57,50.80,53.10,3.23,5.38,5905448,309672591.68,2021-04-27,1.90,23431543200.00,16481602800.00,7.97,50.32
1665,SHSE.688123,聚辰股份,46.49,46.40,46.81,44.60,45.70,-1.70,4.75,850569,38505345.37,2021-04-27,1.03,5522473321.90,3775142779.10,3.74,33.89
1666,SHSE.688126,沪硅产业,24.38,24.38,24.50,23.40,23.49,-3.65,4.51,14925519,354325666.09,2021-04-27,1.37,58261307400.00,25544579957.46,6.08,669.13
1667,SHSE.688127,蓝特光学,24.37,23.61,23.98,21.65,21.94,-9.97,9.56,5325651,120232731.28,2021-04-27,13.71,8838419300.00,852478700.00,6.20,47.94
1668,SHSE.688128,中国电研,16.14,16.01,16.02,15.48,15.62,-3.22,3.35,1335491,20906501.14,2021-04-27,1.42,6318290000.00,1473678412.58,2.70,21.99
1669,SHSE.688129,东来技术,18.03,18.19,18.20,17.17,17.33,-3.88,5.71,1190413,20795503.29,2021-04-27,4.18,2079600000.00,493905000.00,2.57,26.54
1670,SHSE.688133,泰坦科技,173.85,169.99,180.00,169.99,178.44,2.64,5.76,216076,38233213.88,2021-04-27,1.39,13605864422.40,2777822231.28,9.34,132.40
1671,SHSE.688135,利扬芯片,38.58,38.09,41.72,37.60,41.00,6.27,10.68,4365363,172833874.71,2021-04-27,15.36,5592400000.00,1165020945.00,5.64,107.66
1672,SHSE.688136,科兴制药,32.56,32.44,33.28,32.15,32.69,0.40,3.47,1411066,46260226.27,2021-04-27,3.45,6495524248.50,1337319198.18,3.46,64.78
1673,SHSE.688138,清溢光电,17.24,17.10,17.10,16.20,16.25,-5.74,5.22,1795048,29602317.62,2021-04-27,2.30,4335500000.00,1270912500.00,3.64,59.95
1674,SHSE.688139,海尔生物,100.36,100.65,103.62,97.77,98.23,-2.12,5.83,2097841,209370450.91,2021-04-27,1.16,31145958788.34,17799857325.14,9.77,81.76
1675,SHSE.688155,先惠技术,81.38,80.80,83.18,78.41,83.16,2.19,5.86,428405,34721133.55,2021-04-27,2.38,6289393793.76,1493927820.00,5.70,103.55
1676,SHSE.688156,路德环境,19.54,19.55,19.90,18.79,18.90,-3.28,5.68,1071296,20462505.62,2021-04-27,4.91,1735776000.00,412246800.00,2.42,26.62
1677,SHSE.688157,松井股份,81.86,82.80,82.80,79.50,79.88,-2.42,4.03,247605,19874038.77,2021-04-27,1.31,6358448000.00,1531243684.00,5.67,72.93
1678,SHSE.688158,优刻得,39.75,40.01,40.11,38.60,39.00,-1.89,3.80,523298,20491439.05,2021-04-27,0.17,16478754396.00,12213770400.00,5.24,-36.72
1679,SHSE.688159,有方科技,21.09,21.00,21.18,20.59,21.07,-0.09,2.80,464725,9704226.42,2021-04-27,0.75,1931686959.65,1305413783.87,2.36,-25.73
1680,SHSE.688160,步科股份,33.01,33.40,33.40,32.07,32.53,-1.45,4.03,411599,13417649.18,2021-04-27,2.16,2732520000.00,620860163.16,4.40,36.98
1681,SHSE.688165,埃夫特,10.80,10.81,10.92,10.55,10.84,0.37,3.43,1703409,18302624.60,2021-04-27,1.37,5656095200.00,1345760265.84,2.75,-33.47
1682,SHSE.688166,博瑞医药,41.00,40.70,41.00,38.51,39.01,-4.85,6.07,2106000,83393383.14,2021-04-27,1.17,15994100000.00,7040453060.61,10.80,94.15
1683,SHSE.688168,安博通,48.58,48.70,48.70,46.00,47.46,-2.31,5.56,316960,15006418.17,2021-04-27,1.11,2429002800.00,1351625205.00,2.37,54.62
1684,SHSE.688169,石头科技,1278.00,1263.00,1263.00,1212.80,1249.99,-2.19,3.93,428436,531529180.79,2021-04-27,1.05,83332667083.33,50949877397.72,11.18,60.85
1685,SHSE.688177,百奥泰,23.92,23.88,24.80,23.56,24.61,2.88,5.18,1321704,31908093.77,2021-04-27,1.38,10190508800.00,2360392400.42,5.37,-19.86
1686,SHSE.688178,万德斯,27.44,27.30,27.30,26.68,26.83,-2.22,2.26,242575,6505596.20,2021-04-27,0.66,2280492154.52,992780160.45,2.01,18.04
1687,SHSE.688179,阿拉丁,103.68,100.00,105.05,100.00,100.00,-3.55,4.87,1122505,115472180.64,2021-04-27,4.68,10093340000.00,2397173000.00,12.05,116.89
1688,SHSE.688180,君实生物,87.23,87.25,88.80,86.71,88.35,1.28,2.40,1101819,96961725.58,2021-04-27,1.52,77085021600.00,6413166233.10,12.32,-46.20
1689,SHSE.688181,八亿时空,56.12,56.00,56.98,53.87,54.81,-2.33,5.54,1360874,74701820.06,2021-04-27,1.83,5287685897.34,4075498071.54,3.05,31.02
1690,SHSE.688183,生益电子,15.92,15.88,16.01,15.35,15.44,-3.02,4.15,8283473,129184558.83,2021-04-27,7.53,12843318942.00,1698473942.16,3.23,29.24
1691,SHSE.688185,康希诺,483.41,477.00,495.00,470.00,485.99,0.53,5.17,1494026,724373168.03,2021-04-27,6.22,120258176415.01,11674899376.79,19.84,-303.19
1692,SHSE.688186,广大特材,30.10,30.08,30.25,29.18,29.42,-2.26,3.55,967468,28522984.68,2021-04-27,1.05,4848416000.00,2706934200.00,2.68,22.95
1693,SHSE.688188,柏楚电子,334.50,334.85,341.96,334.85,341.74,2.16,2.13,175125,59366204.35,2021-04-27,0.68,34174000000.00,8782755591.40,13.71,92.21
1694,SHSE.688189,南新制药,41.82,41.80,42.50,40.68,40.93,-2.13,4.35,974905,40011495.57,2021-04-27,0.99,5730200000.00,4035698000.00,3.54,44.78
1695,SHSE.688191,智洋创新,19.38,19.38,19.44,18.13,18.74,-3.30,6.76,3485897,65118556.38,2021-04-27,10.02,2868082920.78,651968797.76,7.30,31.11
1696,SHSE.688195,腾景科技,25.37,24.89,24.89,22.66,22.88,-9.81,8.79,6189384,145689087.79,2021-04-27,21.07,2959528000.00,672134411.52,3.60,41.75
1697,SHSE.688196,卓越新能,53.15,53.70,53.86,51.55,52.02,-2.13,4.35,1031255,54024203.52,2021-04-27,3.58,6242400000.00,1498176000.00,2.74,25.77
1698,SHSE.688198,佰仁医疗,150.00,146.99,153.00,146.00,149.01,-0.66,4.67,297219,44509558.03,2021-04-27,1.30,14304960000.00,3397428000.00,16.42,253.52
1699,SHSE.688199,久日新材,40.25,40.10,40.22,39.28,39.35,-2.24,2.34,911871,36046968.55,2021-04-27,1.16,4376774580.00,3088556630.80,1.68,28.78
1700,SHSE.688200,华峰测控,323.00,323.00,326.12,305.91,313.35,-2.99,6.26,644036,202466866.06,2021-04-27,1.81,19172378033.10,11147590758.75,8.82,100.81
1701,SHSE.688201,信安世纪,42.52,42.40,42.80,38.21,38.58,-9.27,10.79,4632750,182788683.09,2021-04-27,24.44,3592868826.48,731317348.86,8.50,33.48
1702,SHSE.688202,美迪西,335.00,328.43,347.50,328.43,345.00,2.99,5.69,852448,290324889.51,2021-04-27,3.28,21390000000.00,8971950630.00,18.27,134.32
1703,SHSE.688208,道通科技,67.06,66.60,69.99,66.55,69.86,4.18,5.13,2128138,146915473.36,2021-04-27,0.85,31437000000.00,17451813925.00,12.87,65.29
1704,SHSE.688215,瑞晟智能,39.03,39.14,39.47,38.03,38.43,-1.54,3.69,176030,6764191.51,2021-04-27,1.85,1538737200.00,365450085.00,3.55,60.71
1705,SHSE.688218,江苏北人,15.19,15.15,15.36,14.89,15.10,-0.59,3.09,478049,7186937.34,2021-04-27,0.58,1771834000.00,1244582332.10,2.09,59.98
1706,SHSE.688219,会通股份,16.87,16.85,17.90,16.85,17.78,5.39,6.22,3884420,68207623.08,2021-04-27,9.36,8166062976.96,737709233.24,4.75,44.82
1707,SHSE.688221,前沿生物,16.16,16.15,16.15,15.70,15.82,-2.10,2.78,1430514,22695928.79,2021-04-27,1.73,5691403200.00,1307139839.60,2.71,-24.67
1708,SHSE.688222,成都先导,25.75,25.90,25.90,25.00,25.38,-1.44,3.50,2049937,51940610.04,2021-04-27,0.74,10169258400.00,7060781277.36,7.90,158.84
1709,SHSE.688228,开普云,38.80,38.87,38.97,37.50,37.59,-3.12,3.79,374988,14183353.80,2021-04-27,1.30,2523546009.60,1086262625.91,2.15,36.66
1710,SHSE.688229,博睿数据,75.31,75.00,76.64,73.28,75.94,0.84,4.46,207913,15620907.65,2021-04-27,1.97,3371736000.00,800787300.00,4.08,108.28
1711,SHSE.688233,神工股份,37.70,38.27,38.36,37.00,37.49,-0.56,3.61,1055742,39609398.13,2021-04-27,1.30,5998400000.00,3055895527.16,4.79,43.61
1712,SHSE.688256,寒武纪,129.90,128.81,128.81,119.21,119.40,-8.08,7.39,1803468,221393715.79,2021-04-27,5.47,47771940000.00,3939658401.60,7.63,-89.84
1713,SHSE.688258,卓易信息,37.74,37.88,37.89,36.60,36.99,-1.99,3.42,608566,22491251.62,2021-04-27,1.44,3216524301.09,1567152925.65,3.50,55.41
1714,SHSE.688260,昀冢科技,19.12,19.16,19.27,17.77,17.98,-5.96,7.85,3102921,56581651.07,2021-04-27,11.37,2157600000.00,490784543.26,4.24,38.43
1715,SHSE.688266,泽璟制药,60.87,61.40,61.74,60.58,61.26,0.64,1.91,745111,45586939.01,2021-04-27,0.56,14702400000.00,8149613832.00,9.52,-46.06
1716,SHSE.688268,华特气体,60.86,60.92,64.80,60.16,63.93,5.04,7.62,1952034,121995516.67,2021-04-27,6.03,7671600000.00,2151551364.00,5.89,72.05
1717,SHSE.688277,天智航,33.74,33.66,33.73,32.65,32.94,-2.37,3.20,999643,33033906.43,2021-04-27,2.71,13783500825.12,1213311136.50,14.14,-253.04
1718,SHSE.688278,特宝生物,35.40,35.91,35.97,34.35,35.03,-1.05,4.58,670547,23394457.68,2021-04-27,0.35,14250204000.00,7718000303.32,13.77,110.96
1719,SHSE.688286,敏芯股份,92.80,91.51,93.00,87.95,92.45,-0.38,5.44,352474,31811988.50,2021-04-27,2.78,4918340000.00,1170577585.65,4.57,123.76
1720,SHSE.688288,鸿泉物联,37.83,38.06,39.06,37.40,38.38,1.45,4.39,1040914,39751090.17,2021-04-27,2.03,3838000000.00,1969903624.28,4.09,39.02
1721,SHSE.688289,圣湘生物,107.80,107.99,107.99,102.11,103.22,-4.25,5.45,2984823,309937333.03,2021-04-27,8.56,41288000000.00,3598667653.88,7.69,13.56
1722,SHSE.688298,东方生物,196.25,196.67,199.52,190.01,193.50,-1.40,4.85,3161474,613790814.95,2021-04-27,5.25,23220000000.00,11789958870.00,6.39,13.84
1723,SHSE.688299,长阳科技,26.28,26.00,27.94,25.98,27.60,5.02,7.46,2582247,69623901.13,2021-04-27,1.16,7798892725.20,6144666660.00,4.32,42.17
1724,SHSE.688300,联瑞新材,58.03,58.50,58.50,56.06,56.96,-1.84,4.20,894704,50940810.26,2021-04-27,1.70,4897044864.00,2997345132.80,4.89,37.74
1725,SHSE.688301,奕瑞科技,249.29,251.00,261.40,248.00,257.17,3.16,5.38,568577,145157135.77,2021-04-27,3.48,18657124412.42,4201109832.25,7.08,70.50
1726,SHSE.688308,欧科亿,55.05,58.00,58.00,54.53,55.46,0.74,6.30,1262237,70991269.86,2021-04-27,5.55,5546000000.00,1261612731.76,4.10,40.49
1727,SHSE.688309,恒誉环保,27.91,28.58,28.58,27.30,27.31,-2.15,4.59,224986,6177094.86,2021-04-27,1.18,2185093118.23,518960050.15,3.05,47.53
1728,SHSE.688310,迈得医疗,28.21,28.20,28.38,27.42,27.75,-1.63,3.40,674188,18793445.85,2021-04-27,1.82,2319900000.00,1025134950.00,3.11,36.69
1729,SHSE.688311,盟升电子,68.70,68.40,68.71,66.69,67.01,-2.46,2.94,554137,37227449.06,2021-04-27,2.01,7684036700.00,1844329632.00,4.67,71.78
1730,SHSE.688312,燕麦科技,23.24,23.08,24.20,23.02,24.08,3.61,5.08,878929,20976774.75,2021-04-27,2.69,3454966999.68,786472425.20,2.79,30.79
1731,SHSE.688313,仕佳光子,16.18,16.30,16.50,16.09,16.14,-0.25,2.53,1120025,18206771.45,2021-04-27,2.56,7405069573.92,705318000.00,6.37,219.58
1732,SHSE.688315,诺禾致源,29.43,29.87,35.32,29.38,35.32,20.01,20.18,8550650,279886118.33,2021-04-27,26.32,14135064000.00,1147468848.76,12.28,107.22
1733,SHSE.688316,青云科技,58.50,58.05,59.20,55.88,58.96,0.79,5.68,575245,32943875.79,2021-04-27,5.31,2798369838.00,638839028.96,3.48,-17.52
1734,SHSE.688317,之江生物,86.30,86.50,92.69,84.50,85.25,-1.22,9.49,9958214,872044095.87,2021-04-27,24.36,16598545837.50,3484395714.25,4.51,17.81
1735,SHSE.688318,财富趋势,148.50,148.22,151.63,148.01,149.27,0.52,2.44,341701,51073689.36,2021-04-27,1.71,9951830900.00,2989095029.58,3.37,41.65
1736,SHSE.688321,微芯生物,36.69,36.70,36.80,35.64,35.85,-2.29,3.16,2147297,77332103.51,2021-04-27,0.85,14698500000.00,9047547743.70,9.84,473.44
1737,SHSE.688328,深科达,31.28,30.92,31.09,29.95,30.30,-3.13,3.64,852083,25940465.51,2021-04-27,5.17,2455512000.00,499747171.80,3.24,33.74
1738,SHSE.688329,艾隆科技,26.98,26.62,27.08,25.60,26.10,-3.26,5.49,1750519,45802715.10,2021-04-27,11.15,2014920000.00,409880298.60,2.74,30.46
1739,SHSE.688330,宏力达,73.68,73.68,73.68,72.78,72.81,-1.18,1.22,360693,26336031.76,2021-04-27,1.49,7281000000.00,1765642500.00,2.35,22.88
1740,SHSE.688333,铂力特,127.17,128.18,128.18,121.00,122.00,-4.07,5.65,647900,80009712.35,2021-04-27,1.46,9760000000.00,5527423622.00,8.51,112.57
1741,SHSE.688335,复洁环保,33.82,33.58,34.49,33.51,34.28,1.36,2.90,351421,11952187.44,2021-04-27,2.03,2486037294.24,594229196.72,2.27,31.19
1742,SHSE.688336,三生国健,17.33,17.28,17.28,16.66,16.81,-3.00,3.58,1198342,20204028.72,2021-04-27,2.01,10358513852.53,1000060066.13,2.32,-69.85
1743,SHSE.688338,赛科希德,54.34,53.70,54.08,52.59,53.62,-1.32,2.74,961603,51147943.71,2021-04-27,4.91,4377965760.00,1050711782.40,3.18,63.28
1744,SHSE.688339,亿华通,275.66,274.83,281.72,268.27,278.05,0.87,4.88,314623,86511953.08,2021-04-27,1.95,19602525000.00,4489511524.90,8.68,-870.31
1745,SHSE.688350,富淼科技,22.61,22.62,22.89,21.24,21.60,-4.47,7.30,1776418,38651874.88,2021-04-27,7.14,2638440000.00,537327712.80,1.92,25.15
1746,SHSE.688356,键凯科技,120.15,120.40,123.44,119.10,122.31,1.80,3.61,366942,44548131.61,2021-04-27,2.58,7338600000.00,1742917500.00,8.19,85.65
1747,SHSE.688357,建龙微纳,84.16,84.39,84.94,81.99,83.29,-1.03,3.51,471902,39290338.86,2021-04-27,1.80,4815827800.00,2187778430.00,4.77,33.10
1748,SHSE.688358,祥生医疗,52.69,52.38,52.67,50.57,50.89,-3.42,3.99,414163,21202386.45,2021-04-27,2.16,4071200000.00,977088000.00,3.34,38.76
1749,SHSE.688360,德马科技,27.74,27.87,27.87,27.04,27.60,-0.50,2.99,234543,6423777.60,2021-04-27,1.15,2364674132.40,561610099.20,2.66,35.59
1750,SHSE.688363,华熙生物,192.20,190.26,203.99,188.01,201.74,4.96,8.31,3137007,619002788.73,2021-04-27,3.36,96835200000.00,18830806203.44,18.71,149.94
1751,SHSE.688365,光云科技,21.08,21.00,21.33,20.40,20.64,-2.09,4.41,725873,14985342.69,2021-04-27,2.12,8276640000.00,706812816.48,7.34,88.35
1752,SHSE.688366,昊海生科,129.66,129.66,134.10,126.18,132.01,1.81,6.11,1384383,179784110.79,2021-04-27,3.65,23315883421.00,5208663257.81,4.16,66.25
1753,SHSE.688368,晶丰明源,274.42,275.00,292.00,274.42,291.48,6.22,6.41,304144,87088271.07,2021-04-27,2.01,17955168000.00,4414255900.32,13.30,260.74
1754,SHSE.688369,致远互联,58.07,57.73,58.77,56.74,57.28,-1.36,3.50,157941,9049708.92,2021-04-27,0.27,4409963314.24,3343416587.84,3.35,39.81
1755,SHSE.688377,迪威尔,15.65,15.53,15.75,15.36,15.45,-1.28,2.49,356303,5512144.66,2021-04-27,0.77,3007605150.00,714309892.50,1.97,37.47
1756,SHSE.688378,奥来德,51.90,51.71,53.18,51.62,52.95,2.02,3.01,726711,38022011.15,2021-04-27,4.62,3872588265.00,832607615.40,2.37,53.85
1757,SHSE.688379,华光新材,22.35,22.37,22.37,21.70,22.00,-1.57,3.00,357676,7839433.35,2021-04-27,1.71,1936000000.00,459800000.00,2.13,29.93
1758,SHSE.688386,泛亚微透,44.88,44.86,46.89,44.00,45.02,0.31,6.44,807139,36635208.19,2021-04-27,5.43,3151400000.00,669672500.00,5.52,48.25
1759,SHSE.688388,嘉元科技,81.30,80.92,81.74,79.13,81.50,0.25,3.21,2901933,233654300.98,2021-04-27,1.75,18816394000.00,13482419327.00,6.91,68.84
1760,SHSE.688389,普门科技,24.49,24.46,25.57,24.19,25.35,3.51,5.63,3351712,83838327.97,2021-04-27,2.16,10702770000.00,3930865302.00,8.96,66.79
1761,SHSE.688390,固德威,230.30,231.00,244.50,229.99,241.01,4.65,6.30,1759438,420565463.09,2021-04-27,8.40,21208880000.00,5048057120.26,13.89,81.48
1762,SHSE.688393,安必平,38.88,38.38,38.68,37.40,38.12,-1.95,3.29,1416285,53807157.15,2021-04-27,6.39,3558120800.00,845234760.00,2.98,41.99
1763,SHSE.688396,华润微,62.70,62.30,64.50,61.70,63.84,1.82,4.47,8725520,552274191.40,2021-04-27,2.65,84274664406.24,21011694248.16,8.00,87.45
1764,SHSE.688398,赛特新材,40.39,40.67,40.80,38.73,39.19,-2.97,5.13,433630,17059306.28,2021-04-27,1.25,3135200000.00,1354406400.00,3.66,31.68
1765,SHSE.688399,硕世生物,196.96,201.00,201.00,181.00,189.69,-3.69,10.15,3500159,663132146.65,2021-04-27,10.37,11119627800.00,6400482042.00,5.42,13.57
1766,SHSE.688408,中信博,143.99,142.40,148.46,141.34,145.91,1.33,4.94,655203,95424499.15,2021-04-27,2.07,19802245686.80,4617661336.66,7.93,69.36
1767,SHSE.688418,震有科技,19.39,19.41,19.42,18.75,18.91,-2.48,3.46,856571,16229381.03,2021-04-27,2.08,3661165100.00,778118135.00,2.98,84.92
1768,SHSE.688456,有研粉材,30.98,30.70,31.81,30.52,31.18,0.65,4.16,2840282,88484522.64,2021-04-27,10.41,3232118800.00,851092460.36,3.10,53.94
1769,SHSE.688466,金科环境,22.53,22.53,22.53,21.45,21.50,-4.57,4.79,671780,14635359.41,2021-04-27,2.72,2209340000.00,531944400.00,2.28,30.38
1770,SHSE.688468,科美诊断,24.13,23.78,28.50,22.80,27.08,12.23,23.62,14853986,375898879.91,2021-04-27,44.82,10859080000.00,897406151.00,11.73,92.80
1771,SHSE.688488,艾迪药业,20.15,19.91,20.47,19.54,19.70,-2.23,4.62,1106106,21994386.33,2021-04-27,2.04,8274000000.00,1066574055.50,6.04,208.04
1772,SHSE.688500,*ST慧辰,37.70,37.53,37.58,36.40,36.82,-2.33,3.13,199337,7376158.56,2021-04-27,1.13,2734787458.20,649512053.54,2.22,37.11
1773,SHSE.688505,复旦张江,17.09,16.88,17.09,16.61,16.93,-0.94,2.81,2773443,46735876.96,2021-04-27,2.88,17657990000.00,1629767093.34,8.75,107.24
1774,SHSE.688508,芯朋微,82.85,82.31,84.50,80.80,84.28,1.73,4.47,1000159,83270026.65,2021-04-27,3.73,9506784000.00,2257861200.00,7.15,95.32
1775,SHSE.688510,航亚科技,21.74,21.74,21.77,20.92,21.60,-0.64,3.91,1433307,30512333.67,2021-04-27,2.85,5581064332.80,1085761346.40,5.92,109.57
1776,SHSE.688513,苑东生物,45.50,45.33,45.33,44.00,44.89,-1.34,2.92,538862,24191808.04,2021-04-27,2.08,5390840100.00,1161636486.00,2.52,28.26
1777,SHSE.688516,奥特维,82.00,82.00,83.00,80.40,82.40,0.49,3.17,555124,45421910.01,2021-04-27,2.63,8130408000.00,1740139350.40,7.13,41.47
1778,SHSE.688518,联赢激光,14.84,14.74,15.03,14.56,14.88,0.27,3.17,1221728,18135437.59,2021-04-27,1.71,4452096000.00,1064070288.00,3.06,66.48
1779,SHSE.688519,南亚新材,31.94,31.94,32.10,30.40,30.80,-3.57,5.32,1492663,46179937.92,2021-04-27,2.93,7219520000.00,1567704908.00,2.70,39.94
1780,SHSE.688520,神州细胞,41.85,41.79,41.79,40.61,40.90,-2.27,2.82,461430,18923945.90,2021-04-27,0.96,17805230702.60,1963200000.00,43.31,-23.59
1781,SHSE.688521,芯原股份,64.28,64.44,65.59,62.68,63.16,-1.74,4.53,1461347,93078458.82,2021-04-27,3.23,30846621323.28,2855757104.52,11.97,-1206.53
1782,SHSE.688526,科前生物,43.38,43.00,43.00,39.91,42.20,-2.72,7.12,6400013,267086139.10,2021-04-27,7.62,19623000000.00,3544800000.00,6.82,37.44
1783,SHSE.688528,秦川物联,14.77,14.86,14.88,14.41,14.57,-1.35,3.18,521076,7571184.81,2021-04-27,1.31,2447760000.00,554190872.52,3.24,53.03
1784,SHSE.688529,豪森智能,28.91,28.72,28.79,27.55,27.95,-3.32,4.29,1681620,47106235.09,2021-04-27,5.77,3577600000.00,814038914.65,3.39,43.54
1785,SHSE.688533,上声电子,19.86,19.70,20.30,19.50,19.70,-0.81,4.03,4601595,91368315.48,2021-04-27,14.13,3152000000.00,641421086.20,4.31,33.81
1786,SHSE.688536,思瑞浦,426.80,421.00,423.46,405.10,414.28,-2.93,4.30,481283,199701636.65,2021-04-27,2.54,33142400000.00,7856225708.20,12.58,180.33
1787,SHSE.688550,瑞联新材,83.60,83.04,84.13,81.22,82.02,-1.89,3.48,357468,29329911.08,2021-04-27,2.10,5756293109.58,1396176345.78,2.10,29.58
1788,SHSE.688551,科威尔,28.36,28.19,28.48,27.45,27.64,-2.54,3.63,666596,18494375.60,2021-04-27,3.51,2211200000.00,525160000.00,2.37,33.11
1789,SHSE.688555,退市泽达,29.66,29.66,29.66,28.88,29.18,-1.62,2.63,350495,10216521.01,2021-04-27,1.76,2425149800.00,581636186.00,2.88,29.53
1790,SHSE.688556,高测股份,19.59,19.81,19.81,18.40,18.47,-5.72,7.20,1506345,28371067.65,2021-04-27,3.92,2989395358.00,709982274.85,2.93,51.25
1791,SHSE.688557,兰剑智能,34.00,33.91,33.94,33.18,33.69,-0.91,2.24,242469,8123013.17,2021-04-27,1.47,2448252300.00,557150194.26,2.77,29.23
1792,SHSE.688558,国盛智科,38.43,38.23,40.32,37.63,38.80,0.96,7.00,1850914,72223539.18,2021-04-27,5.90,5121600000.00,1216380000.00,4.03,42.60
1793,SHSE.688559,海目星,20.61,20.55,21.16,20.02,20.72,0.53,5.53,1212778,24975615.24,2021-04-27,2.55,4144000000.00,984200000.00,3.05,53.57
1794,SHSE.688560,明冠新材,20.41,20.41,20.41,19.66,20.05,-1.76,3.67,1107162,22059544.12,2021-04-27,3.12,3289959106.80,710646445.65,2.44,31.19
1795,SHSE.688561,奇安信,96.00,95.51,95.90,93.85,95.20,-0.83,2.14,613154,58126273.30,2021-04-27,0.84,64699443200.00,6965287246.40,6.78,-193.50
1796,SHSE.688566,吉贝尔,24.85,24.50,25.27,24.32,24.58,-1.09,3.82,584138,14343403.63,2021-04-27,1.45,4595024528.00,987930273.52,2.88,35.42
1797,SHSE.688567,孚能科技,27.75,27.88,27.92,27.42,27.76,0.04,1.80,1462405,40491279.64,2021-04-27,0.95,29721790455.60,4283677357.44,3.00,-89.79
1798,SHSE.688568,中科星图,52.68,52.00,53.89,50.60,51.30,-2.62,6.25,1669607,86493635.78,2021-04-27,3.37,11286000000.00,2542186582.20,9.12,69.44
1799,SHSE.688569,铁科轨道,18.41,18.35,18.44,18.03,18.14,-1.47,2.23,840515,15211419.99,2021-04-27,1.66,3821493938.00,917158980.48,1.75,25.19
1800,SHSE.688571,杭华股份,9.74,9.62,9.67,8.83,8.89,-8.73,8.62,7556587,68738496.48,2021-04-27,10.40,2844800000.00,646112620.65,2.13,23.35
1801,SHSE.688577,浙海德曼,42.28,42.28,45.35,41.53,43.73,3.43,9.04,584556,25898787.16,2021-04-27,4.56,2360183315.60,560837250.00,3.02,35.05
1802,SHSE.688578,艾力斯,28.60,28.60,28.92,27.68,28.14,-1.61,4.34,1653321,46543114.76,2021-04-27,2.37,12663000000.00,1966058561.88,4.44,-40.78
1803,SHSE.688579,山大地纬,13.24,13.38,13.38,12.82,12.85,-2.95,4.23,1042571,13534872.40,2021-04-27,2.74,5140128500.00,488422075.00,4.28,52.42
1804,SHSE.688580,伟思医疗,131.87,131.87,132.00,126.11,130.00,-1.42,4.47,798602,103469245.39,2021-04-27,4.87,8885066710.00,2132416130.00,6.19,61.85
1805,SHSE.688585,上纬新材,11.40,11.40,11.43,11.02,11.14,-2.28,3.60,1258908,14123120.36,2021-04-27,3.07,4491648000.00,457185600.00,4.40,37.76
1806,SHSE.688586,江航装备,23.70,23.77,23.77,23.02,23.29,-1.73,3.16,1598394,37184689.04,2021-04-27,1.72,9403208636.43,2162738023.41,4.76,48.50
1807,SHSE.688588,凌志软件,22.79,22.79,23.00,22.58,22.81,0.09,1.84,753076,17127517.92,2021-04-27,1.98,9124228168.43,866996695.00,7.39,45.45
1808,SHSE.688589,力合微,30.62,30.30,31.68,30.01,31.34,2.35,5.45,1866481,57743524.66,2021-04-27,7.28,3134000000.00,803871000.00,4.37,96.63
1809,SHSE.688590,新致软件,16.52,16.43,16.51,16.01,16.04,-2.91,3.03,1363945,22069428.44,2021-04-27,3.69,2919637371.20,593538513.92,2.80,35.78
1810,SHSE.688595,芯海科技,66.71,66.50,67.30,61.63,62.14,-6.85,8.50,2080039,132330899.71,2021-04-27,9.79,6214000000.00,1320475000.00,7.27,69.57
1811,SHSE.688596,正帆科技,15.51,15.51,15.51,15.06,15.19,-2.06,2.90,1240106,18886015.06,2021-04-27,2.18,3896235000.00,865349935.24,2.28,29.55
1812,SHSE.688598,金博股份,162.50,162.44,169.80,160.42,169.20,4.12,5.77,824475,136414191.30,2021-04-27,4.30,13536000000.00,3240610275.60,9.84,80.30
1813,SHSE.688599,天合光能,17.91,17.80,17.93,17.03,17.26,-3.63,5.03,10664342,185212644.52,2021-04-27,3.54,35694135232.50,5249181966.00,2.34,29.04
1814,SHSE.688600,皖仪科技,16.89,17.24,17.34,16.58,17.13,1.42,4.50,975831,16522823.07,2021-04-27,3.08,2284114200.00,542558490.00,2.78,38.81
1815,SHSE.688606,奥泰生物,183.42,182.21,191.85,179.00,187.17,2.04,7.01,2599173,480944734.15,2021-04-27,20.80,10089238819.65,2339067420.57,3.65,14.85
1816,SHSE.688607,康众医疗,40.30,40.88,42.88,39.00,41.76,3.62,9.63,3311411,135994736.76,2021-04-27,18.02,3680268167.52,767468370.24,4.39,38.66
1817,SHSE.688608,恒玄科技,292.41,279.77,297.90,279.70,287.60,-1.64,6.22,832050,240127311.95,2021-04-27,3.53,34512000000.00,6786427025.60,6.19,123.33
1818,SHSE.688609,九联科技,9.40,9.54,9.54,9.27,9.29,-1.17,2.87,4102939,38420760.66,2021-04-27,5.08,4645000000.00,750311495.00,3.88,31.48
1819,SHSE.688611,杭州柯林,43.73,43.91,44.48,43.22,43.37,-0.82,2.88,935121,40880315.13,2021-04-27,7.37,2424383000.00,550357059.70,6.87,22.91
1820,SHSE.688616,西力科技,14.70,14.80,14.88,14.27,14.41,-1.97,4.15,2078721,30047552.30,2021-04-27,6.09,2161500000.00,491649832.96,3.06,26.26
1821,SHSE.688617,惠泰医疗,259.09,263.60,285.08,261.00,264.02,1.90,9.29,409267,109714170.57,2021-04-27,2.98,17602213400.00,3624577184.38,10.61,117.95
1822,SHSE.688618,三旺通信,43.56,44.05,44.18,41.86,42.36,-2.75,5.33,492815,20906599.16,2021-04-27,4.33,2140344688.20,482301005.40,3.15,33.22
1823,SHSE.688619,罗普特,26.37,26.68,27.48,26.58,27.35,3.72,3.41,3828899,103990006.54,2021-04-27,8.93,5122327210.25,1172770707.65,3.87,146.95
1824,SHSE.688626,翔宇医疗,65.00,66.38,71.30,64.64,69.50,6.92,10.25,3746858,255585611.66,2021-04-27,10.20,11120000000.00,2552664527.00,6.09,56.66
1825,SHSE.688628,优利德,32.61,32.68,33.08,31.51,31.63,-3.01,4.81,1170078,37478720.08,2021-04-27,4.68,3479300000.00,791085910.60,3.71,23.67
1826,SHSE.688630,芯碁微装,55.17,54.18,55.48,50.16,51.01,-7.54,9.64,5162598,269624922.36,2021-04-27,21.02,6162008000.00,1252554171.71,7.35,75.34
1827,SHSE.688633,星球石墨,51.58,51.58,53.05,51.26,52.23,1.26,3.47,966390,50554087.16,2021-04-27,5.84,3798862034.82,864055723.32,3.22,25.06
1828,SHSE.688636,智明达,78.50,78.20,78.84,73.66,74.01,-5.72,6.60,1565911,118407930.61,2021-04-27,15.39,3700500000.00,753086978.76,9.71,37.98
1829,SHSE.688639,华恒生物,43.04,41.03,43.43,40.08,40.67,-5.51,7.78,8367590,345505165.09,2021-04-27,35.30,4392360000.00,964072304.51,8.43,37.08
1830,SHSE.688656,浩欧博,78.93,78.93,81.86,77.30,79.41,0.61,5.78,488667,38887289.28,2021-04-27,3.81,5007461826.48,1019235688.05,6.99,66.51
1831,SHSE.688658,悦康药业,22.98,22.80,22.93,22.50,22.74,-1.04,1.87,2057966,46733655.21,2021-04-27,2.48,10233000000.00,1885933122.36,2.80,23.14
1832,SHSE.688659,元琛科技,13.86,13.82,13.85,13.01,13.15,-5.12,6.06,4438117,58962322.23,2021-04-27,12.19,2104000000.00,478609346.20,3.45,33.91
1833,SHSE.688661,和林微纳,60.44,60.00,62.30,57.19,58.62,-3.01,8.45,2347276,139023647.94,2021-04-27,14.42,4689600000.00,954468308.76,9.23,76.38
1834,SHSE.688662,富信科技,29.00,28.99,29.00,27.82,28.05,-3.28,4.07,1699688,47886443.20,2021-04-27,8.48,2475132000.00,562543479.30,3.70,30.82
1835,SHSE.688663,新风光,19.74,19.70,19.96,19.25,19.25,-2.48,3.60,2981491,58081685.13,2021-04-27,9.89,2694037500.00,580336391.25,4.75,25.24
1836,SHSE.688665,四方光电,82.95,82.09,85.58,81.00,83.30,0.42,5.52,1242421,103019518.05,2021-04-27,8.64,5831000000.00,1198466588.20,8.19,69.03
1837,SHSE.688667,菱电电控,125.79,128.70,129.76,121.37,129.76,3.16,6.67,613776,77448379.03,2021-04-27,5.18,6695616000.00,1536909750.24,5.10,42.69
1838,SHSE.688668,鼎通科技,26.56,26.50,27.45,26.20,27.17,2.30,4.71,950052,25528375.59,2021-04-27,4.66,2313253800.00,554259903.34,3.06,31.80
1839,SHSE.688669,聚石化学,38.36,38.36,39.00,37.83,37.98,-0.99,3.05,995730,38229993.26,2021-04-27,5.23,3544800025.32,722577133.98,2.43,22.33
1840,SHSE.688676,金盘科技,17.30,17.43,17.87,17.10,17.58,1.62,4.45,1917920,33370410.50,2021-04-27,5.58,7483806000.00,604414235.46,3.18,30.52
1841,SHSE.688677,海泰新光,72.62,72.42,74.49,72.20,73.79,1.61,3.15,369274,27012549.23,2021-04-27,2.08,6418254200.00,1308517479.68,6.19,66.61
1842,SHSE.688678,福立旺,20.20,20.18,20.37,19.31,19.50,-3.47,5.25,1047466,20615607.96,2021-04-27,2.97,3380325000.00,688155136.50,2.52,28.53
1843,SHSE.688679,通源环境,14.99,14.94,14.95,14.33,14.46,-3.54,4.14,1510377,21930872.16,2021-04-27,5.04,1904232700.50,433134189.30,1.79,21.06
1844,SHSE.688680,海优新材,130.80,130.58,132.59,127.80,130.00,-0.61,3.66,698712,91049703.16,2021-04-27,3.61,10922600000.00,2513194450.00,5.02,48.93
1845,SHSE.688682,霍莱沃,88.06,87.19,91.40,85.53,88.91,0.97,6.67,1392357,122747952.95,2021-04-27,18.52,3289670000.00,668346783.56,16.55,73.39
1846,SHSE.688683,莱尔科技,15.06,15.12,15.19,14.35,14.53,-3.52,5.58,3199415,46778636.55,2021-04-27,10.59,2158576800.00,438847497.68,4.22,34.09
1847,SHSE.688686,奥普特,331.00,329.00,345.00,322.06,340.55,2.89,6.93,516981,172451392.25,2021-04-27,3.03,28087089418.50,5805728752.25,11.93,97.24
1848,SHSE.688687,凯因科技,29.25,29.32,33.97,28.40,33.10,13.16,19.04,8677575,271350049.94,2021-04-27,22.47,5621320768.20,1278444370.70,3.53,70.14
1849,SHSE.688689,银河微电,28.41,28.41,28.88,27.02,28.19,-0.77,6.55,3273530,90646216.73,2021-04-27,11.21,3619596000.00,823239955.78,3.69,52.05
1850,SHSE.688696,极米科技,658.00,650.00,668.00,631.00,654.13,-0.59,5.62,465614,302098857.90,2021-04-27,4.51,32706500000.00,6758693564.20,13.43,103.82
1851,SHSE.688698,伟创电气,18.10,18.35,18.65,17.76,18.35,1.38,4.92,1744775,31791303.16,2021-04-27,4.76,3303000000.00,672050179.80,4.21,37.72
1852,SHSE.688699,明微电子,137.04,138.55,139.13,116.67,125.00,-8.79,16.39,5332160,669799736.17,2021-04-27,31.52,9296000000.00,2114288625.00,8.07,57.56
1853,SHSE.688777,中控技术,85.40,85.47,86.97,84.36,86.40,1.17,3.06,650917,56036963.66,2021-04-27,1.67,42688857600.00,3372441177.60,10.58,100.86
1854,SHSE.688788,科思科技,104.56,103.98,104.88,101.00,102.32,-2.14,3.71,501055,51351750.48,2021-04-27,2.88,7728662618.24,1780973325.12,2.69,33.48
1855,SHSE.688819,天能股份,45.05,45.04,45.04,44.05,44.34,-1.58,2.20,3110538,137921560.36,2021-04-27,3.08,43102914000.00,4480925421.06,3.63,18.91
1856,SHSE.688981,中芯国际,54.51,54.40,55.24,53.93,55.00,0.90,2.40,14759720,807054878.01,2021-04-27,1.35,434495460960.00,60260915000.00,4.31,100.29
1857,SHSE.689009,九号公司,68.92,68.09,68.89,65.95,66.00,-4.24,4.27,1613761,108305104.85,2021-04-27,2.80,46470050220.00,3805832976.00,12.41,632.48
1858,SZSE.000001,平安银行,22.94,22.95,23.19,22.86,22.94,0.00,1.44,47043140,1083043579.27,2021-04-27,0.24,445171763462.12,445168007656.50,1.47,14.59
1859,SZSE.000002,万科A,27.70,27.64,27.95,27.50,27.93,0.83,1.62,51107923,1419534467.83,2021-04-27,0.53,324483260373.93,271411262691.45,1.44,7.81
1860,SZSE.000004,国华网安,18.16,18.05,18.27,17.18,17.52,-3.52,6.00,2633781,46199476.01,2021-04-27,2.29,2891721990.00,2017000844.88,1.98,41.03
1861,SZSE.000005,ST星源,2.31,2.29,2.30,2.25,2.27,-1.73,2.16,7052188,15983522.00,2021-04-27,0.67,2402878631.34,2401537969.34,1.92,-6.20
1862,SZSE.000006,深振业A,5.33,5.33,5.35,5.26,5.27,-1.13,1.69,5551420,29346647.40,2021-04-27,0.41,7114473892.42,7114473892.42,0.93,8.23
1863,SZSE.000007,*ST全新,3.86,3.87,3.88,3.69,3.71,-3.89,4.92,13443700,50033586.00,2021-04-27,4.35,1285322243.24,1146197243.24,20.34,-10.46
1864,SZSE.000008,神州高铁,2.25,2.24,2.28,2.24,2.26,0.44,1.78,11313060,25605458.60,2021-04-27,0.42,6284597481.96,6023389714.88,0.97,-7.21
1865,SZSE.000009,中国宝安,10.44,10.40,10.59,10.32,10.52,0.77,2.59,40218857,420707774.85,2021-04-27,1.58,27133330911.80,26841047008.48,3.83,33.42
1866,SZSE.000010,美丽生态,4.40,4.32,4.41,4.20,4.33,-1.59,4.77,15944801,68834206.25,2021-04-27,3.05,3549970907.29,2261002586.34,7.19,89.11
1867,SZSE.000011,深物业A,13.09,13.10,13.23,12.60,12.79,-2.29,4.81,7339991,93494214.90,2021-04-27,1.39,7622572586.68,6733622194.97,1.93,9.55
1868,SZSE.000012,南玻A,8.53,8.51,8.64,8.45,8.59,0.70,2.23,47061087,402193620.89,2021-04-27,2.40,26377245199.13,16819212002.71,2.45,21.25
1869,SZSE.000014,沙河股份,8.44,8.41,8.44,7.91,7.93,-6.04,6.28,7779218,63177258.36,2021-04-27,3.86,1599522132.91,1599522132.91,1.81,-124.71
1870,SZSE.000016,深康佳A,6.20,6.18,6.29,6.14,6.26,0.97,2.42,12305627,76515568.76,2021-04-27,0.77,15073738254.08,9994555118.00,1.77,31.56
1871,SZSE.000017,深中华A,2.78,2.79,2.83,2.64,2.65,-4.68,6.83,5121479,13710119.56,2021-04-27,1.69,1461072059.55,802899671.20,136.63,385.93
1872,SZSE.000019,深粮控股,7.10,7.12,7.19,7.02,7.11,0.14,2.39,3477903,24645419.31,2021-04-27,0.84,8194525655.94,2959074155.52,1.73,17.89
1873,SZSE.000020,深华发A,9.17,9.18,9.29,9.10,9.28,1.20,2.07,1307900,12008748.00,2021-04-27,0.72,2627736186.56,1681214828.48,7.69,384.72
1874,SZSE.000021,深科技,18.68,18.87,18.92,18.18,18.26,-2.25,3.96,16416261,302063611.87,2021-04-27,1.12,26865195968.38,26854300482.02,3.46,31.34
1875,SZSE.000023,ST深天,15.79,15.64,15.79,15.46,15.54,-1.58,2.09,199427,3103340.71,2021-04-27,0.14,2156271969.60,2156271969.60,4.60,-271.08
1876,SZSE.000025,特力A,14.82,14.82,14.88,14.44,14.61,-1.42,2.97,2215025,32342472.35,2021-04-27,0.56,6297762055.20,5738491255.20,4.73,109.22
1877,SZSE.000026,飞亚达,16.06,16.10,16.23,15.80,15.99,-0.44,2.68,4564750,73049803.92,2021-04-27,1.28,6964452846.78,5723741688.21,2.39,16.37
1878,SZSE.000027,深圳能源,8.91,8.91,8.91,8.51,8.68,-2.58,4.49,94182081,814638355.02,2021-04-27,1.98,41294144470.88,41294144470.88,1.52,10.36
1879,SZSE.000028,国药一致,42.24,42.25,42.36,40.30,40.64,-3.79,4.88,4507689,184411026.71,2021-04-27,1.23,17399080589.12,14944694520.00,1.22,11.74
1880,SZSE.000029,深深房A,7.41,7.35,7.50,7.29,7.48,0.94,2.83,3990361,29428536.47,2021-04-27,0.45,7567216800.00,6669616800.00,1.95,26.07
1881,SZSE.000030,富奥股份,7.27,7.38,7.38,6.95,7.17,-1.38,5.91,5597614,39782709.84,2021-04-27,0.32,12981658635.87,12618345837.90,1.73,14.40
1882,SZSE.000031,大悦城,3.80,3.80,3.81,3.54,3.56,-6.32,7.11,26642867,96000367.38,2021-04-27,1.41,15259275486.84,6731064400.12,0.82,-39.45
1883,SZSE.000032,深桑达A,19.99,20.00,20.37,19.54,19.59,-2.00,4.15,1409180,28004829.60,2021-04-27,0.34,8094973158.99,8059798295.31,5.06,53.64
1884,SZSE.000034,神州数码,17.25,17.20,17.24,16.88,17.13,-0.70,2.09,5724807,97545827.54,2021-04-27,1.15,11298918485.01,8521490211.12,2.38,18.10
1885,SZSE.000035,中国天楹,4.24,4.24,4.24,4.14,4.20,-0.94,2.36,4986400,20814203.00,2021-04-27,0.20,10599864647.40,10304050579.20,0.91,12.95
1886,SZSE.000036,华联控股,3.79,3.81,3.81,3.71,3.72,-1.85,2.64,3825543,14312650.59,2021-04-27,0.26,5520234573.00,5501882432.88,1.10,10.02
1887,SZSE.000037,深南电A,8.25,8.26,8.26,8.05,8.12,-1.58,2.55,3843786,31161170.16,2021-04-27,1.13,4894432279.52,2751819369.32,2.40,75.34
1888,SZSE.000038,大通退,11.57,11.54,11.83,11.22,11.51,-0.52,5.27,4351028,49631069.38,2021-04-27,1.83,6017168092.69,2741428388.66,2.09,75.65
1889,SZSE.000039,中集集团,15.81,15.65,15.95,15.45,15.86,0.32,3.16,15914583,249709986.53,2021-04-27,1.04,57016915537.40,24333544848.08,1.39,10.66
1890,SZSE.000040,东旭蓝天,2.61,2.60,2.60,2.53,2.57,-1.53,2.68,14463410,36931013.12,2021-04-27,1.36,3821265845.90,2725075521.90,0.32,-3.74
1891,SZSE.000042,中洲控股,8.62,8.74,8.78,8.58,8.63,0.12,2.32,574174,4969348.40,2021-04-27,0.09,5737492729.57,5718997129.32,0.74,24.83
1892,SZSE.000045,深纺织A,8.32,8.33,8.55,8.24,8.41,1.08,3.73,6815601,57122450.28,2021-04-27,1.49,4270364866.39,3843520320.34,1.52,114.59
1893,SZSE.000046,*ST泛海,2.69,2.69,2.71,2.60,2.64,-1.86,4.09,13125576,34620198.78,2021-04-27,0.25,13717969731.84,13711682043.84,0.83,-2.97
1894,SZSE.000048,京基智农,27.28,27.49,27.49,26.80,27.13,-0.55,2.53,1016619,27417685.67,2021-04-27,0.25,10919600662.03,10917889844.23,3.46,12.60
1895,SZSE.000049,德赛电池,71.54,71.39,72.71,69.88,72.47,1.30,3.96,3861249,275266264.30,2021-04-27,1.88,15015620072.86,14874013692.86,5.06,19.83
1896,SZSE.000050,深天马A,14.25,14.20,14.28,13.96,14.16,-0.63,2.25,17327976,244165712.75,2021-04-27,0.83,34801706879.76,29533192210.56,1.02,23.60
1897,SZSE.000055,方大集团,4.43,4.43,4.45,4.34,4.42,-0.23,2.48,3729853,16403911.05,2021-04-27,0.55,4746524083.34,2994167135.18,0.87,12.42
1898,SZSE.000056,皇庭国际,3.47,3.40,3.62,3.28,3.51,1.15,9.80,26705706,92412390.88,2021-04-27,2.96,4122595807.20,3172088028.33,0.87,-108.21
1899,SZSE.000058,深赛格,5.96,6.06,6.08,5.86,5.96,0.00,3.69,3004400,17778433.60,2021-04-27,0.56,7364511244.04,3208161417.32,3.80,104.05
1900,SZSE.000059,华锦股份,6.25,6.25,6.29,6.06,6.18,-1.12,3.68,26045939,161312081.98,2021-04-27,1.63,9884554878.66,9884533520.58,0.70,5.66
1901,SZSE.000060,中金岭南,4.76,4.82,4.88,4.73,4.80,0.84,3.15,72126580,346997250.61,2021-04-27,2.02,17135617435.20,17130386155.20,1.43,17.22
1902,SZSE.000061,农产品,5.68,5.68,5.70,5.55,5.57,-1.94,2.64,5283296,29632400.24,2021-04-27,0.31,9452090209.67,9450065871.15,1.73,22.47
1903,SZSE.000062,深圳华强,14.04,14.99,15.44,14.40,14.72,4.84,7.41,23020588,341871529.11,2021-04-27,2.20,15395785219.84,15375819600.64,2.67,24.65
1904,SZSE.000063,中兴通讯,29.14,29.11,29.30,28.78,29.13,-0.03,1.78,28923576,840137310.49,2021-04-27,0.75,134389358578.74,112365099049.59,2.93,31.55
1905,SZSE.000065,北方国际,8.10,8.00,8.05,7.81,7.94,-1.98,2.96,11354092,89754524.47,2021-04-27,1.69,6110150212.26,5344546939.42,1.10,8.13
1906,SZSE.000066,中国长城,12.50,12.47,12.55,11.82,11.87,-5.04,5.84,51020829,613364705.99,2021-04-27,1.74,34757520969.11,34753384155.41,3.89,37.46
1907,SZSE.000068,华控赛格,2.68,2.68,2.74,2.61,2.72,1.49,4.85,8449900,22562466.00,2021-04-27,0.84,2738146382.08,2738146382.08,8.10,-16.68
1908,SZSE.000069,华侨城A,9.49,9.46,9.66,9.40,9.53,0.42,2.74,60848725,580674368.32,2021-04-27,0.86,78163096009.95,67246521283.73,1.00,6.16
1909,SZSE.000070,特发信息,6.94,6.98,7.00,6.79,6.93,-0.14,3.03,6980578,47979643.29,2021-04-27,0.87,5726317135.77,5578470083.34,1.95,500.31
1910,SZSE.000078,海王生物,3.40,3.38,3.44,3.30,3.39,-0.29,4.12,36436081,122766877.87,2021-04-27,1.39,9325324741.23,8885866450.77,1.56,-33.76
1911,SZSE.000088,盐田港,5.58,5.58,5.60,5.50,5.52,-1.08,1.79,4160648,23033496.62,2021-04-27,0.18,12415372843.44,12415372843.44,1.43,31.69
1912,SZSE.000089,深圳机场,8.52,8.51,8.58,8.32,8.32,-2.35,3.05,11616593,97663395.41,2021-04-27,0.57,17062402314.88,17062402314.88,1.42,607.80
1913,SZSE.000090,天健集团,6.00,5.99,6.03,5.97,6.00,0.00,1.00,5444788,32664553.66,2021-04-27,0.29,11211272604.00,11209725534.00,1.20,7.54
1914,SZSE.000096,广聚能源,9.58,9.58,9.58,9.48,9.53,-0.52,1.04,655301,6241279.53,2021-04-27,0.13,5031840000.00,4868381440.00,1.77,38.69
1915,SZSE.000099,中信海直,6.78,6.76,6.78,6.43,6.48,-4.42,5.16,10032924,65580050.38,2021-04-27,1.66,3927336321.60,3927336321.60,1.12,17.14
1916,SZSE.000100,TCL科技,9.23,9.26,9.33,9.11,9.32,0.98,2.38,300865520,2774394038.18,2021-04-27,2.33,130766947533.84,120206107991.04,3.74,29.80
1917,SZSE.000150,*ST宜康,3.82,3.51,4.14,3.44,3.72,-2.62,18.32,150333476,551455673.31,2021-04-27,18.65,3265034912.04,2998283700.24,43.04,-5.23
1918,SZSE.000151,中成股份,7.49,7.43,7.50,7.21,7.31,-2.40,3.87,4443906,32511440.92,2021-04-27,1.67,2163613800.00,1948436398.77,3.37,-7.44
1919,SZSE.000153,丰原药业,7.81,7.83,8.25,7.80,8.15,4.35,5.76,16109102,129474129.97,2021-04-27,5.16,2543951024.50,2542614424.50,1.76,23.21
1920,SZSE.000155,川能动力,12.50,12.47,12.51,11.67,12.02,-3.84,6.72,80614595,968163907.09,2021-04-27,6.35,15265400000.00,15265400000.00,4.16,95.78
1921,SZSE.000156,华数传媒,8.12,8.11,8.18,8.08,8.16,0.49,1.23,4097084,33316048.35,2021-04-27,0.32,15119928726.72,10447209949.92,1.11,24.82
1922,SZSE.000157,中联重科,11.90,11.83,11.90,11.51,11.83,-0.59,3.28,72057389,843130598.83,2021-04-27,1.10,102526031600.72,77409847420.36,1.85,14.08
1923,SZSE.000158,常山北明,5.69,5.69,5.91,5.57,5.64,-0.88,5.98,64720462,370638566.98,2021-04-27,4.11,9016198306.44,8874449280.60,1.52,89.00
1924,SZSE.000159,国际实业,6.09,6.12,6.12,5.90,6.00,-1.48,3.61,17722501,106288948.01,2021-04-27,3.69,2884115958.00,2884115958.00,1.28,32.51
1925,SZSE.000166,申万宏源,4.52,4.51,4.53,4.49,4.51,-0.22,0.88,31837941,143606942.57,2021-04-27,0.14,112930149965.60,101635137995.16,1.25,14.54
1926,SZSE.000333,美的集团,80.03,79.97,81.63,79.20,80.72,0.86,3.04,19000053,1531692781.39,2021-04-27,0.28,568384687040.24,554950211405.68,4.84,22.81
1927,SZSE.000338,潍柴动力,18.78,18.76,18.76,17.97,18.24,-2.88,4.21,78246627,1428631703.29,2021-04-27,1.84,144713859844.80,77416320648.00,2.57,15.72
1928,SZSE.000400,许继电气,13.70,13.75,13.78,13.50,13.63,-0.51,2.04,8209195,111820295.45,2021-04-27,0.81,13743501221.67,13742720985.95,1.57,18.68
1929,SZSE.000401,冀东水泥,14.35,14.34,14.39,14.03,14.09,-1.81,2.51,11662134,164690624.87,2021-04-27,0.87,18986597858.26,18982149166.20,1.34,6.17
1930,SZSE.000402,金融街,6.26,6.27,6.31,6.22,6.26,0.00,1.44,9130013,57139353.44,2021-04-27,0.31,18710701217.82,18702601647.96,0.51,6.47
1931,SZSE.000403,派林生物,37.73,37.74,38.71,37.53,38.38,1.72,3.13,2331307,89678692.68,2021-04-27,0.48,28095517155.18,18697580762.00,4.73,151.08
1932,SZSE.000404,长虹华意,4.10,4.10,4.10,3.95,4.00,-2.44,3.66,10223108,40911449.25,2021-04-27,1.47,2783983916.00,2778491192.00,0.84,24.25
1933,SZSE.000407,胜利股份,4.30,4.28,4.29,4.16,4.21,-2.09,3.02,6642400,28016647.00,2021-04-27,0.76,3705156401.76,3686881524.30,1.42,26.03
1934,SZSE.000408,藏格矿业,11.21,11.03,11.29,10.65,10.77,-3.93,5.71,14989100,163920785.00,2021-04-27,3.17,21473005451.94,5099445943.20,2.64,93.81
1935,SZSE.000409,云鼎科技,4.64,4.62,4.67,4.49,4.52,-2.59,3.88,9102332,41287785.51,2021-04-27,2.24,2309408834.16,1833453222.88,4.58,31.27
1936,SZSE.000410,沈阳机床,3.68,3.68,3.78,3.65,3.72,1.09,3.53,1690912,6293919.96,2021-04-27,0.10,6264613711.68,6253001731.68,24.21,-8.67
1937,SZSE.000411,英特集团,15.90,15.34,15.65,14.96,15.12,-4.91,4.34,10988023,167401944.71,2021-04-27,5.30,3763971817.20,3134749403.52,2.21,24.01
1938,SZSE.000413,东旭光电,1.93,1.93,1.93,1.87,1.90,-1.55,3.11,42520348,80241471.11,2021-04-27,0.87,10887475224.20,9241895096.60,0.40,-3.20
1939,SZSE.000415,渤海租赁,2.05,2.05,2.07,2.01,2.05,0.00,2.93,15123233,30818557.96,2021-04-27,0.43,12678268628.10,7272163038.20,0.46,-1.65
1940,SZSE.000416,*ST民控,4.62,4.63,4.76,4.52,4.65,0.65,5.19,3878696,17867721.40,2021-04-27,0.73,2473202447.10,2472131105.70,2.74,70.62
1941,SZSE.000417,合肥百货,4.74,4.74,5.21,4.74,5.21,9.92,9.92,24539032,124492462.57,2021-04-27,3.15,4063196682.00,4058733019.71,0.98,21.97
1942,SZSE.000419,通程控股,4.57,4.57,4.65,4.51,4.63,1.31,3.06,3756450,17141057.39,2021-04-27,0.69,2516787692.65,2515432621.29,0.79,12.47
1943,SZSE.000420,吉林化纤,2.76,2.76,2.78,2.70,2.77,0.36,2.90,13600646,37304764.50,2021-04-27,0.69,6006222697.11,5455984653.50,1.95,-27.67
1944,SZSE.000421,南京公用,5.51,5.50,5.50,5.32,5.39,-2.18,3.27,4464658,24085271.05,2021-04-27,0.78,3086566974.26,3086566974.26,1.10,13.71
1945,SZSE.000422,湖北宜化,4.84,4.83,4.93,4.74,4.87,0.62,3.93,10554713,51133442.03,2021-04-27,1.18,4372610887.44,4372349232.08,8.11,37.76
1946,SZSE.000423,东阿阿胶,34.84,34.52,35.11,34.50,34.76,-0.23,1.75,2277627,79156058.40,2021-04-27,0.35,22733788626.12,22728427799.88,2.32,525.16
1947,SZSE.000425,徐工机械,7.31,7.24,7.27,6.88,7.08,-3.15,5.34,189327006,1329864731.20,2021-04-27,2.71,55462372484.40,49524864813.24,1.66,14.87
1948,SZSE.000426,兴业银锡,6.67,6.62,6.75,6.60,6.72,0.75,2.25,9750930,65183626.93,2021-04-27,0.66,12345931711.68,9913842657.60,2.35,-67.15
1949,SZSE.000428,华天酒店,3.44,3.35,3.43,3.15,3.19,-7.27,8.14,27435260,88535220.60,2021-04-27,2.69,3250373940.00,3250121770.50,1.65,-6.33
1950,SZSE.000429,粤高速A,7.10,7.17,7.38,7.17,7.30,2.82,2.96,8798741,64247752.76,2021-04-27,0.68,15262884719.80,9511189958.20,1.82,11.45
1951,SZSE.000430,张家界,5.96,5.94,5.98,5.59,5.63,-5.54,6.54,12173800,69400279.00,2021-04-27,3.67,2279123572.18,1867689444.00,1.54,-24.72
1952,SZSE.000488,晨鸣纸业,10.37,10.40,10.64,10.37,10.50,1.25,2.60,39539442,414631663.62,2021-04-27,2.38,31334186100.00,17422034280.00,1.59,11.66
1953,SZSE.000498,山东路桥,5.16,5.20,5.34,5.20,5.24,1.55,2.71,16281587,85864513.19,2021-04-27,3.97,8158764903.72,2148993078.92,0.92,5.94
1954,SZSE.000501,武商集团,11.21,11.23,11.31,11.10,11.14,-0.62,1.87,9408190,105188935.59,2021-04-27,1.23,8566579023.34,8553208048.96,0.84,15.65
1955,SZSE.000502,绿景退,6.12,6.13,6.18,5.90,5.93,-3.10,4.58,1890781,11288514.33,2021-04-27,1.03,1095980269.51,1087253385.01,6.30,-59.40
1956,SZSE.000503,国新健康,8.03,8.05,8.06,7.67,7.74,-3.61,4.86,11071536,86165845.31,2021-04-27,1.23,6956883858.96,6956556673.68,7.70,-30.55
1957,SZSE.000505,京粮控股,7.60,7.69,7.70,7.53,7.62,0.26,2.24,5889860,44794030.30,2021-04-27,1.30,5539360912.62,3464343586.92,2.02,29.97
1958,SZSE.000506,中润资源,2.12,2.11,2.12,2.08,2.09,-1.42,1.89,7492360,15654450.40,2021-04-27,0.81,1941647120.49,1940814150.99,3.81,-3.94
1959,SZSE.000507,珠海港,5.84,5.86,5.90,5.77,5.80,-0.68,2.23,10395400,60527116.00,2021-04-27,1.24,5396464391.00,4878980590.00,1.02,20.53
1960,SZSE.000509,华塑控股,2.67,2.68,2.70,2.65,2.70,1.12,1.87,4090100,10942758.00,2021-04-27,0.50,2897445740.40,2228795657.10,18.09,383.26
1961,SZSE.000510,新金路,4.76,4.72,4.81,4.62,4.78,0.42,3.99,12895031,61055519.49,2021-04-27,2.35,2911891174.12,2626510370.46,2.58,40.70
1962,SZSE.000513,丽珠集团,46.06,46.26,47.13,45.70,46.59,1.15,3.10,7899950,367514051.65,2021-04-27,1.32,43752459531.36,27934070847.96,3.50,23.84
1963,SZSE.000514,渝开发,3.45,3.45,3.46,3.40,3.41,-1.16,1.74,1542201,5277032.41,2021-04-27,0.18,2877258990.65,2877258990.65,0.86,20.32
1964,SZSE.000516,国际医学,15.74,15.74,16.74,15.56,16.52,4.96,7.50,61137484,993292273.68,2021-04-27,3.17,37598319822.00,31866000979.68,6.47,828.88
1965,SZSE.000517,荣安地产,2.85,2.84,2.85,2.81,2.84,-0.35,1.40,6593506,18648670.98,2021-04-27,0.27,9042339857.40,7024334777.44,1.08,5.19
1966,SZSE.000518,四环生物,4.36,4.54,4.54,4.24,4.33,-0.69,6.88,87544298,382964072.49,2021-04-27,8.50,4457978441.26,4457889550.69,7.10,163.33
1967,SZSE.000519,中兵红箭,9.77,9.78,9.80,9.23,9.58,-1.94,5.83,50785232,481521354.97,2021-04-27,3.65,13340715047.56,13330497843.44,1.55,48.59
1968,SZSE.000520,凤凰航运,3.07,3.07,3.07,3.03,3.07,0.00,1.30,3430523,10450913.69,2021-04-27,0.34,3107096206.85,3107096206.85,7.27,295.10
1969,SZSE.000521,长虹美菱,3.80,3.76,3.77,3.62,3.68,-3.16,3.95,39749667,146525182.22,2021-04-27,4.56,3844120202.08,3210905340.00,0.79,20.26
1970,SZSE.000523,红棉股份,2.56,2.56,2.60,2.53,2.53,-1.17,2.73,4894300,12509809.00,2021-04-27,0.78,1587658806.25,1586775077.25,-0.61,-0.34
1971,SZSE.000524,岭南控股,7.93,7.88,7.92,7.68,7.73,-2.52,3.03,2435500,18899659.00,2021-04-27,0.36,5180712454.81,5180181171.91,2.26,-21.55
1972,SZSE.000525,ST红太阳,4.80,4.76,4.77,4.60,4.68,-2.50,3.54,14678000,68549472.82,2021-04-27,2.55,2718017045.64,2688729395.04,0.67,-17.67
1973,SZSE.000526,学大教育,35.85,35.83,36.88,35.78,36.50,1.81,3.07,369622,13434468.74,2021-04-27,0.38,4298338878.50,3511121405.50,4.44,66.04
1974,SZSE.000528,柳工,9.85,10.00,10.16,9.35,9.66,-1.93,8.22,73192891,704015038.91,2021-04-27,4.99,14250826862.16,14168482153.14,1.20,10.70
1975,SZSE.000529,广弘控股,6.12,6.11,6.11,6.01,6.07,-0.82,1.63,1839465,11119282.60,2021-04-27,0.32,3543607303.10,3459198168.39,1.78,10.20
1976,SZSE.000530,冰山冷热,3.67,3.67,3.68,3.57,3.62,-1.36,3.00,6130765,22097069.40,2021-04-27,1.02,3052429275.34,2167126133.36,0.91,59.72
1977,SZSE.000531,穗恒运A,8.08,8.04,8.08,7.92,7.97,-1.36,1.98,5155620,41100361.59,2021-04-27,0.75,5460110075.40,5460110075.40,1.05,7.00
1978,SZSE.000532,华金资本,11.17,11.05,11.16,10.80,10.95,-1.97,3.22,5237577,57329310.02,2021-04-27,1.52,3774556323.00,3761869718.70,3.75,22.93
1979,SZSE.000533,顺钠股份,3.07,3.06,3.11,3.00,3.10,0.98,3.58,12699490,38715194.44,2021-04-27,1.85,2141529600.00,2123197440.00,3.06,24.17
1980,SZSE.000534,万泽股份,12.38,12.34,12.75,12.32,12.60,1.78,3.47,1614799,20212078.51,2021-04-27,0.33,6236535009.60,6192995709.60,5.84,105.85
1981,SZSE.000536,华映科技,2.97,2.97,2.97,2.91,2.93,-1.35,2.02,12637436,37076686.48,2021-04-27,0.46,8104476112.79,8095831771.88,1.47,13.26
1982,SZSE.000537,中绿电,5.62,5.62,5.64,5.56,5.58,-0.71,1.42,2390025,13351412.09,2021-04-27,0.14,10392865617.60,9661250686.14,0.66,4.01
1983,SZSE.000538,云南白药,112.90,112.55,115.10,112.11,115.00,1.86,2.65,6129340,701101269.43,2021-04-27,1.02,146901381455.00,69249200055.00,3.77,26.63
1984,SZSE.000539,粤电力A,3.73,3.71,3.73,3.67,3.73,0.00,1.61,5741780,21249128.20,2021-04-27,0.22,19583559267.78,9526068861.53,0.71,11.21
1985,SZSE.000540,*ST中天,2.84,2.84,2.85,2.81,2.83,-0.35,1.41,14334532,40530939.49,2021-04-27,0.21,19824870741.57,19727007836.01,1.07,48.65
1986,SZSE.000541,佛山照明,5.85,5.85,5.85,5.67,5.70,-2.56,3.08,6016873,34459652.08,2021-04-27,0.56,7976273077.80,6116319489.90,1.42,25.17
1987,SZSE.000543,皖能电力,4.05,4.05,4.08,4.00,4.01,-0.99,1.98,16734564,67431652.40,2021-04-27,0.93,9090121957.31,7179487871.78,0.64,8.97
1988,SZSE.000544,中原环保,6.33,6.35,6.42,6.32,6.38,0.79,1.58,2613374,16666097.95,2021-04-27,0.27,6218487033.44,6218487033.44,0.97,11.90
1989,SZSE.000545,金浦钛业,3.31,3.25,3.38,3.22,3.27,-1.21,4.83,63612160,209607133.00,2021-04-27,6.63,3226944223.92,3137248123.92,1.75,-12.90
1990,SZSE.000546,金圆股份,6.69,6.73,6.74,6.61,6.69,0.00,1.94,2552677,17041330.72,2021-04-27,0.37,4780971009.24,4605806953.32,1.05,9.99
1991,SZSE.000547,航天发展,17.98,17.84,17.92,17.57,17.65,-1.84,1.95,13221279,234153375.89,2021-04-27,1.10,28335692051.90,21275399361.95,3.29,35.08
1992,SZSE.000548,湖南投资,3.92,3.91,3.93,3.84,3.87,-1.28,2.30,3346220,12977103.22,2021-04-27,0.67,1931965188.57,1931860698.57,1.07,22.24
1993,SZSE.000550,江铃汽车,25.10,24.91,24.96,24.05,24.35,-2.99,3.63,11286422,274659734.40,2021-04-27,2.18,21019260900.00,12624577946.00,1.87,38.17
1994,SZSE.000551,创元科技,8.53,8.52,8.52,8.28,8.40,-1.52,2.81,1621018,13582630.97,2021-04-27,0.41,3360675402.00,3360675402.00,1.70,28.80
1995,SZSE.000552,甘肃能化,2.99,2.97,2.99,2.88,2.92,-2.34,3.68,33042754,96667018.61,2021-04-27,1.45,6677955466.00,6668524485.04,0.84,15.00
1996,SZSE.000553,安道麦A,8.88,8.87,8.92,8.72,8.76,-1.35,2.25,3129404,27556726.29,2021-04-27,0.14,20534502605.52,19071110958.36,0.94,58.21
1997,SZSE.000554,泰山石油,4.61,4.61,4.62,4.51,4.52,-1.95,2.39,4585659,20838310.63,2021-04-27,1.26,2173185806.40,1639176702.76,2.37,298.19
1998,SZSE.000555,神州信息,14.50,14.50,14.76,14.41,14.61,0.76,2.41,9848331,143694604.37,2021-04-27,1.02,14262681247.47,14111587505.64,2.57,29.98
1999,SZSE.000557,西部创业,3.78,3.78,3.78,3.65,3.70,-2.12,3.44,10063940,37156916.40,2021-04-27,0.69,5395986519.50,5394289932.60,1.04,31.43
2000,SZSE.000558,莱茵体育,3.05,3.05,3.13,3.01,3.03,-0.66,3.93,12387213,37793213.64,2021-04-27,0.96,3906348565.47,3903912157.62,3.24,-56.21
2001,SZSE.000559,万向钱潮,5.03,5.05,5.12,5.02,5.06,0.60,1.99,10831532,54764867.38,2021-04-27,0.39,16717184200.64,13930924447.44,1.93,32.86
2002,SZSE.000560,我爱我家,3.74,3.75,3.76,3.68,3.70,-1.07,2.14,17293600,64106526.90,2021-04-27,0.77,8715353148.70,8354056011.20,0.83,27.93
2003,SZSE.000561,烽火电子,6.61,6.61,6.61,6.44,6.49,-1.82,2.57,3006666,19547273.68,2021-04-27,0.50,3924453163.29,3888656043.14,2.52,39.77
2004,SZSE.000563,陕国投A,3.25,3.24,3.25,3.21,3.21,-1.23,1.23,10819117,34875481.16,2021-04-27,0.27,12724481235.66,12724481235.66,1.06,18.56
2005,SZSE.000564,ST大集,2.36,2.35,2.35,2.24,2.24,-5.08,4.66,40751883,92063370.88,2021-04-27,2.03,13399689013.76,4493333732.16,0.53,-2.95
2006,SZSE.000565,渝三峡A,5.20,5.26,5.26,5.15,5.19,-0.19,2.12,2474150,12835144.74,2021-04-27,0.57,2250343621.80,2250343621.80,1.83,40.86
2007,SZSE.000566,海南海药,6.45,6.48,6.55,6.24,6.47,0.31,4.81,19034458,121514237.79,2021-04-27,1.63,8393952365.22,7540074859.27,2.37,-14.47
2008,SZSE.000567,海德股份,9.04,9.17,9.56,9.15,9.23,2.10,4.54,9003670,83721985.35,2021-04-27,1.41,5917712286.98,5905112764.72,1.34,81.27
2009,SZSE.000568,泸州老窖,247.45,249.01,251.00,243.10,251.00,1.43,3.19,8435415,2089277686.84,2021-04-27,0.58,367652871476.00,367540945305.00,14.57,61.22
2010,SZSE.000570,苏常柴A,5.68,5.65,5.70,5.46,5.70,0.35,4.23,10500573,58492006.18,2021-04-27,2.55,3199833658.20,2344833658.20,1.32,61.03
2011,SZSE.000571,新大洲A,2.19,2.24,2.24,2.17,2.19,0.00,3.20,3095075,6795767.51,2021-04-27,0.38,1782800160.00,1766312077.05,3.89,-5.36
2012,SZSE.000572,海马汽车,3.66,3.82,3.84,3.69,3.72,1.64,4.10,21320099,80293862.64,2021-04-27,1.30,6118047504.72,6108817433.28,1.74,-4.58
2013,SZSE.000573,粤宏远A,2.83,2.81,2.83,2.77,2.81,-0.71,2.12,4159641,11625781.80,2021-04-27,0.66,1793568497.24,1777333438.43,1.09,-38.92
2014,SZSE.000576,甘化科工,10.93,10.92,10.92,10.55,10.73,-1.83,3.39,10227419,109236624.47,2021-04-27,2.39,4751902006.52,4592272805.14,2.71,7.01
2015,SZSE.000581,威孚高科,23.74,23.90,24.15,23.74,24.05,1.31,1.73,10921905,261670549.81,2021-04-27,1.34,24265261208.50,19647641247.00,1.27,7.87
2016,SZSE.000582,北部湾港,10.10,9.82,9.85,9.09,9.14,-9.50,7.52,22975393,212853260.16,2021-04-27,1.81,14936492523.56,11578721227.10,1.41,14.11
2017,SZSE.000584,ST工智,8.18,8.12,8.13,7.83,7.93,-3.06,3.67,11941432,94724517.02,2021-04-27,1.62,6034234985.61,5830890959.79,2.53,1057.73
2018,SZSE.000585,东电退,1.58,1.57,1.58,1.52,1.54,-2.53,3.80,4382800,6779765.00,2021-04-27,0.72,1344989800.00,938508306.12,-7.08,21.02
2019,SZSE.000586,汇源通信,7.22,7.18,7.24,7.03,7.12,-1.39,2.91,1212844,8607369.05,2021-04-27,0.63,1377292800.00,1377292800.00,5.05,56.52
2020,SZSE.000587,*ST金洲,1.69,1.69,1.69,1.66,1.68,-0.59,1.78,3539670,5936671.90,2021-04-27,0.29,3567898874.40,2037859908.00,14.50,79.14
2021,SZSE.000589,贵州轮胎,7.13,7.15,7.16,6.90,6.99,-1.96,3.65,16840648,117817276.09,2021-04-27,2.17,6684673039.38,5420495484.96,1.13,5.87
2022,SZSE.000590,启迪药业,8.22,8.13,8.37,8.03,8.28,0.73,4.14,1844772,15148581.36,2021-04-27,0.77,1982822090.76,1982035159.56,2.98,87.26
2023,SZSE.000591,太阳能,6.51,6.52,6.53,6.26,6.32,-2.92,4.15,67044967,424751453.17,2021-04-27,3.29,19004859562.24,12874465231.28,1.33,18.49
2024,SZSE.000592,平潭发展,2.73,2.74,2.76,2.68,2.72,-0.37,2.93,28958282,78476775.20,2021-04-27,1.51,5254444026.24,5205908408.80,1.75,-23.26
2025,SZSE.000593,德龙汇能,4.66,4.66,4.67,4.54,4.65,-0.21,2.79,3662100,16836261.00,2021-04-27,1.02,1667634191.85,1666946735.85,1.66,47.75
2026,SZSE.000595,宝塔实业,2.08,2.08,2.08,2.02,2.04,-1.92,2.88,5112117,10411527.38,2021-04-27,0.45,2322858986.64,2322825612.24,2.54,156.13
2027,SZSE.000596,古井贡酒,247.50,247.98,249.23,241.22,245.18,-0.94,3.24,1902184,464027795.19,2021-04-27,0.50,123472648000.00,94051048000.00,11.37,65.21
2028,SZSE.000597,东北制药,4.88,4.85,4.89,4.68,4.89,0.20,4.30,3921295,18996420.41,2021-04-27,0.31,6604935107.64,6251764642.53,1.60,538.88
2029,SZSE.000598,兴蓉环境,5.07,5.08,5.12,5.01,5.05,-0.39,2.17,17024595,86254152.71,2021-04-27,0.57,15080403940.10,15080403940.10,1.20,11.61
2030,SZSE.000599,青岛双星,4.17,4.17,4.22,4.13,4.20,0.72,2.16,3043973,12690151.54,2021-04-27,0.37,3453488778.60,3430326719.40,1.02,45.46
2031,SZSE.000600,建投能源,5.34,5.35,5.38,5.18,5.24,-1.87,3.75,20850066,109347290.90,2021-04-27,1.91,9388122210.24,5711831220.24,0.76,10.15
2032,SZSE.000601,韶能股份,5.46,5.48,5.54,5.35,5.37,-1.65,3.48,5156973,27854513.01,2021-04-27,0.48,5802562462.53,5798280709.14,1.23,27.09
2033,SZSE.000603,盛达资源,13.97,14.05,14.42,13.99,14.35,2.72,3.08,9954743,141543170.56,2021-04-27,1.67,9901060115.10,8546206314.45,4.43,34.07
2034,SZSE.000605,渤海股份,5.48,5.46,5.48,5.31,5.38,-1.82,3.10,3767003,20311780.13,2021-04-27,1.12,1897303268.00,1806031573.38,0.94,50.21
2035,SZSE.000606,顺利退,2.92,2.90,2.92,2.78,2.90,-0.68,4.79,23567500,67320541.00,2021-04-27,3.33,2220818123.70,2050884657.40,5.14,-1.86
2036,SZSE.000607,华媒控股,3.78,3.80,3.81,3.75,3.78,0.00,1.59,4645800,17518503.00,2021-04-27,0.53,3846899989.80,3344770682.82,2.81,-11.31
2037,SZSE.000608,阳光股份,3.50,3.53,3.60,3.45,3.55,1.43,4.29,5585749,19700306.44,2021-04-27,0.74,2662192246.95,2661778849.45,0.85,24.80
2038,SZSE.000609,中迪投资,3.64,3.64,3.67,3.55,3.61,-0.82,3.30,2844872,10224854.32,2021-04-27,0.97,1080348534.42,1054129645.92,0.90,-3.61
2039,SZSE.000610,西安旅游,10.08,10.01,10.04,9.50,9.57,-5.06,5.36,16413511,158595510.79,2021-04-27,6.97,2265677412.57,2252728896.33,2.58,64.01
2040,SZSE.000611,天首退,2.77,2.75,2.75,2.66,2.67,-3.61,3.25,3390100,9132802.00,2021-04-27,1.06,901984798.74,852658959.75,2.34,-25.03
2041,SZSE.000612,焦作万方,8.39,8.45,8.59,8.36,8.53,1.67,2.74,66762473,565429200.66,2021-04-27,5.61,10169460830.82,10156518688.32,2.02,17.91
2042,SZSE.000615,*ST美谷,14.61,14.26,16.07,14.26,16.07,9.99,12.39,81329345,1277215276.69,2021-04-27,10.54,12553567726.33,12400572070.01,7.21,-93.16
2043,SZSE.000616,*ST海投,2.49,2.50,2.52,2.43,2.51,0.80,3.61,26700993,66024905.38,2021-04-27,1.87,3589888406.75,3589888406.75,0.76,12.70
2044,SZSE.000617,中油资本,6.11,6.12,6.12,6.01,6.06,-0.82,1.80,19767263,119933801.09,2021-04-27,0.16,76610999218.74,76610999218.74,0.84,9.77
2045,SZSE.000619,海螺新材,5.49,5.47,5.58,5.39,5.58,1.64,3.46,3325336,18200465.88,2021-04-27,0.92,2008800000.00,2008800000.00,0.82,50.01
2046,SZSE.000620,*ST新联,2.45,2.43,2.70,2.43,2.56,4.49,11.02,37616058,96984706.07,2021-04-27,1.98,4855527475.20,4855324659.20,0.80,-3.78
2047,SZSE.000622,恒立实业,3.44,3.42,3.45,3.37,3.39,-1.45,2.33,5665809,19260984.42,2021-04-27,1.33,1441516140.00,1441516140.00,7.04,454.05
2048,SZSE.000623,吉林敖东,15.14,15.15,15.21,15.03,15.16,0.13,1.19,6038102,91315456.89,2021-04-27,0.52,17631712551.00,17587298647.68,0.77,10.32
2049,SZSE.000625,长安汽车,16.84,16.48,16.62,15.90,16.19,-3.86,4.28,139006224,2254006594.33,2021-04-27,3.33,88066987583.06,67645913058.66,1.61,26.49
2050,SZSE.000626,远大控股,18.05,18.40,18.40,17.30,17.40,-3.60,6.09,5382948,95625427.60,2021-04-27,1.16,8855564073.60,8072667360.00,3.27,-78.23
2051,SZSE.000627,天茂集团,3.90,3.91,3.93,3.85,3.91,0.26,2.05,8567280,33278471.05,2021-04-27,0.19,19317860035.15,17448391285.15,0.90,14.47
2052,SZSE.000628,高新发展,8.98,8.98,9.04,8.86,8.98,0.00,2.00,1468351,13116768.72,2021-04-27,0.76,3163474400.00,1724824879.20,2.10,13.14
2053,SZSE.000629,钒钛股份,2.36,2.35,2.37,2.25,2.27,-3.81,5.08,103378834,238197092.30,2021-04-27,1.39,19498723878.54,16944173975.94,2.02,62.78
2054,SZSE.000630,铜陵有色,2.90,2.95,2.98,2.90,2.95,1.72,2.76,320882992,946545003.17,2021-04-27,3.05,31053273258.60,31052881401.25,1.60,26.07
2055,SZSE.000631,顺发恒业,3.04,3.05,3.05,2.96,3.00,-1.32,2.96,2589200,7763457.00,2021-04-27,0.11,7297557504.00,7297557504.00,1.19,39.20
2056,SZSE.000632,三木集团,3.52,3.51,3.51,3.44,3.49,-0.85,1.99,2800713,9723022.25,2021-04-27,0.60,1624663299.30,1624530804.94,1.15,34.46
2057,SZSE.000633,合金投资,7.33,7.24,7.76,7.20,7.58,3.41,7.64,14798200,111512139.97,2021-04-27,3.84,2919106307.34,2919089252.34,17.55,322.21
2058,SZSE.000635,英力特,8.96,8.93,9.20,8.69,8.84,-1.34,5.69,5989154,53344894.60,2021-04-27,1.98,2679294401.68,2679294401.68,0.97,17.53
2059,SZSE.000636,风华高科,28.95,28.77,29.40,27.97,28.52,-1.49,4.94,16017526,455078764.63,2021-04-27,1.79,25532048325.72,25532048325.72,4.15,71.18
2060,SZSE.000637,ST实华,3.82,3.83,3.84,3.77,3.82,0.00,1.83,1958359,7430221.79,2021-04-27,0.53,1985923859.92,1400010773.94,2.16,136.48
2061,SZSE.000638,万方发展,4.82,4.79,4.97,4.65,4.91,1.87,6.64,7378301,35391780.68,2021-04-27,2.38,1519154000.00,1519154000.00,12.10,196.16
2062,SZSE.000639,西王食品,4.96,4.96,4.97,4.87,4.95,-0.20,2.02,6741321,33098449.61,2021-04-27,0.62,5343169070.25,5343162521.40,1.42,-6.68
2063,SZSE.000650,仁和药业,7.84,7.85,7.97,7.67,7.91,0.89,3.83,29778689,233226382.50,2021-04-27,2.52,11073511430.94,9336909776.95,2.12,19.47
2064,SZSE.000651,格力电器,58.50,58.50,58.73,57.52,57.98,-0.89,2.07,31695564,1837875821.88,2021-04-27,0.53,348792076306.44,346148137573.94,3.09,15.73
2065,SZSE.000652,泰达股份,4.11,4.10,4.13,4.03,4.06,-1.22,2.43,11190349,45510222.07,2021-04-27,0.76,5990829839.12,5985839843.34,1.20,18.20
2066,SZSE.000655,金岭矿业,8.30,8.07,8.24,7.90,8.02,-3.37,4.10,22952537,184495733.41,2021-04-27,3.86,4774628644.60,4774628644.60,1.64,16.11
2067,SZSE.000656,金科股份,7.00,6.94,6.97,6.85,6.91,-1.29,1.71,15650406,108060180.69,2021-04-27,0.30,36897436288.56,36467255551.46,1.07,5.25
2068,SZSE.000657,中钨高新,8.24,8.32,8.50,8.11,8.32,0.97,4.73,28719313,238803439.17,2021-04-27,3.03,8771696477.44,7884817657.60,2.00,39.67
2069,SZSE.000659,珠海中富,3.65,3.65,3.92,3.60,3.88,6.30,8.77,20978695,79850302.65,2021-04-27,1.63,4988525777.60,4988525777.60,9.04,-27.84
2070,SZSE.000661,长春高新,485.00,487.01,501.89,483.04,497.97,2.67,3.89,3490651,1729190052.21,2021-04-27,0.92,201538562811.30,189190148748.48,17.07,59.65
2071,SZSE.000663,永安林业,5.07,5.07,5.18,5.04,5.15,1.58,2.76,3234101,16599666.05,2021-04-27,1.15,1733922234.35,1443034073.65,2.84,47.66
2072,SZSE.000665,湖北广电,3.90,3.89,3.89,3.74,3.83,-1.79,3.85,5359228,20408570.83,2021-04-27,0.55,3760626038.02,3760416517.87,0.65,-5.46
2073,SZSE.000666,经纬纺机,8.01,7.96,8.08,7.88,8.00,-0.12,2.50,3867802,30764206.84,2021-04-27,1.32,5633040000.00,2348070128.00,0.61,11.58
2074,SZSE.000667,ST美置,1.82,1.82,1.86,1.81,1.85,1.65,2.75,66187681,121539748.14,2021-04-27,2.70,4563928971.05,4527532069.20,0.65,48.19
2075,SZSE.000668,荣丰控股,14.45,14.29,14.89,14.21,14.76,2.15,4.71,1334930,19456411.00,2021-04-27,0.91,2167386296.40,2165120680.68,2.32,-93.51
2076,SZSE.000669,ST金鸿,2.38,2.38,2.39,2.26,2.26,-5.04,5.46,16634111,37879008.99,2021-04-27,2.44,1537723881.22,1537722355.72,1.20,93.09
2077,SZSE.000671,ST阳光城,6.12,6.15,6.15,5.94,5.96,-2.61,3.43,38129219,229225784.47,2021-04-27,0.94,24675946024.00,24176504299.88,0.91,4.68
2078,SZSE.000672,上峰水泥,20.40,20.36,20.36,19.15,19.77,-3.09,5.93,14834514,291941441.21,2021-04-27,1.82,16085264849.67,16085264849.67,2.25,6.98
2079,SZSE.000673,当代退,2.28,2.17,2.17,2.17,2.17,-4.82,0.00,2913100,6321427.00,2021-04-27,0.37,1717664459.14,1713237476.86,-10.34,69.58
2080,SZSE.000676,智度股份,6.37,6.62,7.01,6.50,6.69,5.02,8.01,138641610,940616763.40,2021-04-27,13.55,8868936579.15,6844988668.35,2.34,-3.06
2081,SZSE.000677,恒天海龙,2.65,2.64,2.71,2.63,2.67,0.75,3.02,5211496,13938456.34,2021-04-27,0.60,2306821121.16,2306821121.16,7.73,352.72
2082,SZSE.000678,襄阳轴承,4.86,4.86,4.86,4.75,4.80,-1.23,2.26,1584500,7585337.00,2021-04-27,0.34,2206136625.60,2206136625.60,2.02,-24.16
2083,SZSE.000680,山推股份,4.20,4.17,4.21,4.06,4.13,-1.67,3.57,23475862,96584625.98,2021-04-27,2.22,6206412065.56,4365257408.89,1.72,61.60
2084,SZSE.000681,视觉中国,13.77,13.70,13.80,13.38,13.46,-2.25,3.05,6512060,87983992.01,2021-04-27,1.10,9429772288.56,7991777051.58,2.93,74.62
2085,SZSE.000682,东方电子,4.60,4.59,4.60,4.44,4.50,-2.17,3.48,6879639,30899678.72,2021-04-27,0.70,6033271531.50,4401102352.50,1.71,21.69
2086,SZSE.000683,远兴能源,2.79,2.80,2.82,2.72,2.78,-0.36,3.58,34541375,95219526.12,2021-04-27,1.02,10410780274.98,9456196143.12,0.99,23.08
2087,SZSE.000685,中山公用,8.27,8.24,8.28,8.18,8.19,-0.97,1.21,3645112,29938380.82,2021-04-27,0.29,12081161964.69,10263952946.52,0.84,8.79
2088,SZSE.000686,东北证券,8.20,8.19,8.22,8.07,8.12,-0.98,1.83,11953980,97127747.44,2021-04-27,0.51,19004477669.80,19004477669.80,1.12,14.20
2089,SZSE.000687,华讯退,1.66,1.63,1.70,1.63,1.64,-1.20,4.22,5531400,9165132.64,2021-04-27,0.73,1256566953.68,1234697576.64,-0.81,-1.16
2090,SZSE.000688,国城矿业,9.03,9.01,9.12,8.78,8.89,-1.55,3.77,6883719,61467722.74,2021-04-27,0.61,10110641325.54,10110602253.99,4.36,68.71
2091,SZSE.000690,宝新能源,5.86,5.87,5.88,5.70,5.75,-1.88,3.07,19534167,112652562.72,2021-04-27,0.94,12511355206.50,11983706278.25,1.21,6.88
2092,SZSE.000691,亚太实业,5.66,5.55,5.70,5.40,5.67,0.18,5.30,9906200,54906979.00,2021-04-27,3.41,1832940900.00,1647057321.00,17.80,86.67
2093,SZSE.000692,*ST惠天,3.30,3.30,3.44,3.14,3.38,2.42,9.09,12517617,40823638.10,2021-04-27,2.35,1800975458.88,1800954333.88,4.25,-1.85
2094,SZSE.000695,滨海能源,5.47,5.49,5.50,5.23,5.28,-3.47,4.94,1464800,7791271.00,2021-04-27,0.66,1172939005.92,1170688669.92,3.31,-71.02
2095,SZSE.000697,*ST炼石,7.68,7.71,7.80,7.51,7.54,-1.82,3.78,2626200,19936473.99,2021-04-27,0.46,5063985084.86,4349741046.82,5.31,-10.56
2096,SZSE.000698,沈阳化工,6.93,6.89,6.92,6.58,6.69,-3.46,4.91,41179623,276308616.58,2021-04-27,5.24,5482551302.55,5256196517.31,1.25,6.69
2097,SZSE.000700,模塑科技,5.09,5.08,5.12,5.00,5.06,-0.59,2.36,9560549,48179215.87,2021-04-27,1.18,4640341355.54,4083889745.10,1.66,-1319.56
2098,SZSE.000701,厦门信达,4.82,4.78,4.82,4.67,4.72,-2.07,3.11,3238212,15282678.16,2021-04-27,0.80,1976325624.32,1918614656.32,61.48,138.76
2099,SZSE.000702,正虹科技,5.03,5.04,5.13,4.96,5.12,1.79,3.38,4564672,23041976.76,2021-04-27,1.71,1365169029.12,1365169029.12,2.40,209.20
2100,SZSE.000703,恒逸石化,13.48,13.39,13.53,13.04,13.49,0.07,3.64,48463658,646411456.28,2021-04-27,1.43,49665396540.43,45706551585.99,2.00,14.32
2101,SZSE.000705,浙江震元,7.59,7.52,7.86,7.36,7.81,2.90,6.59,14136060,108369175.48,2021-04-27,5.01,2609502863.66,2202201913.56,1.47,28.09
2102,SZSE.000707,双环科技,2.65,2.68,2.69,2.61,2.61,-1.51,3.02,2648200,6990330.99,2021-04-27,0.57,1211420446.65,1211416531.65,-3.70,-3.09
2103,SZSE.000708,中信特钢,25.63,25.52,26.14,25.17,25.50,-0.51,3.78,2812069,71976920.73,2021-04-27,0.22,128702157541.50,32108481799.50,4.81,21.36
2104,SZSE.000709,河钢股份,2.63,2.64,2.66,2.56,2.62,-0.38,3.80,59332973,154564329.58,2021-04-27,0.56,27820752572.24,27816258614.62,0.56,14.26
2105,SZSE.000710,贝瑞基因,28.86,28.81,29.44,28.16,28.90,0.14,4.44,4101289,117598907.37,2021-04-27,1.38,10248109498.50,8585630756.10,4.25,48.65
2106,SZSE.000711,*ST京蓝,2.32,2.31,2.34,2.18,2.26,-2.59,6.90,11293589,25365953.75,2021-04-27,1.37,2313489264.16,1857414958.76,1.06,-0.98
2107,SZSE.000712,锦龙股份,14.72,14.71,14.85,14.49,14.71,-0.07,2.45,4942069,72457742.95,2021-04-27,0.65,13180160000.00,11223276505.41,3.86,199.47
2108,SZSE.000713,丰乐种业,13.40,13.21,13.72,13.21,13.50,0.75,3.81,22329804,302280343.88,2021-04-27,5.59,5920858741.50,5389851537.00,3.43,86.44
2109,SZSE.000715,中兴商业,4.84,4.78,4.82,4.64,4.79,-1.03,3.72,2604451,12248840.64,2021-04-27,0.63,1991293722.60,1988134976.26,1.27,13.89
2110,SZSE.000716,黑芝麻,3.22,3.22,3.23,3.12,3.16,-1.86,3.42,8646722,27255837.22,2021-04-27,1.29,2351038578.00,2114295239.52,0.86,258.05
2111,SZSE.000717,中南股份,5.26,5.24,5.39,5.16,5.29,0.57,4.37,39810517,209557516.77,2021-04-27,1.65,12799284128.90,12799284128.90,1.29,7.33
2112,SZSE.000718,苏宁环球,4.96,4.90,5.14,4.82,5.14,3.63,6.45,118006368,590870482.20,2021-04-27,5.16,15598031013.76,11766397566.84,1.79,15.02
2113,SZSE.000719,中原传媒,7.37,7.33,7.38,7.26,7.34,-0.41,1.63,5163540,37731605.29,2021-04-27,0.77,7510315517.66,4896862965.62,0.83,8.00
2114,SZSE.000720,新能泰山,4.00,3.98,3.99,3.74,3.79,-5.25,6.25,11178500,42973321.00,2021-04-27,1.29,4887777145.98,3272513400.00,1.77,17.49
2115,SZSE.000721,西安饮食,4.52,4.54,4.58,4.33,4.38,-3.10,5.53,16863221,74549419.52,2021-04-27,3.87,2185864929.60,1909473242.10,3.72,152.03
2116,SZSE.000722,湖南发展,6.64,6.61,6.80,6.55,6.78,2.11,3.77,7343242,49371191.15,2021-04-27,1.58,3146993151.96,3146993151.96,1.03,36.29
2117,SZSE.000723,美锦能源,8.14,8.05,8.09,7.70,7.88,-3.19,4.79,133960857,1053973941.74,2021-04-27,3.55,33680838218.24,29739939551.52,3.16,47.81
2118,SZSE.000725,京东方A,7.25,7.21,7.44,7.18,7.37,1.66,3.59,808728976,5900057450.74,2021-04-27,2.41,256464198883.31,247167245323.68,2.61,50.93
2119,SZSE.000726,鲁泰A,6.08,6.07,6.16,6.05,6.09,0.16,1.81,2583840,15738691.20,2021-04-27,0.46,5226035865.12,3417938744.01,0.68,53.71
2120,SZSE.000727,冠捷科技,2.89,2.88,2.88,2.85,2.88,-0.35,1.04,17523720,50149309.40,2021-04-27,0.51,13045152902.40,9847359797.76,7.55,17.49
2121,SZSE.000728,国元证券,7.65,7.64,7.70,7.57,7.68,0.39,1.70,15789162,120675419.39,2021-04-27,0.37,33513814202.88,32957101094.40,1.07,23.58
2122,SZSE.000729,燕京啤酒,7.33,7.33,7.38,7.17,7.26,-0.95,2.86,22635896,163897677.68,2021-04-27,0.90,20462595615.66,18219391936.68,1.56,103.94
2123,SZSE.000731,四川美丰,4.90,4.95,4.95,4.74,4.81,-1.84,4.29,5781200,27832755.00,2021-04-27,0.98,2845039733.12,2845039733.12,0.97,19.17
2124,SZSE.000732,ST泰禾,2.66,2.67,2.68,2.60,2.62,-1.50,3.01,10855090,28491364.22,2021-04-27,0.44,6520921772.80,6513220167.52,0.46,-1.30
2125,SZSE.000733,振华科技,49.30,49.30,50.45,49.05,49.38,0.16,2.84,4200295,208617597.74,2021-04-27,0.82,25421101416.84,25421101416.84,4.08,41.98
2126,SZSE.000735,罗牛山,8.32,8.38,8.48,8.35,8.40,0.96,1.56,16094185,135316051.13,2021-04-27,1.40,9672714055.20,9667449195.60,2.29,94.76
2127,SZSE.000736,中交地产,6.65,6.61,6.66,6.52,6.61,-0.60,2.11,1167050,7701404.68,2021-04-27,0.17,4596816684.29,4596816684.29,1.57,13.23
2128,SZSE.000737,北方铜业,6.22,6.30,6.33,6.07,6.12,-1.61,4.18,5959903,36790616.33,2021-04-27,1.09,3358411200.00,3358411200.00,6.61,36.75
2129,SZSE.000738,航发控制,17.97,18.14,18.25,17.87,18.15,1.00,2.11,9729978,175725928.00,2021-04-27,0.85,20793408634.35,20793252998.10,3.39,50.77
2130,SZSE.000739,普洛药业,28.92,28.59,29.52,28.48,29.47,1.90,3.60,15748437,457610636.97,2021-04-27,1.34,34731087309.24,34727408834.37,7.54,39.51
2131,SZSE.000750,国海证券,4.38,4.38,4.41,4.32,4.36,-0.46,2.05,33700879,146900634.28,2021-04-27,0.62,23738131241.04,23738110640.04,1.28,32.73
2132,SZSE.000751,锌业股份,3.48,3.51,3.54,3.42,3.51,0.86,3.45,42859083,149596153.02,2021-04-27,3.04,4948641169.29,4948639414.29,1.71,19.53
2133,SZSE.000752,*ST西发,4.23,4.22,4.26,4.15,4.16,-1.65,2.60,1354701,5668839.15,2021-04-27,0.51,1097235322.56,1097235322.56,25.31,78.08
2134,SZSE.000753,漳州发展,2.72,2.72,2.74,2.68,2.72,0.00,2.21,3301534,8937414.38,2021-04-27,0.33,2696828513.12,2696828513.12,1.08,20.08
2135,SZSE.000755,山西路桥,3.25,3.24,3.26,3.17,3.23,-0.62,2.77,2447501,7855518.22,2021-04-27,0.52,1515724725.83,1515724725.83,1.26,-30.06
2136,SZSE.000756,新华制药,9.60,9.20,9.80,9.14,9.68,0.83,6.88,18923200,177492660.09,2021-04-27,4.38,6072916886.96,4177741783.60,1.81,17.92
2137,SZSE.000757,浩物股份,3.98,4.00,4.02,3.88,3.99,0.25,3.52,4752548,18760578.88,2021-04-27,0.93,2652210898.89,2039557678.62,1.56,50.28
2138,SZSE.000758,中色股份,5.00,5.00,5.11,4.97,5.06,1.20,2.80,26816402,135181194.00,2021-04-27,1.36,9965054825.44,9964805215.64,2.12,462.44
2139,SZSE.000759,中百集团,5.47,5.50,5.50,5.43,5.47,0.00,1.28,1270600,6932435.00,2021-04-27,0.19,3725187605.00,3722919031.90,1.19,86.37
2140,SZSE.000761,本钢板材,4.16,4.15,4.21,4.02,4.21,1.20,4.57,22814089,94216821.65,2021-04-27,0.66,16317532908.13,14633532908.13,0.79,42.47
2141,SZSE.000762,西藏矿业,14.52,14.53,15.03,14.20,14.69,1.17,5.72,25718201,376532943.76,2021-04-27,4.94,7650834635.60,7650486159.42,3.76,-157.69
2142,SZSE.000766,通化金马,4.08,4.07,4.43,4.01,4.39,7.60,10.29,21875735,94186847.00,2021-04-27,3.09,4242911763.73,3103711210.80,1.86,-11.80
2143,SZSE.000767,晋控电力,3.30,3.30,3.32,3.15,3.19,-3.33,5.15,41358397,132631801.15,2021-04-27,1.42,9815445678.61,9290053271.95,1.25,66.06
2144,SZSE.000768,中航西飞,25.10,24.91,24.98,24.32,24.57,-2.11,2.63,12892911,316690277.39,2021-04-27,0.47,68025609394.47,68025137036.22,4.40,87.51
2145,SZSE.000776,广发证券,14.61,14.61,14.71,14.43,14.67,0.41,1.92,31595257,459802855.44,2021-04-27,0.53,111801356030.88,86836005776.88,1.11,11.14
2146,SZSE.000777,中核科技,11.39,11.39,11.39,11.03,11.14,-2.19,3.16,3821819,42567929.19,2021-04-27,1.00,4271271986.02,4271148978.14,2.75,40.82
2147,SZSE.000778,新兴铸管,4.17,4.16,4.21,4.09,4.15,-0.48,2.88,40353521,166899113.32,2021-04-27,1.04,16562152730.40,16122317582.45,0.74,9.14
2148,SZSE.000779,甘咨询,9.96,9.89,9.95,9.64,9.73,-2.31,3.11,1566470,15290707.50,2021-04-27,0.90,3700615940.14,1703052087.31,1.68,12.04
2149,SZSE.000780,ST平能,4.29,4.29,4.32,4.24,4.28,-0.23,1.86,3010439,12867674.36,2021-04-27,0.30,4341231066.72,4341231066.72,1.47,-5.71
2150,SZSE.000782,美达股份,3.43,3.41,3.45,3.32,3.40,-0.87,3.79,6393940,21504283.83,2021-04-27,1.21,1795674718.20,1795659516.80,1.23,47.12
2151,SZSE.000783,长江证券,7.19,7.18,7.28,7.17,7.25,0.83,1.53,19433591,140385779.94,2021-04-27,0.35,40092060483.25,40092060483.25,1.39,19.23
2152,SZSE.000785,居然之家,7.02,7.05,7.06,6.96,6.99,-0.43,1.42,724129,5059176.84,2021-04-27,0.29,45637967924.01,1755141279.27,2.78,33.49
2153,SZSE.000786,北新建材,45.71,45.67,46.85,44.96,46.80,2.38,4.13,13090228,604007044.38,2021-04-27,0.77,79068967005.60,79068967005.60,4.61,27.65
2154,SZSE.000788,北大医药,7.32,7.30,7.37,7.16,7.34,0.27,2.87,8269057,59977207.36,2021-04-27,1.39,4374547699.50,4374547699.50,3.31,84.25
2155,SZSE.000789,万年青,13.45,13.46,13.58,13.13,13.24,-1.56,3.35,10220734,135690816.58,2021-04-27,1.28,10557509892.68,10557259564.00,1.61,6.80
2156,SZSE.000790,华神科技,5.28,5.18,5.52,5.05,5.39,2.08,8.90,43893990,232511521.50,2021-04-27,7.12,3322183439.96,3322183439.96,3.60,77.61
2157,SZSE.000791,甘肃能源,4.21,4.22,4.23,4.11,4.15,-1.43,2.85,16012318,66617454.18,2021-04-27,1.18,5642243222.00,5642127022.00,0.84,12.76
2158,SZSE.000793,华闻集团,2.39,2.43,2.49,2.39,2.41,0.84,4.18,103498250,251514382.69,2021-04-27,5.28,4813361551.37,4726030762.15,1.74,-2.30
2159,SZSE.000795,英洛华,5.23,5.29,5.29,5.21,5.25,0.38,1.53,6943254,36395505.78,2021-04-27,0.61,5951841540.75,5939891191.50,2.50,52.06
2160,SZSE.000796,*ST凯撒,10.04,10.07,10.28,9.91,10.05,0.10,3.69,9875689,99632642.30,2021-04-27,1.23,8070152592.90,8065965511.65,9.52,-11.56
2161,SZSE.000797,中国武夷,3.16,3.19,3.31,3.16,3.25,2.85,4.75,14157998,45951061.19,2021-04-27,0.90,5105744192.25,5090278849.50,0.95,17.82
2162,SZSE.000798,中水渔业,8.76,8.68,8.74,8.41,8.42,-3.88,3.77,9252031,78731077.97,2021-04-27,2.90,2689811100.00,2689236435.00,4.56,-16.77
2163,SZSE.000799,酒鬼酒,192.71,193.99,195.48,184.00,194.20,0.77,5.96,8174827,1561091973.46,2021-04-27,2.52,63101207916.00,63101207916.00,20.19,128.36
2164,SZSE.000800,一汽解放,10.99,10.99,11.01,10.78,10.88,-1.00,2.09,7050723,76612141.79,2021-04-27,0.92,50599114094.72,8317937463.68,1.92,18.94
2165,SZSE.000801,四川九洲,6.06,6.06,6.25,6.03,6.24,2.97,3.63,10616499,65276680.73,2021-04-27,1.04,6382313471.04,6382313471.04,2.44,83.11
2166,SZSE.000802,北京文化,5.50,5.45,5.54,5.34,5.52,0.36,3.64,11324996,61588403.24,2021-04-27,1.59,3951769407.60,3925727151.60,2.34,-5.15
2167,SZSE.000803,山高环能,11.59,11.59,11.60,11.37,11.40,-1.64,1.98,974000,11137823.00,2021-04-27,0.76,2178434333.40,1456132180.20,3.53,31.17
2168,SZSE.000806,银河退,2.23,2.34,2.34,2.32,2.34,4.93,0.90,24087846,56353258.64,2021-04-27,3.44,2573793523.08,1636373040.12,39.79,44.14
2169,SZSE.000807,云铝股份,12.09,12.45,12.76,11.97,12.18,0.74,6.53,155388570,1924666386.24,2021-04-27,5.52,38101555852.08,34274645405.28,3.05,27.15
2170,SZSE.000809,铁岭新城,1.87,1.85,1.87,1.82,1.85,-1.07,2.67,6004062,11066153.46,2021-04-27,0.73,1525863892.05,1525863892.05,0.50,-25.26
2171,SZSE.000810,创维数字,8.38,8.28,8.31,8.07,8.13,-2.98,2.86,9322641,75962558.12,2021-04-27,0.91,8645148929.76,8343055235.28,2.05,18.66
2172,SZSE.000811,冰轮环境,7.91,7.90,7.90,7.69,7.86,-0.63,2.65,11780468,91709097.26,2021-04-27,1.58,5862285139.44,5862158506.98,1.31,26.35
2173,SZSE.000812,陕西金叶,4.47,4.40,4.48,4.27,4.28,-4.25,4.70,39252304,171260277.52,2021-04-27,5.86,3290004387.92,2868901068.64,2.03,343.77
2174,SZSE.000813,德展健康,4.68,4.68,4.72,4.39,4.43,-5.34,7.05,47923418,216121106.80,2021-04-27,2.16,9929764374.00,9834022203.96,1.67,41.71
2175,SZSE.000815,美利云,4.91,4.89,4.92,4.80,4.88,-0.61,2.44,3775500,18292007.00,2021-04-27,0.54,3392883610.80,3392883610.80,1.58,69.91
2176,SZSE.000816,智慧农业,3.13,3.13,3.15,3.05,3.12,-0.32,3.19,27259427,84229805.80,2021-04-27,2.04,4444450352.16,4169185712.64,2.11,69.92
2177,SZSE.000818,航锦科技,22.21,22.40,22.50,21.26,21.68,-2.39,5.58,12932467,281583473.59,2021-04-27,1.91,14799071520.00,14682024452.00,4.79,42.19
2178,SZSE.000819,岳阳兴长,6.18,6.17,6.18,6.09,6.12,-0.97,1.46,1256696,7694936.03,2021-04-27,0.42,1830799560.60,1830799560.60,2.17,67.45
2179,SZSE.000820,神雾节能,3.32,3.41,3.49,3.40,3.49,5.12,2.71,9827500,34084827.00,2021-04-27,3.42,2223985824.78,1003922650.80,-0.92,-6.13
2180,SZSE.000821,京山轻机,7.96,7.97,8.23,7.70,7.85,-1.38,6.66,30459294,240781338.93,2021-04-27,6.37,4225146948.00,3753976964.10,1.76,78.53
2181,SZSE.000822,山东海化,5.51,5.62,5.72,5.47,5.68,3.09,4.54,23185620,129885338.20,2021-04-27,2.59,5084122139.68,5084122139.68,1.64,-20.16
2182,SZSE.000823,超声电子,10.52,10.53,10.60,10.30,10.48,-0.38,2.85,6272647,65309606.80,2021-04-27,1.17,5627403680.00,5626926965.76,1.47,18.15
2183,SZSE.000825,太钢不锈,6.05,6.21,6.50,5.95,6.33,4.63,9.09,176146549,1081760491.50,2021-04-27,3.11,36057248548.68,35834629968.72,1.03,10.45
2184,SZSE.000826,启迪环境,5.72,5.70,5.76,5.63,5.63,-1.57,2.27,5049936,28622555.91,2021-04-27,0.35,8054158553.92,8029814906.84,0.67,-5.24
2185,SZSE.000828,东莞控股,10.10,10.10,10.18,9.96,10.15,0.50,2.18,6438982,64780523.39,2021-04-27,0.62,10551097468.80,10551083766.30,1.31,11.56
2186,SZSE.000829,天音控股,6.28,6.91,6.91,6.91,6.91,10.03,0.00,13047920,90161127.20,2021-04-27,1.27,7083444026.58,7075074413.46,2.86,38.06
2187,SZSE.000830,鲁西化工,15.56,15.48,15.70,15.23,15.65,0.58,3.02,31448036,486499755.36,2021-04-27,2.15,29802592522.15,22912278975.25,1.95,36.13
2188,SZSE.000831,中国稀土,17.04,16.95,17.17,16.63,16.88,-0.94,3.17,24793015,419250146.23,2021-04-27,2.53,16557405999.28,16557405999.28,6.46,59.35
2189,SZSE.000833,粤桂股份,4.59,4.59,4.77,4.14,4.74,3.27,13.73,10097093,47150128.65,2021-04-27,2.67,3168224773.74,1792123004.28,1.11,50.49
2190,SZSE.000835,长动退,1.83,1.92,1.92,1.92,1.92,4.92,0.00,1566865,3008380.80,2021-04-27,0.52,627379918.08,581558400.00,-1.02,-3.09
2191,SZSE.000836,富通信息,2.29,2.29,2.29,2.22,2.25,-1.75,3.06,9382900,21048317.00,2021-04-27,0.78,2719024254.00,2718708860.25,2.26,230.44
2192,SZSE.000837,秦川机床,7.90,7.91,8.29,7.80,8.28,4.81,6.20,10571526,85377091.86,2021-04-27,1.53,5741111134.80,5738859918.72,2.58,37.55
2193,SZSE.000838,财信发展,2.83,2.82,2.86,2.81,2.85,0.71,1.77,5334978,15107606.02,2021-04-27,0.63,3136317184.50,2411410704.15,1.62,27.05
2194,SZSE.000839,ST国安,2.04,2.04,2.04,1.98,2.01,-1.47,2.94,18890434,37903745.81,2021-04-27,0.48,7878850967.52,7878850967.52,1.35,-2.99
2195,SZSE.000848,承德露露,6.49,6.59,6.89,6.53,6.79,4.62,5.55,28264941,190442091.60,2021-04-27,2.63,7308885010.00,7308705047.84,3.20,16.91
2196,SZSE.000850,华茂股份,3.79,3.82,3.85,3.74,3.79,0.00,2.90,8532050,32342690.02,2021-04-27,0.90,3576490384.11,3575419625.73,0.84,16.09
2197,SZSE.000851,高鸿股份,6.07,6.06,6.10,5.88,5.96,-1.81,3.62,11936383,71038566.63,2021-04-27,1.36,5409474007.32,5235703287.76,1.71,-44.48
2198,SZSE.000852,石化机械,4.35,4.37,4.37,4.28,4.29,-1.38,2.07,2285263,9819730.79,2021-04-27,0.29,3335925437.13,3335925437.13,1.84,468.44
2199,SZSE.000856,冀东装备,6.71,6.68,6.74,6.52,6.57,-2.09,3.28,2336959,15395601.86,2021-04-27,1.03,1491390000.00,1491390000.00,4.35,332.84
2200,SZSE.000858,五粮液,275.00,277.00,281.82,272.34,281.82,2.48,3.45,14231452,3950995457.28,2021-04-27,0.37,1093914767969.10,1069728486611.40,11.51,56.38
2201,SZSE.000859,国风新材,5.29,5.32,5.32,5.17,5.26,-0.57,2.84,6315684,32985197.16,2021-04-27,0.85,4712835185.46,3888783644.80,1.86,41.06
2202,SZSE.000860,顺鑫农业,49.10,49.70,50.02,48.17,49.04,-0.12,3.77,6259964,306103443.77,2021-04-27,0.84,36376253140.56,36376253140.56,4.48,86.61
2203,SZSE.000861,海印股份,2.29,2.26,2.28,2.19,2.25,-1.75,3.93,32011996,71284631.21,2021-04-27,1.48,5232382314.75,4877439273.00,1.37,32.33
2204,SZSE.000862,银星能源,5.48,5.46,5.49,5.15,5.26,-4.01,6.20,48922095,257592793.17,2021-04-27,9.76,3714185924.22,2637116201.40,1.36,35.61
2205,SZSE.000863,三湘印象,4.27,4.21,4.38,4.17,4.24,-0.70,4.92,7627209,32576471.56,2021-04-27,0.64,5194882598.40,5026553563.84,1.04,15.69
2206,SZSE.000868,安凯客车,4.38,4.28,4.30,4.00,4.03,-7.99,6.85,52196229,214924307.79,2021-04-27,7.50,2955316547.04,2803047974.09,5.81,23.77
2207,SZSE.000869,张裕A,34.63,34.58,36.24,34.34,35.98,3.90,5.49,6294447,223394678.98,2021-04-27,1.39,24662994720.00,16315519584.00,2.34,31.12
2208,SZSE.000875,吉电股份,4.55,4.55,4.58,4.38,4.40,-3.30,4.40,39530775,175623952.30,2021-04-27,1.84,12276915965.60,9443758412.00,1.18,25.68
2209,SZSE.000876,新希望,17.14,17.00,17.02,16.40,16.95,-1.11,3.62,43752856,729705319.82,2021-04-27,1.01,76384307871.90,73308231160.50,2.06,15.45
2210,SZSE.000877,天山股份,15.83,15.75,15.90,15.37,15.48,-2.21,3.35,17086151,265921839.93,2021-04-27,1.94,16234231405.32,13623866327.52,1.51,9.94
2211,SZSE.000878,云南铜业,14.49,14.41,14.88,14.30,14.77,1.93,4.00,63960378,938782565.35,2021-04-27,3.90,25104252331.20,24250600167.85,3.01,62.60
2212,SZSE.000880,潍柴重机,9.54,9.46,9.96,9.40,9.66,1.26,5.87,4878111,47349933.40,2021-04-27,3.61,2667130830.00,1305404100.00,1.68,24.32
2213,SZSE.000881,中广核技,12.18,12.10,12.13,11.80,11.87,-2.55,2.71,7771980,92431526.13,2021-04-27,1.11,11222204424.05,8314909087.79,1.87,41.39
2214,SZSE.000882,华联股份,1.79,1.81,1.81,1.77,1.80,0.56,2.23,13544034,24221810.36,2021-04-27,0.49,4927233504.60,4927226428.80,0.68,214.48
2215,SZSE.000883,湖北能源,4.82,4.85,4.85,4.69,4.73,-1.87,3.32,69382182,328714463.68,2021-04-27,1.07,30780236068.78,30768065305.78,1.04,12.46
2216,SZSE.000885,城发环境,10.17,10.18,10.20,10.04,10.13,-0.39,1.57,3248474,32840538.10,2021-04-27,0.51,6504252723.15,6504252723.15,1.33,10.59
2217,SZSE.000886,海南高速,4.70,4.75,4.81,4.73,4.79,1.91,1.70,7997857,38139360.28,2021-04-27,0.82,4736487557.00,4655689348.42,1.67,51.06
2218,SZSE.000887,中鼎股份,10.68,10.69,10.77,10.49,10.66,-0.19,2.62,10857569,115551443.65,2021-04-27,0.89,13014126566.74,12986491337.56,1.46,26.42
2219,SZSE.000888,峨眉山A,6.57,6.55,6.60,6.38,6.42,-2.28,3.35,11272300,72754619.44,2021-04-27,2.14,3382782114.84,3382782114.84,1.40,-87.81
2220,SZSE.000889,ST中嘉,6.10,6.12,6.34,6.04,6.32,3.61,4.92,13368686,82564811.04,2021-04-27,1.54,5917359853.12,5497449952.32,2.51,101.51
2221,SZSE.000890,法尔胜,4.94,4.96,4.98,4.86,4.89,-1.01,2.43,1684507,8274561.16,2021-04-27,0.44,2051374403.52,1856384235.42,104.46,37.56
2222,SZSE.000892,欢瑞世纪,2.59,2.61,2.64,2.55,2.61,0.77,3.47,8021733,20875885.45,2021-04-27,1.49,2560359034.53,1402736059.26,1.36,-3.63
2223,SZSE.000893,亚钾国际,11.02,11.03,11.19,10.76,10.83,-1.72,3.90,3873700,42044851.00,2021-04-27,0.96,8197262435.76,4368199275.00,2.20,137.50
2224,SZSE.000895,双汇发展,39.32,39.32,39.93,38.94,39.87,1.40,2.52,10121466,399773270.63,2021-04-27,0.68,138136042562.31,59359421412.18,5.48,22.08
2225,SZSE.000897,津滨发展,2.18,2.18,2.18,2.14,2.16,-0.92,1.83,4890993,10551867.35,2021-04-27,0.30,3493308025.44,3493248409.44,2.42,17.36
2226,SZSE.000898,鞍钢股份,4.90,4.86,5.00,4.86,4.93,0.61,2.86,36777661,180797097.33,2021-04-27,0.46,46367883490.93,39150375904.67,0.84,23.44
2227,SZSE.000899,赣能股份,5.36,5.36,5.39,5.15,5.24,-2.24,4.48,12095413,63352124.32,2021-04-27,1.24,5112551462.40,5112531791.44,1.02,17.97
2228,SZSE.000900,现代投资,4.18,4.19,4.20,4.16,4.20,0.48,0.96,3028724,12667743.58,2021-04-27,0.20,6374879002.80,6372971577.00,0.60,12.15
2229,SZSE.000901,航天科技,8.17,8.16,8.16,7.86,8.06,-1.35,3.67,7558280,60682932.98,2021-04-27,0.99,6433503332.36,6148559337.18,1.47,1132.21
2230,SZSE.000902,新洋丰,16.52,16.49,16.49,15.92,16.05,-2.85,3.45,7785698,125720858.99,2021-04-27,0.66,20937695104.50,19040261022.90,2.88,18.98
2231,SZSE.000903,云内动力,3.48,3.49,3.51,3.37,3.44,-1.15,4.02,23281101,79630094.51,2021-04-27,1.18,6779554948.08,6779554948.08,1.16,31.53
2232,SZSE.000905,厦门港务,6.87,6.87,6.88,6.68,6.77,-1.46,2.91,3536900,23877926.76,2021-04-27,0.67,4232546603.94,3594859845.00,1.20,31.57
2233,SZSE.000906,浙商中拓,8.51,8.56,8.60,8.27,8.53,0.24,3.88,5482296,46150037.75,2021-04-27,0.83,5752941732.83,5642659853.59,1.91,10.36
2234,SZSE.000908,景峰医药,5.50,5.59,6.05,5.40,6.05,10.00,11.82,170390014,992819736.65,2021-04-27,23.56,5322634823.55,4375753110.85,11.24,-7.93
2235,SZSE.000909,ST数源,7.04,7.06,7.12,7.01,7.07,0.43,1.56,1582985,11162128.12,2021-04-27,0.51,3208568202.00,2208331920.48,1.76,74.55
2236,SZSE.000910,大亚圣象,14.84,14.84,14.85,14.50,14.71,-0.88,2.36,4650244,68070606.66,2021-04-27,0.85,8052217225.00,8048613275.00,1.42,12.87
2237,SZSE.000911,广农糖业,8.60,8.27,9.46,8.21,9.46,10.00,14.53,34474105,316321367.62,2021-04-27,10.64,3065805664.02,3065805664.02,24.16,69.92
2238,SZSE.000912,泸天化,4.13,4.16,4.16,3.97,4.03,-2.42,4.60,10668156,43026090.74,2021-04-27,0.68,6319040000.00,6319040000.00,1.15,16.59
2239,SZSE.000913,钱江摩托,23.59,23.41,23.75,23.20,23.52,-0.30,2.33,2072911,48579384.40,2021-04-27,0.46,10667166720.00,10667166720.00,3.81,44.54
2240,SZSE.000915,华特达因,28.55,28.49,29.33,28.08,29.30,2.63,4.38,5378191,155115874.31,2021-04-27,2.30,6865912510.50,6860926529.50,3.33,19.61
2241,SZSE.000917,电广传媒,4.87,4.86,4.87,4.74,4.83,-0.82,2.67,10648589,51089651.86,2021-04-27,0.75,6846797112.54,6845543795.16,0.68,-4.66
2242,SZSE.000918,*ST嘉凯,6.71,6.67,6.80,6.55,6.73,0.30,3.73,11027110,73671818.55,2021-04-27,0.61,12142208795.00,12142208795.00,5.69,-9.63
2243,SZSE.000919,金陵药业,7.69,7.49,7.94,7.19,7.85,2.08,9.75,36164602,276792939.52,2021-04-27,7.19,3956400000.00,3950396312.15,1.37,30.97
2244,SZSE.000920,沃顿科技,6.53,6.50,6.53,6.38,6.53,0.00,2.30,5044840,32446348.12,2021-04-27,1.20,2755660000.00,2754494884.75,2.27,23.24
2245,SZSE.000921,海信家电,16.96,16.81,17.27,16.74,17.00,0.24,3.13,3351662,57023022.46,2021-04-27,0.37,23166331290.00,15336016030.00,2.32,14.67
2246,SZSE.000922,佳电股份,7.70,7.69,7.70,7.49,7.54,-2.08,2.73,6394854,48283421.02,2021-04-27,1.10,4518058879.62,4391020812.62,1.71,10.87
2247,SZSE.000923,河钢资源,23.01,22.90,22.90,22.05,22.42,-2.56,3.69,10357757,230906909.69,2021-04-27,1.65,14634183305.62,14077380206.68,1.89,15.07
2248,SZSE.000925,众合科技,6.66,6.63,6.79,6.56,6.76,1.50,3.45,4401215,29375505.78,2021-04-27,0.84,3675171215.56,3545748811.80,1.48,65.13
2249,SZSE.000926,福星股份,4.66,4.65,4.66,4.61,4.63,-0.64,1.07,3216100,14888800.00,2021-04-27,0.34,4456201254.62,4383942502.16,0.40,11.14
2250,SZSE.000927,中国铁物,4.01,4.01,4.04,3.93,3.97,-1.00,2.74,7337400,29190782.00,2021-04-27,0.46,24019903954.77,6332840859.40,3.46,25.60
2251,SZSE.000928,中钢国际,9.00,9.28,9.67,8.34,9.26,2.89,14.78,145859808,1312219603.15,2021-04-27,11.61,11636698842.92,11636409930.92,2.02,16.26
2252,SZSE.000929,兰州黄河,8.63,8.58,8.62,8.10,8.15,-5.56,6.03,12701917,105058579.00,2021-04-27,6.84,1513992900.00,1513896917.45,2.29,-915.85
2253,SZSE.000930,中粮科技,9.38,9.37,9.50,9.26,9.49,1.17,2.56,25950168,243950759.66,2021-04-27,2.69,17706098348.12,9152181414.22,1.65,29.85
2254,SZSE.000931,中关村,6.84,6.84,6.90,6.72,6.76,-1.17,2.63,2238205,15147752.36,2021-04-27,0.30,5091138398.32,5044257291.32,3.01,141.01
2255,SZSE.000932,华菱钢铁,8.42,8.58,8.63,8.07,8.22,-2.38,6.65,119886526,990243156.82,2021-04-27,2.43,50381014674.42,40593550617.66,1.43,6.89
2256,SZSE.000933,神火股份,11.77,11.83,12.18,11.47,11.79,0.17,6.03,76800573,907498243.90,2021-04-27,4.04,26308934728.11,22406877315.00,3.48,29.01
2257,SZSE.000935,四川双马,13.18,13.16,13.25,12.91,13.01,-1.29,2.58,2703606,35196008.43,2021-04-27,0.35,9932358732.33,9932310074.93,1.89,11.18
2258,SZSE.000936,华西股份,6.33,6.31,6.32,6.18,6.21,-1.90,2.21,8650204,53893146.83,2021-04-27,0.98,5502140028.27,5498201975.40,1.12,-16.54
2259,SZSE.000937,冀中能源,3.93,3.92,3.94,3.77,3.84,-2.29,4.33,33160716,127365590.13,2021-04-27,1.14,13568819904.00,11161343393.28,0.68,12.98
2260,SZSE.000938,紫光股份,18.10,18.01,18.09,17.52,17.62,-2.65,3.15,22972602,406376233.75,2021-04-27,0.80,50394607379.88,50394607379.88,1.77,26.60
2261,SZSE.000948,南天信息,10.44,10.38,10.74,10.35,10.58,1.34,3.74,8748028,92270000.94,2021-04-27,2.62,4032732862.66,3539061154.30,1.80,42.45
2262,SZSE.000949,新乡化纤,4.63,4.65,4.69,4.45,4.66,0.65,5.18,36073093,165067046.92,2021-04-27,2.87,5860677188.34,5858492235.50,1.40,70.12
2263,SZSE.000950,重药控股,5.31,5.23,5.66,5.10,5.51,3.77,10.55,45698292,247471615.18,2021-04-27,2.64,9522297674.96,9522297674.96,1.06,10.82
2264,SZSE.000951,中国重汽,34.55,34.53,34.53,33.70,34.10,-1.30,2.40,2795505,95029036.96,2021-04-27,0.42,28616460840.00,22883855280.00,2.04,15.22
2265,SZSE.000952,广济药业,7.44,7.41,7.63,7.27,7.54,1.34,4.84,3538993,26285808.41,2021-04-27,1.14,2616342594.06,2333204834.48,1.89,25.72
2266,SZSE.000953,河化股份,5.02,4.92,5.03,4.85,4.99,-0.60,3.59,1668400,8235602.00,2021-04-27,0.52,1826949753.05,1596408309.95,10.59,59.05
2267,SZSE.000955,欣龙控股,5.94,5.99,6.01,5.77,5.93,-0.17,4.04,12063101,70860948.90,2021-04-27,2.24,3192682350.00,3187958215.50,3.93,22.67
2268,SZSE.000957,中通客车,6.34,6.37,6.37,6.22,6.25,-1.42,2.37,4571500,28610834.81,2021-04-27,0.77,3705649600.00,3705556000.00,1.36,157.53
2269,SZSE.000958,电投产融,4.34,4.31,4.36,4.21,4.26,-1.84,3.46,9993774,42540747.00,2021-04-27,0.91,22933362895.20,4694857396.26,1.35,17.32
2270,SZSE.000959,首钢股份,5.15,5.10,5.20,5.03,5.10,-0.97,3.30,25116423,127987509.17,2021-04-27,0.50,26975886960.00,25791226554.60,0.90,15.10
2271,SZSE.000960,锡业股份,13.63,13.85,14.85,13.85,14.43,5.87,7.34,89276974,1282229170.10,2021-04-27,5.35,24080443148.97,24080443148.97,1.82,24.79
2272,SZSE.000961,中南建设,7.14,7.30,7.35,7.17,7.20,0.84,2.52,38146538,276214863.02,2021-04-27,1.00,27516274516.80,27407107699.20,0.93,3.89
2273,SZSE.000962,东方钽业,8.30,8.32,8.65,8.20,8.58,3.37,5.42,10948318,92391476.50,2021-04-27,2.48,3782344085.52,3782330494.80,3.08,53.88
2274,SZSE.000963,华东医药,45.69,45.31,48.12,45.28,47.00,2.87,6.22,82845962,3866294456.04,2021-04-27,4.73,82241048756.00,82238804741.00,5.39,29.16
2275,SZSE.000965,天保基建,2.64,2.64,2.65,2.61,2.65,0.38,1.52,3611770,9502650.20,2021-04-27,0.33,2941051871.75,2941051871.75,0.55,-64.47
2276,SZSE.000966,长源电力,10.65,10.50,10.55,9.59,9.59,-9.95,9.01,157257555,1543016885.07,2021-04-27,14.19,24451243984.02,10628444327.20,5.72,69.03
2277,SZSE.000967,盈峰环境,7.91,7.91,7.97,7.85,7.90,-0.13,1.52,7382174,58347439.21,2021-04-27,0.36,24988190953.40,15985356341.20,1.49,17.92
2278,SZSE.000968,蓝焰控股,6.15,6.11,6.17,6.02,6.13,-0.33,2.44,4278243,26000987.76,2021-04-27,0.44,5930791305.80,5930791305.80,1.31,46.80
2279,SZSE.000969,安泰科技,7.51,7.52,7.74,7.38,7.62,1.46,4.79,23613258,178144648.99,2021-04-27,2.36,7818181699.14,7626333782.10,1.68,51.00
2280,SZSE.000970,中科三环,9.31,9.31,9.37,9.19,9.26,-0.54,1.93,11042183,102148796.06,2021-04-27,1.04,9863752000.00,9863752000.00,2.10,76.27
2281,SZSE.000971,ST高升,2.78,2.76,2.92,2.75,2.92,5.04,6.12,10283405,29583969.23,2021-04-27,1.28,3061883167.92,2346177706.72,2.50,25.98
2282,SZSE.000972,中基健康,1.74,1.74,1.83,1.74,1.80,3.45,5.17,7176132,12926025.42,2021-04-27,0.93,1388310442.20,1388310442.20,8.90,-5.22
2283,SZSE.000973,佛塑科技,4.14,4.14,4.14,4.06,4.10,-0.97,1.93,5835924,23857706.92,2021-04-27,0.60,3966435001.10,3966339868.80,1.64,56.14
2284,SZSE.000975,银泰黄金,9.12,9.07,9.16,9.00,9.10,-0.22,1.75,16642330,151002709.82,2021-04-27,0.67,25268172611.50,22624065127.30,2.48,20.34
2285,SZSE.000976,ST华铁,5.59,5.60,5.60,5.48,5.53,-1.07,2.15,7594168,41904808.88,2021-04-27,0.48,8824103741.88,8818153572.48,1.78,23.99
2286,SZSE.000977,浪潮信息,27.75,27.75,27.89,27.00,27.43,-1.15,3.21,20039367,548514806.94,2021-04-27,1.38,39875575533.30,39842192784.42,3.13,27.19
2287,SZSE.000978,桂林旅游,7.43,7.23,7.48,6.69,6.69,-9.96,10.63,45997963,317249534.30,2021-04-27,12.78,2409069000.00,2408757413.25,1.91,-9.04
2288,SZSE.000980,众泰汽车,3.73,3.92,3.92,3.92,3.92,5.09,0.00,3532210,13846263.20,2021-04-27,0.28,7948471448.96,4884103274.96,-1.70,-0.74
2289,SZSE.000981,山子股份,1.91,1.88,1.88,1.81,1.81,-5.24,3.66,23983300,43780853.00,2021-04-27,0.93,7290661686.42,4659511236.00,1.48,-6.70
2290,SZSE.000982,中银绒业,1.50,1.48,1.49,1.43,1.44,-4.00,4.00,69819522,100738798.68,2021-04-27,1.64,6137102956.32,6137102956.32,5.62,185.89
2291,SZSE.000983,山西焦煤,5.70,5.63,5.71,5.49,5.65,-0.88,3.86,94358859,528691157.20,2021-04-27,2.30,23145564000.00,23145392143.95,1.17,10.26
2292,SZSE.000985,大庆华科,11.81,11.81,11.86,11.49,11.67,-1.19,3.13,771700,8969490.00,2021-04-27,0.60,1512892965.00,1512892965.00,2.62,43.99
2293,SZSE.000987,越秀资本,12.95,12.90,13.13,12.88,13.06,0.85,1.93,8883379,115723023.96,2021-04-27,0.33,35952674887.24,34833770566.60,1.51,7.79
2294,SZSE.000988,华工科技,20.66,20.58,20.73,20.15,20.18,-2.32,2.81,9936203,201722832.03,2021-04-27,0.99,20291044627.26,20282428271.76,3.01,30.02
2295,SZSE.000989,九芝堂,8.22,8.21,8.48,8.18,8.39,2.07,3.65,8268162,68879574.98,2021-04-27,1.40,7293882040.04,4946264519.89,1.77,25.11
2296,SZSE.000990,诚志股份,13.12,13.07,13.26,12.97,13.11,-0.08,2.21,4266717,55967796.08,2021-04-27,0.51,16426986258.09,10934068943.01,0.98,19.72
2297,SZSE.000993,闽东电力,7.48,7.49,7.56,7.17,7.23,-3.34,5.21,18868281,137215062.04,2021-04-27,4.29,3310989019.65,3179374945.56,1.75,-41.03
2298,SZSE.000995,皇台酒业,19.47,19.40,19.66,18.75,19.04,-2.21,4.67,12418403,236415183.74,2021-04-27,7.00,3377848320.00,3377848320.00,26.09,100.88
2299,SZSE.000996,*ST中期,10.58,10.65,10.73,10.45,10.50,-0.76,2.65,7676747,81164852.41,2021-04-27,2.23,3622500000.00,3622500000.00,7.50,434.95
2300,SZSE.000997,新大陆,13.66,13.67,13.79,13.53,13.67,0.07,1.90,5423648,74164914.17,2021-04-27,0.53,14359538271.39,14043673222.92,2.36,31.60
2301,SZSE.000998,隆平高科,17.03,17.00,17.12,16.87,16.90,-0.76,1.47,13195277,223699319.93,2021-04-27,1.24,22256798036.20,17945634721.30,4.03,192.03
2302,SZSE.000999,华润三九,24.16,24.17,24.50,24.16,24.47,1.28,1.41,6672300,162636163.00,2021-04-27,0.68,23953683000.00,23941333186.76,1.67,14.99
2303,SZSE.001696,宗申动力,6.57,6.55,6.57,6.46,6.54,-0.46,1.67,3815098,24834512.23,2021-04-27,0.43,7488476056.80,5749761656.46,1.62,12.74
2304,SZSE.001872,招商港口,14.85,14.91,14.98,14.76,14.77,-0.54,1.48,1393976,20660604.47,2021-04-27,0.23,28393332881.48,8770722433.90,0.75,13.75
2305,SZSE.001896,豫能控股,8.05,7.88,7.89,7.36,7.44,-7.58,6.58,69095958,523707423.22,2021-04-27,6.01,8560373581.68,8560373581.68,1.40,29.96
2306,SZSE.001914,招商积余,20.80,20.93,21.76,20.80,21.66,4.13,4.62,5442065,116405402.17,2021-04-27,0.82,22967095659.60,14444256175.56,2.73,46.64
2307,SZSE.001965,招商公路,7.54,7.50,7.55,7.43,7.48,-0.80,1.59,2899917,21729643.32,2021-04-27,0.15,46213150361.84,14457364779.44,0.93,20.79
2308,SZSE.001979,招商蛇口,11.71,11.69,11.79,11.65,11.67,-0.34,1.20,6879675,80620964.59,2021-04-27,0.09,92464241048.64,92445829721.43,1.14,7.47
2309,SZSE.002001,新和成,37.90,37.77,38.71,37.77,38.56,1.74,2.48,12550923,481427927.58,2021-04-27,0.59,82852418288.00,81779621055.20,4.05,23.25
2310,SZSE.002002,ST鸿达,3.71,3.67,3.69,3.59,3.65,-1.62,2.70,79555873,289000091.96,2021-04-27,2.75,10586254972.20,10572194168.45,1.27,14.57
2311,SZSE.002003,伟星股份,7.06,7.06,7.10,6.97,7.09,0.42,1.84,5132311,36134844.86,2021-04-27,0.79,5500779534.52,4584217303.02,2.14,13.88
2312,SZSE.002004,华邦健康,6.48,6.35,6.48,6.05,6.30,-2.78,6.64,95128143,595956865.40,2021-04-27,5.23,12473490903.30,11460692237.40,1.28,19.14
2313,SZSE.002005,ST德豪,1.81,1.83,1.83,1.72,1.72,-4.97,6.08,31337700,54598769.00,2021-04-27,1.85,3035318400.00,2910046551.60,1.77,-5.09
2314,SZSE.002006,精工科技,5.88,5.87,5.91,5.72,5.89,0.17,3.23,5068571,29469188.19,2021-04-27,1.11,2680892400.00,2680892400.00,2.82,94.59
2315,SZSE.002007,华兰生物,44.40,44.48,45.29,43.84,44.87,1.06,3.27,26536748,1190836273.43,2021-04-27,1.69,81859334995.62,70561676714.90,10.45,50.75
2316,SZSE.002008,大族激光,41.71,41.50,41.59,39.90,40.10,-3.86,4.05,24231593,978844159.98,2021-04-27,2.44,42789592172.40,39863475603.60,4.45,35.60
2317,SZSE.002009,天奇股份,9.81,9.78,10.05,9.28,9.50,-3.16,7.85,16141000,154692977.00,2021-04-27,4.36,3520219623.00,3514786810.50,1.78,32.76
2318,SZSE.002010,传化智联,6.11,6.12,6.18,6.03,6.08,-0.49,2.45,16127376,98118367.08,2021-04-27,0.51,20107105242.24,19350523351.36,1.33,13.22
2319,SZSE.002011,盾安环境,4.61,4.53,4.65,4.53,4.55,-1.30,2.60,10588967,48608099.85,2021-04-27,1.16,4173315419.00,4168546664.10,2.89,-4.71
2320,SZSE.002012,凯恩股份,5.68,5.65,5.84,5.64,5.79,1.94,3.52,11973462,68729007.98,2021-04-27,2.57,2707551471.30,2701252941.39,1.94,25.12
2321,SZSE.002013,中航机电,10.04,10.00,10.00,9.78,9.82,-2.19,2.19,26374836,259838752.52,2021-04-27,0.68,38148979427.98,38147656035.68,2.94,31.25
2322,SZSE.002014,永新股份,9.38,9.38,9.39,9.23,9.28,-1.07,1.71,2220309,20682145.76,2021-04-27,0.44,4770075198.72,4653202303.36,2.64,15.16
2323,SZSE.002015,协鑫能科,7.98,7.97,8.08,7.64,7.80,-2.26,5.51,17178915,133901594.00,2021-04-27,4.29,10549198233.60,3125489835.00,1.79,13.96
2324,SZSE.002016,世荣兆业,6.38,6.36,6.40,6.26,6.36,-0.31,2.19,1774100,11225547.00,2021-04-27,0.26,5145848219.52,4368338219.52,1.24,6.61
2325,SZSE.002017,东信和平,10.77,10.73,10.94,10.35,10.57,-1.86,5.48,9843014,104417645.08,2021-04-27,2.21,4719357907.88,4704703850.14,3.32,125.92
2326,SZSE.002019,亿帆医药,18.20,18.25,18.32,17.83,18.16,-0.22,2.69,8576095,155402352.17,2021-04-27,1.01,22421735718.32,15355868491.52,2.60,23.15
2327,SZSE.002020,京新药业,12.09,11.92,11.97,10.88,11.02,-8.85,9.02,33918770,379329135.60,2021-04-27,5.74,7774695691.52,6507815961.26,1.91,11.32
2328,SZSE.002021,*ST中捷,1.83,1.85,1.92,1.82,1.86,1.64,5.46,12150070,22791863.05,2021-04-27,1.77,1279335974.40,1278682788.90,2.00,-16.29
2329,SZSE.002022,科华生物,17.96,17.85,18.28,17.64,18.10,0.78,3.56,13705862,245935169.10,2021-04-27,2.67,9313459925.70,9298710706.30,2.80,13.79
2330,SZSE.002023,海特高新,10.64,10.60,10.60,10.15,10.22,-3.95,4.23,12936784,133279186.15,2021-04-27,1.89,7734404050.66,6986985444.74,2.31,87.32
2331,SZSE.002024,ST易购,6.88,6.86,6.93,6.84,6.88,0.00,1.31,13401766,92245630.83,2021-04-27,0.18,64053072826.40,52210140037.60,0.83,-14.98
2332,SZSE.002025,航天电器,43.01,43.29,43.68,41.92,42.80,-0.49,4.09,5912194,252971670.83,2021-04-27,1.38,18361200000.00,18356867441.60,5.21,42.35
2333,SZSE.002026,山东威达,13.50,13.52,13.80,13.13,13.36,-1.04,4.96,13616530,181590828.20,2021-04-27,3.22,5654302285.84,5652871429.84,2.12,17.79
2334,SZSE.002027,分众传媒,10.48,10.54,10.57,10.36,10.54,0.57,2.00,111690188,1170330548.96,2021-04-27,0.76,154704858151.20,154704858151.20,8.38,29.00
2335,SZSE.002028,思源电气,31.92,31.86,32.40,31.48,31.91,-0.03,2.88,9017347,287990545.58,2021-04-27,1.53,24351758533.62,18826683363.01,3.57,21.64
2336,SZSE.002029,七匹狼,5.60,5.58,5.76,5.52,5.67,1.25,4.29,7496209,42129509.86,2021-04-27,1.04,4284648900.00,4103394127.56,0.72,13.58
2337,SZSE.002030,达安基因,33.01,32.70,34.29,32.48,34.10,3.30,5.48,36584173,1226351338.57,2021-04-27,4.27,29910943557.00,29202525127.60,5.54,12.21
2338,SZSE.002031,巨轮智能,1.77,1.77,1.77,1.72,1.75,-1.13,2.82,17858220,31147831.10,2021-04-27,0.94,3848942422.50,3311474650.75,1.32,-24.00
2339,SZSE.002032,苏泊尔,69.22,68.90,69.74,68.31,69.11,-0.16,2.07,1075326,74308110.88,2021-04-27,0.18,56745105564.60,42304977293.18,7.49,27.76
2340,SZSE.002033,丽江股份,6.91,6.95,6.98,6.75,6.83,-1.16,3.33,9284629,63193893.56,2021-04-27,1.69,3753021556.13,3752949636.23,1.47,45.75
2341,SZSE.002034,旺能环境,18.03,18.11,18.29,17.77,17.85,-1.00,2.88,2365262,42439588.04,2021-04-27,0.57,7521366053.25,7465674053.25,1.59,14.40
2342,SZSE.002035,华帝股份,7.46,7.43,7.53,7.33,7.38,-1.07,2.68,7493881,55317524.57,2021-04-27,0.96,6414919791.12,5782607295.12,1.98,15.73
2343,SZSE.002036,联创电子,10.18,10.42,10.66,10.30,10.44,2.55,3.54,27466884,287871157.55,2021-04-27,2.97,10940055193.08,9659605302.00,3.04,38.15
2344,SZSE.002037,保利联合,6.30,6.29,6.31,6.19,6.25,-0.79,1.90,2122875,13217856.05,2021-04-27,0.65,3047658181.25,2046051000.00,0.89,24.21
2345,SZSE.002038,双鹭药业,10.17,10.38,11.19,10.30,11.19,10.03,8.75,29900919,327496373.55,2021-04-27,3.51,11496046500.00,9530245566.33,2.26,29.11
2346,SZSE.002039,黔源电力,14.45,14.45,14.52,14.27,14.37,-0.55,1.73,1914554,27514702.64,2021-04-27,0.63,4388578772.94,4388524899.81,1.36,9.89
2347,SZSE.002040,南京港,6.16,6.16,6.19,6.06,6.10,-0.97,2.11,2612204,15928727.60,2021-04-27,0.54,2952197480.00,2952197480.00,1.05,22.92
2348,SZSE.002041,登海种业,15.66,15.62,15.89,15.53,15.73,0.45,2.30,6694291,105364611.37,2021-04-27,0.76,13842400000.00,13842400000.00,4.70,135.77
2349,SZSE.002042,华孚时尚,5.66,5.68,5.74,5.53,5.68,0.35,3.71,8435882,47589878.02,2021-04-27,0.56,8630053152.40,8623065690.24,1.49,-19.43
2350,SZSE.002043,兔宝宝,10.89,10.89,10.95,10.42,10.59,-2.75,4.87,15445999,164291444.49,2021-04-27,2.13,8204666061.18,7669230683.88,4.55,15.37
2351,SZSE.002044,美年健康,12.29,12.20,12.79,12.16,12.66,3.01,5.13,63559480,798415703.76,2021-04-27,1.66,49554454665.18,48444922023.24,6.57,89.46
2352,SZSE.002045,国光电器,9.32,9.27,9.38,9.10,9.23,-0.97,3.00,5379316,49550140.41,2021-04-27,1.15,4323183516.99,4311939300.24,2.15,18.36
2353,SZSE.002046,国机精工,7.69,7.73,7.73,7.49,7.59,-1.30,3.12,3673024,27826792.50,2021-04-27,0.89,3979809502.02,3148486972.62,1.41,27.91
2354,SZSE.002047,宝鹰股份,3.24,3.22,3.26,3.12,3.13,-3.40,4.32,13749316,43932942.68,2021-04-27,1.03,4198259362.73,4180489031.87,1.00,58.20
2355,SZSE.002048,宁波华翔,16.44,16.48,16.73,16.20,16.59,0.91,3.22,4548345,75126841.70,2021-04-27,0.81,10389111139.26,9265362537.90,0.98,12.23
2356,SZSE.002049,紫光国微,110.32,111.13,111.98,107.80,111.22,0.82,3.79,7743078,851044871.81,2021-04-27,1.28,67490294400.96,67490294400.96,12.76,83.69
2357,SZSE.002050,三花智控,22.12,22.11,22.16,21.58,21.93,-0.86,2.62,13281779,290457558.26,2021-04-27,0.38,78763820193.24,77199731320.98,7.55,48.90
2358,SZSE.002051,中工国际,6.63,6.65,6.67,6.54,6.57,-0.90,1.96,2461848,16194622.48,2021-04-27,0.22,8129776716.09,7307986970.88,0.77,-96.98
2359,SZSE.002052,ST同洲,1.64,1.64,1.66,1.63,1.65,0.61,1.83,4793000,7899020.00,2021-04-27,0.64,1230833495.10,1230828274.50,5.36,-8.01
2360,SZSE.002053,云南能投,7.44,7.47,7.53,7.28,7.39,-0.67,3.36,6174426,45481769.62,2021-04-27,1.11,5623631602.74,4126053793.04,1.32,24.29
2361,SZSE.002054,德美化工,9.90,9.47,9.52,8.96,9.44,-4.65,5.66,19153211,177617604.15,2021-04-27,6.17,4551169866.88,2931240444.96,1.89,36.44
2362,SZSE.002055,得润电子,12.14,11.91,12.39,11.63,12.29,1.24,6.26,23780940,287811440.96,2021-04-27,5.57,5819137778.20,5251284006.18,2.97,-14.16
2363,SZSE.002056,横店东磁,14.20,13.88,13.88,13.25,13.34,-6.06,4.44,34509069,464731191.71,2021-04-27,2.12,21925624000.00,21664699082.74,3.51,18.52
2364,SZSE.002057,中钢天源,6.89,6.94,6.97,6.75,6.83,-0.87,3.19,7554447,51622093.51,2021-04-27,1.31,5096462510.08,3929215510.08,1.82,27.19
2365,SZSE.002058,威尔泰,9.26,9.48,9.50,9.26,9.29,0.32,2.59,932435,8762407.64,2021-04-27,0.65,1332635004.28,1329564185.49,7.68,-2057.41
2366,SZSE.002059,云南旅游,5.92,5.86,5.87,5.60,5.61,-5.24,4.56,11187937,63570648.79,2021-04-27,1.53,5679759300.93,4099746351.36,2.33,35.65
2367,SZSE.002060,广东建工,3.35,3.31,3.33,3.27,3.32,-0.90,1.79,23619698,77951709.38,2021-04-27,1.97,3991510032.56,3990357736.92,1.17,15.14
2368,SZSE.002061,浙江交科,5.55,5.51,5.65,5.48,5.63,1.44,3.06,7254174,40305675.15,2021-04-27,0.53,7745150824.32,7745150824.32,0.90,7.75
2369,SZSE.002062,宏润建设,3.99,3.95,3.98,3.92,3.96,-0.75,1.50,2478080,9768582.00,2021-04-27,0.26,4365900000.00,3823383175.92,1.19,10.55
2370,SZSE.002063,远光软件,8.84,8.86,8.86,8.41,8.43,-4.64,5.09,26083836,223511034.27,2021-04-27,2.57,9293957924.16,8560451914.89,3.50,35.35
2371,SZSE.002064,华峰化学,12.53,12.74,12.84,12.44,12.80,2.15,3.19,37028155,468755062.27,2021-04-27,1.89,59309046028.80,25015959308.80,4.49,16.26
2372,SZSE.002065,东华软件,7.38,7.38,7.40,7.22,7.24,-1.90,2.44,19695229,143117438.36,2021-04-27,0.70,22556092395.00,20328650024.36,2.25,40.98
2373,SZSE.002066,瑞泰科技,9.59,9.59,9.67,9.40,9.41,-1.88,2.82,1619767,15340390.90,2021-04-27,0.70,2173710000.00,2173710000.00,4.39,42.14
2374,SZSE.002067,景兴纸业,3.66,3.66,3.73,3.64,3.73,1.91,2.46,18806833,69328544.21,2021-04-27,1.85,4315111571.29,3801304071.29,0.88,13.83
2375,SZSE.002068,黑猫股份,7.09,7.07,7.11,6.89,6.92,-2.40,3.10,21342241,148362722.50,2021-04-27,2.94,5153971684.32,5030816880.28,1.57,13.70
2376,SZSE.002069,獐子岛,3.46,3.46,3.46,3.36,3.40,-1.73,2.89,5836615,19832913.00,2021-04-27,0.86,2417781459.60,2316970694.60,-86.04,162.82
2377,SZSE.002071,长城退,0.35,0.35,0.38,0.34,0.37,5.71,11.43,17620776,6340338.84,2021-04-27,3.35,194409054.86,194402542.86,-0.18,-0.78
2378,SZSE.002072,凯瑞德,4.24,4.25,4.27,4.17,4.25,0.24,2.36,832731,3508237.20,2021-04-27,0.54,748000000.00,649906175.00,-4.14,-3.69
2379,SZSE.002073,软控股份,4.68,4.68,4.69,4.51,4.60,-1.71,3.85,10607175,48729927.53,2021-04-27,1.14,4296338700.40,4296087540.40,1.00,45.17
2380,SZSE.002074,国轩高科,34.20,34.20,34.70,33.25,33.81,-1.14,4.24,20105067,679920172.89,2021-04-27,1.71,43295209173.09,39848720623.11,3.96,264.06
2381,SZSE.002075,沙钢股份,10.14,10.20,10.32,9.78,10.02,-1.18,5.33,25160894,251110424.77,2021-04-27,1.14,22111853155.44,22111853155.44,4.06,28.49
2382,SZSE.002076,星光股份,2.27,2.27,2.32,2.23,2.31,1.76,3.96,9750234,22292568.50,2021-04-27,1.33,1799751110.85,1691026668.87,60.05,41.14
2383,SZSE.002077,大港股份,6.55,6.50,6.58,6.22,6.23,-4.89,5.50,10735100,68107501.50,2021-04-27,1.97,3615571235.99,3391274022.50,1.21,-43.73
2384,SZSE.002078,太阳纸业,14.83,14.84,15.42,14.80,15.23,2.70,4.18,27281584,414846377.70,2021-04-27,1.04,39973882842.29,39790974349.79,2.34,20.47
2385,SZSE.002079,苏州固锝,9.34,9.37,9.37,9.10,9.15,-2.03,2.89,8979891,82495471.47,2021-04-27,1.24,7035111757.95,6647713595.40,3.60,77.84
2386,SZSE.002080,中材科技,22.48,22.74,23.03,22.33,22.45,-0.13,3.11,16066477,364789227.58,2021-04-27,0.96,37673874460.80,37673874460.80,2.99,15.76
2387,SZSE.002081,金螳螂,8.91,8.87,9.00,8.85,8.91,0.00,1.68,9384985,83803992.86,2021-04-27,0.36,23908725918.99,23506432789.95,1.38,10.07
2388,SZSE.002082,万邦德,12.55,12.46,12.68,12.46,12.56,0.08,1.75,2555812,32104566.19,2021-04-27,1.07,7764878732.24,2989280000.00,2.99,83.59
2389,SZSE.002083,孚日股份,4.24,4.31,4.66,4.31,4.35,2.59,8.25,31158411,137400451.89,2021-04-27,3.44,3949900754.70,3938620874.10,1.09,18.42
2390,SZSE.002084,海鸥住工,7.14,7.14,7.19,6.95,7.14,0.00,3.36,14551783,103036721.98,2021-04-27,2.66,3959833489.92,3911257149.66,2.23,26.02
2391,SZSE.002085,万丰奥威,5.34,5.30,5.39,5.29,5.32,-0.37,1.87,11200552,59727130.42,2021-04-27,0.54,11634199886.96,11115363907.76,2.19,20.56
2392,SZSE.002086,*ST东洋,1.81,1.80,1.81,1.76,1.76,-2.76,2.76,7090804,12578844.04,2021-04-27,1.14,1331176000.00,1097006504.00,0.94,-4.31
2393,SZSE.002087,*ST新纺,3.58,3.66,3.76,3.64,3.68,2.79,3.35,28612640,105521545.84,2021-04-27,3.51,3005803152.80,3001550202.56,0.70,17.46
2394,SZSE.002088,鲁阳节能,21.45,21.45,21.95,21.22,21.66,0.98,3.40,2872178,61886042.14,2021-04-27,0.90,7834078320.78,6911419503.18,3.14,21.16
2395,SZSE.002089,*ST新海,1.61,1.60,1.61,1.55,1.56,-3.11,3.73,6728102,10580777.10,2021-04-27,0.57,2144484600.96,1844256342.24,2.11,-7.83
2396,SZSE.002090,金智科技,7.58,7.57,7.68,7.47,7.66,1.06,2.77,1512140,11466483.90,2021-04-27,0.38,3096669409.76,3059380920.42,2.36,47.60
2397,SZSE.002091,江苏国泰,6.95,6.96,7.13,6.95,7.08,1.87,2.59,15432681,108598104.38,2021-04-27,1.02,11069839113.84,10718122980.24,1.18,11.32
2398,SZSE.002092,中泰化学,9.00,8.98,9.17,8.95,9.13,1.44,2.44,41649190,377555068.98,2021-04-27,1.94,19597084829.74,19596462391.99,1.00,134.26
2399,SZSE.002093,国脉科技,6.06,6.06,6.09,6.01,6.03,-0.50,1.32,3779282,22816746.72,2021-04-27,0.38,6075225000.00,6045277005.00,1.78,76.85
2400,SZSE.002094,青岛金王,3.32,3.30,3.30,3.16,3.20,-3.61,4.22,12856903,41239710.77,2021-04-27,1.86,2210872156.80,2209451356.80,0.90,-5.16
2401,SZSE.002095,生意宝,14.17,14.20,14.20,13.66,13.76,-2.89,3.81,2925365,40472322.56,2021-04-27,1.16,3477427200.00,3463140618.56,3.79,147.54
2402,SZSE.002096,易普力,7.72,7.72,7.80,7.50,7.62,-1.30,3.89,4676000,35570003.00,2021-04-27,1.26,2829206940.00,2825892240.00,1.40,104.50
2403,SZSE.002097,山河智能,8.07,8.06,8.10,7.86,8.09,0.25,2.97,12703475,101150994.39,2021-04-27,1.38,8797854491.85,7466483167.58,1.57,15.57
2404,SZSE.002098,浔兴股份,5.90,5.92,5.93,5.77,5.79,-1.86,2.71,2436908,14170837.28,2021-04-27,0.68,2072820000.00,2072820000.00,2.48,10.33
2405,SZSE.002099,海翔药业,10.83,10.75,10.94,10.63,10.86,0.28,2.86,15054388,162179131.99,2021-04-27,0.94,17579247647.58,17463487790.76,2.95,39.72
2406,SZSE.002100,天康生物,10.27,10.27,10.27,10.10,10.13,-1.36,1.66,8839267,89706952.02,2021-04-27,0.82,10893402300.59,10893402300.59,1.66,6.33
2407,SZSE.002101,广东鸿图,7.51,7.57,7.57,7.30,7.35,-2.13,3.60,7713603,56971259.54,2021-04-27,1.46,3895965740.10,3887171465.10,0.84,14.53
2408,SZSE.002102,冠福股份,2.06,2.05,2.07,1.99,2.01,-2.43,3.88,21998524,44408019.90,2021-04-27,1.12,5294010942.90,3948636463.53,1.57,55.76
2409,SZSE.002103,广博股份,4.20,4.19,4.24,4.06,4.14,-1.43,4.29,12689314,52419335.34,2021-04-27,3.01,2211890025.42,1744912345.68,2.78,-9.35
2410,SZSE.002104,恒宝股份,5.88,5.86,6.03,5.82,6.03,2.55,3.57,8858381,52549614.91,2021-04-27,1.51,4202435764.62,3546343875.87,2.18,2437.03
2411,SZSE.002105,信隆健康,8.49,8.46,8.50,8.15,8.35,-1.65,4.12,4854905,40261092.81,2021-04-27,1.32,3076975000.00,3076975000.00,4.31,18.63
2412,SZSE.002106,莱宝高科,12.24,12.28,12.36,12.06,12.13,-0.90,2.45,13468243,164044571.69,2021-04-27,1.91,8561550020.80,8541207986.54,1.87,19.54
2413,SZSE.002107,沃华医药,7.61,7.58,7.64,7.45,7.57,-0.53,2.50,2306537,17379769.71,2021-04-27,0.41,4369476672.00,4264353785.25,5.09,23.54
2414,SZSE.002108,沧州明珠,4.53,4.53,4.53,4.39,4.45,-1.77,3.09,22026558,97784638.94,2021-04-27,1.55,6309762685.55,6309762685.55,1.75,16.51
2415,SZSE.002109,兴化股份,4.66,4.63,4.71,4.55,4.66,0.00,3.43,22946878,106210452.14,2021-04-27,2.18,4906722716.74,4906722716.74,1.21,15.10
2416,SZSE.002110,三钢闽光,8.40,8.41,8.63,8.27,8.38,-0.24,4.29,34588634,291001262.88,2021-04-27,1.57,20544208874.44,18466030207.66,0.97,8.04
2417,SZSE.002111,威海广泰,19.26,19.13,19.23,18.78,19.09,-0.88,2.34,3855169,73215325.51,2021-04-27,1.14,7289087051.36,6454995126.46,2.20,19.04
2418,SZSE.002112,三变科技,7.12,7.11,7.17,7.02,7.16,0.56,2.11,1759900,12470891.00,2021-04-27,0.89,1443456000.00,1423428713.88,3.55,45.50
2419,SZSE.002113,*ST天润,1.51,1.50,1.54,1.45,1.54,1.99,5.96,20282087,30154901.59,2021-04-27,2.10,2326242415.42,1484066408.44,5.82,-1.25
2420,SZSE.002114,罗平锌电,6.35,6.38,6.54,6.32,6.45,1.57,3.46,5976112,38397035.44,2021-04-27,1.85,2085899472.15,2085870808.35,1.44,-23.27
2421,SZSE.002115,三维通信,5.33,5.33,5.35,5.21,5.25,-1.50,2.63,5110136,26866359.53,2021-04-27,0.89,3764055324.75,3029656565.25,1.50,214.18
2422,SZSE.002116,中国海诚,6.12,6.11,6.13,6.03,6.10,-0.33,1.63,819576,4972570.66,2021-04-27,0.20,2547536521.80,2539310427.80,1.78,37.32
2423,SZSE.002117,东港股份,8.48,8.49,8.73,8.43,8.69,2.48,3.54,9732396,83756203.04,2021-04-27,1.78,4741841198.49,4740318058.74,2.91,27.86
2424,SZSE.002118,*ST紫鑫,3.12,3.12,3.13,3.05,3.08,-1.28,2.56,17286594,53226473.62,2021-04-27,1.35,3944740264.08,3944490642.40,1.08,-5.59
2425,SZSE.002119,康强电子,10.86,10.88,11.00,10.53,10.70,-1.47,4.33,15515561,166743532.56,2021-04-27,4.22,4015538800.00,3932287450.00,4.04,45.67
2426,SZSE.002120,韵达股份,15.64,16.08,16.34,15.46,15.90,1.66,5.63,50004131,792723721.26,2021-04-27,1.79,46096042312.20,44464320823.50,3.16,26.93
2427,SZSE.002121,科陆电子,3.64,3.65,3.66,3.56,3.60,-1.10,2.75,5856687,21106662.38,2021-04-27,0.55,5070056929.20,3832820856.00,3.64,27.36
2428,SZSE.002122,汇洲智能,2.98,2.99,3.13,2.99,3.03,1.68,4.70,24736224,76200294.20,2021-04-27,2.08,3641261595.00,3599640000.00,2.25,20.76
2429,SZSE.002123,梦网科技,14.89,14.99,14.99,14.20,14.38,-3.43,5.31,7272204,105290904.76,2021-04-27,1.09,11669961118.66,9558069596.86,2.62,101.58
2430,SZSE.002124,天邦食品,14.59,14.62,14.73,14.16,14.34,-1.71,3.91,20456303,293287879.70,2021-04-27,1.99,18838587332.46,14722670084.34,2.13,5.81
2431,SZSE.002125,湘潭电化,7.09,7.08,7.12,6.83,6.91,-2.54,4.09,9526016,66016861.09,2021-04-27,1.61,4349718636.83,4099356325.30,2.43,171.94
2432,SZSE.002126,银轮股份,10.52,10.50,10.57,9.91,10.03,-4.66,6.27,13278374,134436012.59,2021-04-27,1.76,7944713893.12,7583418238.09,1.94,24.70
2433,SZSE.002127,南极电商,8.08,8.04,8.43,7.86,8.32,2.97,7.05,103663336,842073621.85,2021-04-27,5.27,20424521752.96,16368695840.64,3.97,17.19
2434,SZSE.002128,电投能源,10.70,10.71,10.89,10.46,10.73,0.28,4.02,23699158,252766394.54,2021-04-27,1.34,20618483579.89,18964329590.43,1.10,9.96
2435,SZSE.002129,TCL中环,27.45,28.01,28.94,27.54,27.79,1.24,5.10,56955257,1602180647.81,2021-04-27,1.94,84285028602.18,81452691255.18,4.27,77.40
2436,SZSE.002130,沃尔核材,6.49,6.45,6.48,6.26,6.36,-2.00,3.39,30275976,191730075.49,2021-04-27,2.43,8006776114.32,7929926281.80,2.38,15.72
2437,SZSE.002131,利欧股份,2.59,2.58,2.61,2.57,2.59,0.00,1.54,67297617,173962450.74,2021-04-27,1.16,17494942890.95,14989213954.05,1.40,3.67
2438,SZSE.002132,恒星科技,3.26,3.25,3.26,3.11,3.14,-3.68,4.60,41090905,129370205.96,2021-04-27,3.28,3945404985.42,3935722167.42,1.39,23.82
2439,SZSE.002133,广宇集团,2.94,2.95,3.02,2.93,2.98,1.36,3.06,9954316,29700970.13,2021-04-27,1.29,2306949641.50,2294213198.98,0.63,7.83
2440,SZSE.002134,天津普林,8.52,8.47,8.50,8.24,8.32,-2.35,3.05,1050583,8761524.90,2021-04-27,0.43,2045470069.76,2045470069.76,5.12,292.52
2441,SZSE.002135,东南网架,7.05,7.30,7.56,7.15,7.24,2.70,5.82,16538694,121189791.81,2021-04-27,1.73,7489071928.00,6939619509.68,1.65,27.65
2442,SZSE.002136,安纳达,9.50,9.45,9.59,9.11,9.25,-2.63,5.05,7978498,74080941.32,2021-04-27,3.72,1988935000.00,1981961980.00,2.52,27.67
2443,SZSE.002137,实益达,5.82,5.72,5.72,5.48,5.57,-4.30,4.12,20589742,114602157.48,2021-04-27,5.43,3216702036.78,2113516509.27,2.20,162.94
2444,SZSE.002138,顺络电子,35.14,35.25,35.89,34.81,34.83,-0.88,3.07,8793806,309936041.74,2021-04-27,1.24,28084068269.82,24672036345.30,5.76,41.00
2445,SZSE.002139,拓邦股份,13.44,13.55,13.83,13.40,13.60,1.19,3.20,36775023,501178150.84,2021-04-27,3.86,15587631962.40,12946929523.20,4.17,21.96
2446,SZSE.002140,东华科技,6.61,6.60,6.62,6.46,6.49,-1.82,2.42,1987128,12939967.66,2021-04-27,0.37,3539071245.60,3460602829.75,1.46,17.87
2447,SZSE.002141,贤丰控股,2.87,2.87,2.92,2.75,2.78,-3.14,5.92,21990039,61653717.83,2021-04-27,1.94,3154345122.82,3154268394.82,4.00,-5.79
2448,SZSE.002142,宁波银行,41.71,41.71,41.80,41.00,41.27,-1.05,1.92,15998595,661834838.75,2021-04-27,0.27,247950832123.22,244659184713.88,2.29,15.71
2449,SZSE.002144,宏达高科,8.68,8.68,8.69,8.50,8.55,-1.50,2.19,1564839,13381643.89,2021-04-27,1.12,1511319614.40,1194467233.50,0.85,23.63
2450,SZSE.002145,中核钛白,10.89,10.60,11.29,10.55,10.79,-0.92,6.80,77262727,838998129.44,2021-04-27,4.86,22159135133.59,17167267391.04,3.62,36.91
2451,SZSE.002146,荣盛发展,6.40,6.39,6.44,6.36,6.44,0.63,1.25,13335043,85274737.51,2021-04-27,0.34,28002175200.44,25072394650.52,0.58,3.24
2452,SZSE.002147,新光退,1.72,1.72,1.81,1.72,1.81,5.23,5.23,20458602,36231158.56,2021-04-27,3.81,3308818311.15,971960955.43,-5.11,-1.02
2453,SZSE.002148,北纬科技,4.19,4.18,4.19,4.09,4.12,-1.67,2.39,4489788,18476772.48,2021-04-27,0.98,2330987755.24,1895250193.96,2.06,149.96
2454,SZSE.002149,西部材料,12.83,12.83,13.60,12.75,13.58,5.85,6.63,22513302,296727366.49,2021-04-27,5.29,6629949840.92,5777125840.92,2.56,83.49
2455,SZSE.002150,通润装备,5.94,5.94,6.04,5.88,6.01,1.18,2.69,1148711,6842419.85,2021-04-27,0.32,2142667488.53,2134077095.03,1.52,16.13
2456,SZSE.002151,北斗星通,41.01,40.83,40.84,40.26,40.34,-1.63,1.41,5302481,214402045.54,2021-04-27,1.40,20481828078.98,15283866876.16,4.81,122.33
2457,SZSE.002152,广电运通,12.22,12.15,12.73,12.10,12.53,2.54,5.16,73059016,910762206.93,2021-04-27,3.05,31116787711.94,29999830495.39,2.89,44.43
2458,SZSE.002153,石基信息,29.80,29.77,29.95,29.23,29.36,-1.48,2.42,2046771,60200188.14,2021-04-27,0.33,31447853692.88,18429205235.36,3.73,234.13
2459,SZSE.002154,报喜鸟,3.88,3.88,4.11,3.85,4.06,4.64,6.70,47146300,189009723.48,2021-04-27,4.25,4943504208.44,4506440856.12,1.45,13.49
2460,SZSE.002155,湖南黄金,8.00,8.03,8.13,7.89,8.01,0.12,3.00,12253208,97858539.68,2021-04-27,1.02,9628336186.74,9626586762.69,1.85,28.52
2461,SZSE.002156,通富微电,20.60,20.41,20.45,19.72,19.79,-3.93,3.54,28181192,563274385.88,2021-04-27,2.44,26301640805.12,22827850235.53,2.71,77.72
2462,SZSE.002157,*ST正邦,14.02,13.95,14.06,13.62,13.75,-1.93,3.14,17941357,247042141.64,2021-04-27,0.78,43299007853.75,31675414828.75,1.85,7.54
2463,SZSE.002158,汉钟精机,24.75,24.65,25.00,23.95,24.43,-1.29,4.24,4297630,105006303.19,2021-04-27,0.81,13067162496.15,12965756180.16,5.51,35.99
2464,SZSE.002159,三特索道,12.60,12.62,12.82,12.11,12.28,-2.54,5.63,2061700,25470130.00,2021-04-27,1.49,2177260271.00,1694995935.80,1.55,76.34
2465,SZSE.002160,常铝股份,4.29,4.24,4.45,4.14,4.29,0.00,7.23,64459604,276531805.75,2021-04-27,8.89,3413046677.04,3112159045.71,1.11,154.08
2466,SZSE.002161,远望谷,4.94,4.92,4.95,4.74,4.92,-0.40,4.25,18728300,90625202.00,2021-04-27,2.63,3639606408.00,3506160672.36,2.54,-8.31
2467,SZSE.002162,悦心健康,5.93,5.76,6.10,5.35,5.94,0.17,12.65,80919815,465666646.49,2021-04-27,9.48,5071423500.00,5069454390.00,4.96,78.34
2468,SZSE.002163,海南发展,19.02,19.48,19.68,18.71,18.87,-0.79,5.10,10704561,203957928.57,2021-04-27,1.33,15162988500.00,15162988500.00,18.22,92.81
2469,SZSE.002164,宁波东力,7.59,7.53,7.53,6.83,6.83,-10.01,9.22,30626031,212853989.66,2021-04-27,6.46,3634746295.87,3236951844.48,5.62,2.45
2470,SZSE.002165,红宝丽,5.01,5.02,5.02,4.91,4.92,-1.80,2.20,6395546,31560064.24,2021-04-27,1.08,2962125901.20,2922921417.48,1.75,24.20
2471,SZSE.002166,莱茵生物,8.25,8.26,8.34,8.13,8.14,-1.33,2.55,7031869,57771570.97,2021-04-27,1.55,4600847983.60,3681498215.12,2.54,53.50
2472,SZSE.002167,东方锆业,5.30,5.35,5.35,5.19,5.25,-0.94,3.02,5301923,27860333.61,2021-04-27,0.93,4049844750.00,2994185250.00,3.67,-35.44
2473,SZSE.002168,惠程科技,4.36,4.26,4.35,4.17,4.19,-3.90,4.13,42242926,178965832.21,2021-04-27,5.33,3360084889.92,3322076666.67,4.22,-18.37
2474,SZSE.002169,智光电气,8.46,8.36,8.40,8.21,8.37,-1.06,2.25,20419965,169793385.89,2021-04-27,2.67,6593818989.78,6390347830.29,1.61,27.50
2475,SZSE.002170,芭田股份,3.91,3.90,3.90,3.85,3.87,-1.02,1.28,5909600,22853270.00,2021-04-27,0.85,3432158366.49,2682764116.74,1.72,60.98
2476,SZSE.002171,楚江新材,8.00,8.00,8.24,7.97,8.16,2.00,3.38,40276401,327565876.74,2021-04-27,3.24,10882829363.04,10148705138.40,1.92,22.27
2477,SZSE.002172,澳洋健康,4.92,4.88,5.19,4.70,4.97,1.02,9.96,74518768,367229037.36,2021-04-27,9.64,3859112369.14,3841423065.62,3.90,-8.41
2478,SZSE.002173,创新医疗,7.41,7.16,7.38,6.80,7.28,-1.75,7.83,16974275,120020914.69,2021-04-27,4.58,3302278106.40,2700207095.04,1.58,-10.50
2479,SZSE.002174,游族网络,13.90,13.84,14.33,13.75,13.90,0.00,4.17,21410601,299845499.13,2021-04-27,3.10,12729951848.60,9588171391.70,2.49,114.14
2480,SZSE.002175,东方智造,1.60,1.68,1.68,1.55,1.64,2.50,8.12,81056256,133636375.60,2021-04-27,10.75,1236196267.68,1236147977.88,-1.32,-1.15
2481,SZSE.002176,江特电机,6.70,6.70,6.70,6.26,6.35,-5.22,6.57,71035739,458256724.77,2021-04-27,4.16,10835167439.35,10830392061.55,6.60,100.93
2482,SZSE.002177,御银股份,9.00,9.04,9.72,8.91,9.25,2.78,9.00,153843999,1435636289.18,2021-04-27,20.21,7041019469.50,7041019469.50,4.21,98.12
2483,SZSE.002178,延华智能,3.15,3.15,3.16,3.02,3.05,-3.17,4.44,11556915,35450580.45,2021-04-27,1.62,2172066653.05,2169332678.80,3.94,-7.99
2484,SZSE.002179,中航光电,73.03,73.25,74.28,71.57,72.43,-0.82,3.71,7057070,512438788.25,2021-04-27,0.66,79737004797.54,77354266468.37,7.63,55.41
2485,SZSE.002180,纳思达,24.64,24.63,24.90,24.33,24.66,0.08,2.31,2664093,65559811.65,2021-04-27,0.26,26498150013.06,24831009874.62,3.02,301.31
2486,SZSE.002181,粤传媒,4.21,4.19,4.26,4.19,4.25,0.95,1.66,3047489,12859622.87,2021-04-27,0.27,4934497239.50,4821338452.25,1.16,15.74
2487,SZSE.002182,宝武镁业,11.05,11.11,11.23,10.92,11.10,0.45,2.81,7643389,84644194.43,2021-04-27,1.45,7175290171.80,5861941879.20,2.48,29.44
2488,SZSE.002183,怡亚通,4.81,4.80,4.93,4.77,4.85,0.83,3.33,18924947,92104373.61,2021-04-27,0.89,10295084422.15,10291701367.70,1.69,83.40
2489,SZSE.002184,海得控制,17.21,17.15,17.18,16.44,16.63,-3.37,4.30,6930757,115618425.22,2021-04-27,4.41,3981113056.87,2610732957.02,3.67,31.34
2490,SZSE.002185,华天科技,12.50,12.47,12.47,12.15,12.21,-2.32,2.56,42840445,524689790.89,2021-04-27,1.56,33455446080.54,33445497299.28,3.78,36.33
2491,SZSE.002186,全聚德,10.51,10.65,10.65,10.32,10.38,-1.24,3.14,1993800,20780433.00,2021-04-27,0.65,3201855852.90,3197597457.90,2.81,-12.23
2492,SZSE.002187,广百股份,8.13,8.06,8.18,8.05,8.14,0.12,1.60,2059524,16744808.44,2021-04-27,0.60,2787319703.52,2787319703.52,1.04,41.15
2493,SZSE.002188,中天服务,3.20,3.17,3.18,3.05,3.05,-4.69,4.06,1937500,6006348.05,2021-04-27,0.80,892242653.75,734693933.85,-9.03,-7.84
2494,SZSE.002189,中光学,16.90,16.90,16.98,16.30,16.47,-2.54,4.02,3316841,54900740.45,2021-04-27,1.49,4323789484.02,3657696222.15,2.90,24.58
2495,SZSE.002190,成飞集成,24.05,24.19,24.23,23.35,23.70,-1.46,3.66,2053964,48544738.76,2021-04-27,0.57,8501885429.10,8501885429.10,3.34,71.52
2496,SZSE.002191,劲嘉股份,10.42,10.34,10.45,10.23,10.30,-1.15,2.11,16823500,173765354.00,2021-04-27,1.17,15088165635.00,14863940001.30,1.99,18.32
2497,SZSE.002192,融捷股份,62.70,62.68,64.48,59.72,61.01,-2.70,7.59,14465077,892087795.03,2021-04-27,5.58,15841563935.03,15808925110.28,27.72,752.75
2498,SZSE.002193,如意集团,5.84,5.85,5.95,5.76,5.94,1.71,3.25,2328293,13644763.10,2021-04-27,0.89,1554590367.00,1549926207.72,0.58,-744.14
2499,SZSE.002194,武汉凡谷,12.85,12.82,13.19,12.75,13.09,1.87,3.42,6579576,85244001.40,2021-04-27,1.34,8853278897.54,6438676422.64,4.02,37.66
2500,SZSE.002195,岩山科技,1.80,1.79,1.84,1.73,1.81,0.56,6.11,99275116,176658097.31,2021-04-27,1.76,10361974270.03,10198267844.44,1.15,30.87
2501,SZSE.002196,方正电机,6.59,6.59,6.63,6.45,6.48,-1.67,2.73,10772342,70113246.04,2021-04-27,2.64,3037143146.40,2648843136.72,2.07,-4.68
2502,SZSE.002197,证通电子,7.93,7.91,8.04,7.70,7.84,-1.13,4.29,6665900,52579918.42,2021-04-27,1.53,4038830472.32,3410945522.88,1.67,283.98
2503,SZSE.002199,东晶电子,6.52,6.40,6.50,6.26,6.32,-3.07,3.68,3128400,19863536.98,2021-04-27,1.29,1538555734.16,1538555734.16,3.73,192.91
2504,SZSE.002200,ST交投,5.24,5.17,5.22,5.00,5.06,-3.44,4.20,820000,4162692.00,2021-04-27,0.48,931712423.40,869255694.78,8.98,-9.88
2505,SZSE.002201,正威新材,12.02,12.18,12.27,11.95,12.23,1.75,2.66,4621404,56195520.00,2021-04-27,1.39,4066077158.10,4055894557.94,4.11,117.81
2506,SZSE.002202,金风科技,13.10,13.10,13.10,12.21,12.25,-6.49,6.79,99245923,1237574557.07,2021-04-27,2.92,51757078675.75,41570172936.25,1.61,17.02
2507,SZSE.002203,海亮股份,10.41,10.41,10.55,10.31,10.35,-0.58,2.31,7174723,74445913.26,2021-04-27,0.39,20242538393.85,19158110271.45,2.14,29.87
2508,SZSE.002204,大连重工,3.76,3.79,3.80,3.66,3.69,-1.86,3.72,12198536,45115799.16,2021-04-27,0.63,7126755418.08,7126755418.08,1.07,120.08
2509,SZSE.002205,国统股份,6.86,6.84,6.89,6.72,6.81,-0.73,2.48,3138020,21287055.96,2021-04-27,1.69,1265592382.68,1265592382.68,1.52,76.98
2510,SZSE.002206,海利得,6.38,6.31,6.31,6.10,6.12,-4.08,3.29,12657669,78203558.29,2021-04-27,1.31,7484935307.40,5895789748.56,2.48,29.75
2511,SZSE.002207,准油股份,5.38,5.32,5.38,5.23,5.38,0.00,2.79,3911801,20694035.25,2021-04-27,1.65,1409857933.64,1277906961.50,10.84,-124.85
2512,SZSE.002208,合肥城建,7.23,7.31,7.64,7.30,7.59,4.98,4.70,25231903,189497669.92,2021-04-27,4.05,6096985475.46,4722931996.20,1.06,6.88
2513,SZSE.002209,达意隆,6.43,6.37,6.43,6.22,6.30,-2.02,3.27,2405056,15113136.18,2021-04-27,1.56,1230037515.00,973504866.60,1.94,69.04
2514,SZSE.002210,飞马国际,3.08,3.00,3.06,2.93,3.01,-2.27,4.22,31265278,92496118.80,2021-04-27,1.18,8010310649.74,8005003733.79,61.46,-0.63
2515,SZSE.002211,宏达新材,5.09,5.09,5.11,4.92,4.99,-1.96,3.73,4267200,21251117.00,2021-04-27,1.38,2158054137.21,1547839512.21,2.86,42.42
2516,SZSE.002212,天融信,19.00,18.96,19.07,18.65,18.83,-0.89,2.21,4311821,81271899.29,2021-04-27,0.38,22161637958.18,21102378056.83,2.48,55.39
2517,SZSE.002213,大为股份,14.22,14.25,15.28,14.18,15.03,5.70,7.74,7082175,104176894.20,2021-04-27,3.44,3096180000.00,3096180000.00,8.19,344.26
2518,SZSE.002214,大立科技,23.19,23.15,23.19,22.90,23.10,-0.39,1.25,2584217,59429516.36,2021-04-27,0.72,11548283762.40,8258696430.60,4.63,29.58
2519,SZSE.002215,诺普信,5.45,5.46,5.47,5.36,5.45,0.00,2.02,5388400,29211802.00,2021-04-27,0.75,4979972292.80,3903364539.65,1.98,27.08
2520,SZSE.002216,三全食品,19.70,19.71,19.71,19.07,19.32,-1.93,3.25,13177514,254253033.79,2021-04-27,2.33,15441668926.32,10922515902.48,4.82,22.50
2521,SZSE.002217,合力泰,3.28,3.26,3.28,3.18,3.20,-2.44,3.05,20312273,65288293.60,2021-04-27,0.65,9972531904.00,9961965884.80,1.11,9.65
2522,SZSE.002218,拓日新能,4.40,4.41,4.43,4.26,4.35,-1.14,3.86,10132738,43735911.26,2021-04-27,0.83,5378088152.40,5288381147.40,1.70,33.32
2523,SZSE.002219,新里程,3.64,3.46,3.64,3.46,3.46,-4.95,4.95,50973894,177332949.50,2021-04-27,2.76,6453718047.80,6380540795.10,74.51,-123.53
2524,SZSE.002221,东华能源,11.28,11.25,11.44,11.22,11.29,0.09,1.95,10325800,116928494.10,2021-04-27,0.67,18617467682.96,17293014864.26,1.76,15.38
2525,SZSE.002222,福晶科技,15.46,15.59,15.72,14.91,15.09,-2.39,5.24,20987943,318750740.52,2021-04-27,4.96,6450975000.00,6381938234.91,5.78,41.14
2526,SZSE.002223,鱼跃医疗,29.20,29.93,31.98,28.93,31.15,6.68,10.45,70088043,2118894246.65,2021-04-27,8.33,31227156338.35,26196935127.30,4.14,17.75
2527,SZSE.002224,三力士,5.22,5.20,5.22,5.15,5.20,-0.38,1.34,2883234,14944877.78,2021-04-27,0.53,3793764291.20,2821418475.20,1.65,22.41
2528,SZSE.002225,濮耐股份,4.44,4.42,4.44,4.25,4.33,-2.48,4.28,6881755,29643597.30,2021-04-27,0.85,4374689652.88,3515010560.90,1.44,14.47
2529,SZSE.002226,江南化工,6.91,6.93,6.94,6.83,6.86,-0.72,1.59,4719000,32431410.00,2021-04-27,0.49,8568014393.40,6573712100.20,1.32,15.44
2530,SZSE.002227,奥特迅,13.44,13.41,13.41,13.10,13.17,-2.01,2.31,1195727,15790978.85,2021-04-27,0.54,2905267758.00,2901487151.46,3.55,460.07
2531,SZSE.002228,合兴包装,3.78,3.78,3.79,3.72,3.73,-1.32,1.85,9675929,36263449.01,2021-04-27,0.78,4620087434.47,4604929012.87,1.33,15.93
2532,SZSE.002229,鸿博股份,6.67,6.68,7.00,6.68,6.76,1.35,4.80,5945471,40546472.34,2021-04-27,1.19,3368807217.88,3368201150.08,1.99,132.33
2533,SZSE.002230,科大讯飞,50.37,50.54,51.33,49.33,51.24,1.73,3.97,35170483,1773543853.62,2021-04-27,1.71,113995560619.08,105124021763.88,8.88,69.73
2534,SZSE.002231,奥维通信,4.90,4.90,4.90,4.76,4.80,-2.04,2.86,3168426,15255366.10,2021-04-27,0.89,1712640000.00,1712640000.00,3.92,-11.05
2535,SZSE.002232,启明信息,11.01,11.06,11.06,10.63,10.68,-3.00,3.91,6051490,65057541.57,2021-04-27,1.48,4363297499.40,4363297499.40,3.34,34.44
2536,SZSE.002233,塔牌集团,12.29,12.28,12.35,12.19,12.28,-0.08,1.30,12038420,147716737.07,2021-04-27,1.01,14641137196.48,14636045220.80,1.36,8.09
2537,SZSE.002234,民和股份,15.02,15.29,15.30,14.97,15.06,0.27,2.20,2902898,43853224.60,2021-04-27,1.41,5255340792.72,3104679752.04,1.91,96.41
2538,SZSE.002235,安妮股份,4.78,4.65,4.76,4.55,4.65,-2.72,4.39,34127554,159000221.04,2021-04-27,6.27,2695011120.60,2529689168.40,2.18,-4.33
2539,SZSE.002236,大华股份,24.17,23.99,24.03,22.90,23.39,-3.23,4.68,41738011,975793362.98,2021-04-27,2.14,70066606610.10,45698721980.98,3.38,17.82
2540,SZSE.002237,恒邦股份,12.27,12.24,12.27,11.94,12.13,-1.14,2.69,9061454,109577999.45,2021-04-27,1.00,13925414672.00,11043099234.50,1.82,33.81
2541,SZSE.002238,天威视讯,6.12,6.11,6.16,6.05,6.16,0.65,1.80,1376012,8388790.56,2021-04-27,0.17,4943764425.60,4943764425.60,2.21,27.14
2542,SZSE.002239,奥特佳,3.76,3.76,3.85,3.65,3.77,0.27,5.32,40422906,150255458.51,2021-04-27,1.29,12227083202.88,11805225002.09,2.26,-41.28
2543,SZSE.002240,盛新锂能,25.52,25.79,26.05,24.81,25.50,-0.08,4.86,36664738,929518770.74,2021-04-27,5.27,19117580979.00,17757636883.50,5.74,101.47
2544,SZSE.002241,歌尔股份,37.23,36.95,38.13,36.01,37.34,0.30,5.69,100209173,3704814449.99,2021-04-27,3.37,127565427484.24,111169662191.74,5.41,36.24
2545,SZSE.002242,九阳股份,32.20,32.13,33.28,32.05,33.19,3.07,3.82,3170643,104308251.66,2021-04-27,0.41,25462339110.00,25364976908.80,5.70,27.09
2546,SZSE.002243,力合科创,9.87,9.77,9.83,8.88,9.54,-3.34,9.63,5203623,50083076.76,2021-04-27,1.05,11549164249.26,4742458058.16,1.96,19.57
2547,SZSE.002244,滨江集团,4.48,4.48,4.52,4.47,4.50,0.45,1.12,8969744,40337721.16,2021-04-27,0.33,14001497505.00,12115752030.00,0.75,8.44
2548,SZSE.002245,蔚蓝锂芯,11.68,11.64,11.76,11.33,11.47,-1.80,3.68,24983419,287452076.31,2021-04-27,2.58,11880872903.22,11114269729.69,3.85,42.74
2549,SZSE.002246,北化股份,6.68,6.65,7.28,6.64,7.05,5.54,9.58,11068573,77482289.80,2021-04-27,2.02,3870695297.70,3870695297.70,1.46,42.92
2550,SZSE.002247,聚力文化,2.20,2.18,2.18,2.10,2.13,-3.18,3.64,12443848,26512025.72,2021-04-27,2.11,1812353204.37,1259066063.64,2.92,8.96
2551,SZSE.002248,华东数控,5.78,5.77,5.85,5.50,5.57,-3.63,6.06,14629723,82537548.03,2021-04-27,4.93,1712750492.00,1652175226.96,31.88,-24.48
2552,SZSE.002249,大洋电机,4.91,4.88,4.88,4.68,4.71,-4.07,4.07,65962748,313170644.97,2021-04-27,3.92,11141647072.44,7931192832.60,1.28,52.90
2553,SZSE.002250,联化科技,23.05,23.07,23.19,22.83,22.97,-0.35,1.56,4107304,94372892.85,2021-04-27,0.45,21206966500.32,21091364554.40,3.47,192.73
2554,SZSE.002251,*ST步高,7.42,7.39,7.42,7.28,7.31,-1.48,1.89,3200040,23441563.40,2021-04-27,0.37,6315137881.81,6315137881.81,0.92,56.53
2555,SZSE.002252,上海莱士,7.90,7.84,7.99,7.73,7.94,0.51,3.29,33940700,266609671.87,2021-04-27,0.68,53521855981.58,39479900810.06,2.09,37.19
2556,SZSE.002253,川大智胜,13.88,13.80,13.95,13.40,13.46,-3.03,3.96,1814482,24682249.69,2021-04-27,0.88,3036927238.70,2791230067.74,2.11,43.58
2557,SZSE.002254,泰和新材,16.32,16.36,16.49,16.10,16.14,-1.10,2.39,3431223,55712826.28,2021-04-27,0.87,11046127262.28,6358485251.16,3.03,42.38
2558,SZSE.002255,海陆重工,4.73,4.75,4.75,4.62,4.67,-1.27,2.75,6908052,32130555.80,2021-04-27,1.07,3933405826.85,3008561492.61,1.37,-2.13
2559,SZSE.002256,兆新股份,1.66,1.68,1.74,1.67,1.74,4.82,4.22,76460276,132375626.68,2021-04-27,5.50,3275396657.28,2420673030.78,2.00,58.86
2560,SZSE.002258,利尔化学,22.99,22.83,22.87,22.31,22.73,-1.13,2.44,4943020,111603005.39,2021-04-27,0.95,11925141367.99,11865703781.79,3.06,19.48
2561,SZSE.002259,ST升达,3.86,3.85,3.91,3.82,3.84,-0.52,2.33,2058500,7915600.00,2021-04-27,0.27,2888940545.28,2888940545.28,37.46,27.45
2562,SZSE.002261,拓维信息,6.61,6.57,6.68,6.52,6.54,-1.06,2.42,12263315,80527607.69,2021-04-27,1.30,7199015355.96,6172253151.30,2.82,150.55
2563,SZSE.002262,恩华药业,15.26,15.24,15.40,15.15,15.40,0.92,1.64,3518554,53808890.15,2021-04-27,0.40,15518008536.80,13527617565.00,3.62,21.29
2564,SZSE.002263,大东南,2.86,2.85,2.89,2.82,2.89,1.05,2.45,23747654,67633490.28,2021-04-27,1.26,5428460689.00,5428408669.00,2.21,30.68
2565,SZSE.002264,新华都,4.17,4.16,4.23,4.12,4.21,0.96,2.64,6770360,28331378.50,2021-04-27,1.01,2882013934.80,2825139781.80,2.63,17.72
2566,SZSE.002265,建设工业,6.73,6.73,6.95,6.60,6.64,-1.34,5.20,1050300,7017714.00,2021-04-27,0.34,2115279382.08,2026732996.72,2.42,-35.99
2567,SZSE.002266,浙富控股,5.41,5.39,5.46,5.37,5.43,0.37,1.66,10393026,56247159.02,2021-04-27,0.63,29157992073.66,8891890624.74,3.53,21.41
2568,SZSE.002267,陕天然气,6.73,6.73,6.73,6.63,6.67,-0.89,1.49,2081300,13878987.00,2021-04-27,0.19,7417543218.15,7417543218.15,1.14,19.01
2569,SZSE.002268,电科网安,17.90,17.91,18.08,17.54,17.55,-1.96,3.02,4859714,86092730.89,2021-04-27,0.58,14852470282.65,14684536666.80,3.14,67.19
2570,SZSE.002269,美邦服饰,2.47,2.54,2.72,2.50,2.72,10.12,8.91,197510274,516702934.30,2021-04-27,7.86,6834000000.00,6834000000.00,5.23,-7.95
2571,SZSE.002270,华明装备,4.73,4.70,4.71,4.56,4.58,-3.17,3.17,4611618,21260692.30,2021-04-27,0.61,3477315215.40,3477249437.44,1.31,22.22
2572,SZSE.002271,东方雨虹,58.25,57.67,58.15,56.40,57.62,-1.08,3.00,16904851,969478026.79,2021-04-27,1.01,145407608559.44,96900042156.64,6.35,40.91
2573,SZSE.002272,川润股份,5.58,5.55,5.58,5.28,5.31,-4.84,5.38,17245211,92558779.48,2021-04-27,5.27,2283289380.00,1738940374.53,1.62,26.17
2574,SZSE.002273,水晶光电,12.24,12.24,12.40,11.80,11.96,-2.29,4.90,30614549,368437196.55,2021-04-27,2.59,14563552450.72,14113964963.80,2.54,31.67
2575,SZSE.002274,华昌化工,6.87,6.81,6.98,6.79,6.87,0.00,2.77,31785493,218229278.32,2021-04-27,3.39,6542745118.02,6444054023.10,2.12,35.83
2576,SZSE.002275,桂林三金,13.50,13.44,13.70,13.30,13.70,1.48,2.96,1393376,18858445.97,2021-04-27,0.26,8085740000.00,7376828020.00,2.64,29.19
2577,SZSE.002276,万马股份,6.36,6.34,6.35,6.17,6.20,-2.52,2.83,5938000,37033908.72,2021-04-27,0.57,6420032407.60,6418420407.60,1.46,28.78
2578,SZSE.002277,友阿股份,3.34,3.35,3.35,3.30,3.34,0.00,1.50,5367800,17848589.00,2021-04-27,0.39,4656537152.00,4656537152.00,0.67,33.49
2579,SZSE.002278,神开股份,6.20,6.18,6.24,6.11,6.23,0.48,2.10,1473530,9101842.80,2021-04-27,0.44,2267157107.04,2100227266.13,2.02,65.44
2580,SZSE.002279,久其软件,4.50,4.50,4.55,4.46,4.54,0.89,2.00,3742411,16863677.23,2021-04-27,0.58,3229113172.32,2912343193.90,3.75,32.11
2581,SZSE.002280,联络互动,3.31,3.35,3.43,3.30,3.37,1.81,3.93,36391307,122310907.62,2021-04-27,2.07,7336994404.75,5935917093.47,3.74,55.52
2582,SZSE.002281,光迅科技,22.94,22.90,23.35,22.88,23.12,0.78,2.05,8141970,188168844.13,2021-04-27,1.23,16134336344.16,15338011109.20,3.09,25.83
2583,SZSE.002282,博深股份,11.49,11.69,11.69,11.36,11.48,-0.09,2.87,3802567,43735369.03,2021-04-27,1.19,6244481298.72,3673210678.76,1.91,37.58
2584,SZSE.002283,天润工业,6.07,6.10,6.19,6.02,6.17,1.65,2.80,7074380,43219265.77,2021-04-27,0.71,7001965132.26,6114895890.42,1.35,13.79
2585,SZSE.002284,亚太股份,7.50,7.37,7.45,6.75,6.75,-10.00,9.33,84920584,592269539.13,2021-04-27,12.38,4979015568.00,4630468970.25,2.00,304.36
2586,SZSE.002285,世联行,5.84,5.94,5.99,5.80,5.89,0.86,3.25,24230742,142526649.41,2021-04-27,1.20,11977780734.08,11860907372.44,2.35,108.01
2587,SZSE.002286,保龄宝,11.24,11.22,11.89,11.13,11.56,2.85,6.76,22739204,261153469.34,2021-04-27,6.16,4268599360.00,4268570321.28,2.66,87.46
2588,SZSE.002287,奇正藏药,26.03,26.05,26.50,25.31,26.49,1.77,4.57,4171996,108371876.51,2021-04-27,0.79,14048859367.83,13985134891.38,5.42,30.51
2589,SZSE.002288,超华科技,7.70,7.65,7.66,7.11,7.26,-5.71,7.14,24290681,178185432.13,2021-04-27,2.61,6763733581.44,6746695218.12,4.18,315.05
2590,SZSE.002290,禾盛新材,7.88,8.24,8.60,7.91,8.18,3.81,8.76,14207274,117484071.50,2021-04-27,6.56,1985386859.40,1770757696.28,4.17,-2.50
2591,SZSE.002291,遥望科技,16.24,16.25,16.33,15.87,16.18,-0.37,2.83,10385749,166788144.53,2021-04-27,1.69,11948721132.38,9940750238.44,3.53,491.76
2592,SZSE.002292,奥飞娱乐,5.93,5.85,5.99,5.72,5.93,0.00,4.55,14650290,85808475.47,2021-04-27,1.80,8047955983.25,4827837296.32,2.49,-20.98
2593,SZSE.002293,罗莱生活,14.80,14.83,15.09,14.75,14.91,0.74,2.30,5313220,79388313.50,2021-04-27,0.65,12340498285.71,12237969491.79,2.75,17.72
2594,SZSE.002294,信立泰,34.90,34.70,37.02,34.64,36.80,5.44,6.82,6310712,229091520.38,2021-04-27,0.60,38493388800.00,38481818769.60,6.79,584.72
2595,SZSE.002295,精艺股份,6.73,6.80,6.80,6.59,6.78,0.74,3.12,3033353,20248942.80,2021-04-27,1.21,1699176480.00,1696222095.00,1.36,22.06
2596,SZSE.002296,辉煌科技,6.42,6.39,6.48,6.35,6.44,0.31,2.02,2446743,15704707.70,2021-04-27,0.73,2509387344.80,2166692102.12,1.59,24.90
2597,SZSE.002297,博云新材,7.62,7.51,7.58,7.23,7.32,-3.94,4.59,11364232,83586042.53,2021-04-27,2.41,3450026129.40,3450026129.40,2.48,153.36
2598,SZSE.002298,中电兴发,8.08,8.12,8.12,7.93,8.02,-0.74,2.35,5292603,42325069.18,2021-04-27,0.96,5545877438.30,4408731687.36,1.22,14.43
2599,SZSE.002299,圣农发展,26.55,26.59,27.76,26.56,27.51,3.62,4.52,16505367,452196085.70,2021-04-27,1.49,34233602182.50,30492559262.76,3.56,16.77
2600,SZSE.002300,太阳电缆,6.01,6.01,6.13,5.91,6.11,1.66,3.66,6488166,39166664.01,2021-04-27,0.99,4012235370.00,4011927132.72,2.46,21.12
2601,SZSE.002301,齐心集团,12.13,12.09,12.25,11.93,12.13,0.00,2.64,5776519,69974323.90,2021-04-27,0.79,8903663800.87,8888084186.56,2.50,43.68
2602,SZSE.002302,西部建设,8.42,8.42,8.46,8.28,8.37,-0.59,2.14,5452002,45569920.61,2021-04-27,0.43,10565905524.48,10565905524.48,1.33,10.64
2603,SZSE.002303,美盈森,3.55,3.54,3.54,3.47,3.52,-0.85,1.97,7742249,27112867.99,2021-04-27,0.84,5390259371.20,3238079320.96,1.11,13.94
2604,SZSE.002304,洋河股份,169.51,168.51,171.77,165.21,171.22,1.01,3.87,7069635,1196782218.25,2021-04-27,0.57,258026485360.00,213600079387.94,6.09,34.49
2605,SZSE.002305,南国置业,2.04,2.03,2.05,1.98,2.03,-0.49,3.43,19414800,39084748.00,2021-04-27,1.12,3520458013.10,3517502268.14,0.91,53.09
2606,SZSE.002306,中科云网,3.12,3.08,3.15,3.08,3.11,-0.32,2.24,3274300,10174967.00,2021-04-27,0.41,2612400000.00,2466182998.57,52.29,-308.71
2607,SZSE.002307,北新路桥,4.74,4.75,4.75,4.64,4.65,-1.90,2.32,4779000,22309360.00,2021-04-27,1.01,4904159946.45,2208200862.90,1.70,89.03
2608,SZSE.002308,威创股份,4.61,4.58,4.76,4.55,4.72,2.39,4.56,19876735,92768928.26,2021-04-27,2.19,4277333152.72,4276590224.72,1.85,119.49
2609,SZSE.002309,ST中利,4.61,4.59,4.59,4.38,4.46,-3.25,4.56,8950900,39843672.00,2021-04-27,1.28,3888170323.28,3114313475.44,0.69,-1.33
2610,SZSE.002310,东方园林,3.71,3.72,3.76,3.68,3.74,0.81,2.16,12143477,45291788.76,2021-04-27,0.48,10043627894.96,9429123608.30,0.87,-20.40
2611,SZSE.002311,海大集团,80.25,80.67,83.85,80.34,83.16,3.63,4.37,9256517,766465708.77,2021-04-27,0.56,138146286053.16,136922987733.84,9.86,47.21
2612,SZSE.002312,川发龙蟒,7.56,7.67,7.70,7.26,7.29,-3.57,5.82,21603950,160025936.73,2021-04-27,1.63,12859246041.57,9655164858.96,2.17,16.67
2613,SZSE.002313,日海智能,10.38,10.25,10.49,10.25,10.49,1.06,2.31,1353900,14034443.66,2021-04-27,0.36,3927456000.00,3922024466.82,1.46,-5.17
2614,SZSE.002314,南山控股,3.23,3.26,3.26,3.19,3.21,-0.62,2.17,7980615,25627541.10,2021-04-27,0.60,8691981866.73,4295459217.69,0.92,6.66
2615,SZSE.002315,焦点科技,20.86,20.87,21.04,20.40,20.52,-1.63,3.07,3437078,71074383.86,2021-04-27,1.91,6268860000.00,3698913428.28,2.74,36.16
2616,SZSE.002316,亚联发展,4.22,4.19,4.28,4.04,4.10,-2.84,5.69,11425100,47243257.00,2021-04-27,3.89,1611792000.00,1202995936.30,7.32,-3.32
2617,SZSE.002317,众生药业,8.87,8.71,8.87,8.52,8.76,-1.24,3.95,19421633,168242906.18,2021-04-27,2.72,7134679025.76,6245839747.80,1.94,-16.88
2618,SZSE.002318,久立特材,14.11,14.00,14.50,13.98,14.34,1.63,3.69,12811876,182302253.92,2021-04-27,1.34,14012628124.80,13673243631.60,2.91,16.80
2619,SZSE.002319,乐通股份,12.13,12.13,12.26,11.90,12.26,1.07,2.97,2254300,27195740.00,2021-04-27,1.13,2452000000.00,2452000000.00,17.56,335.44
2620,SZSE.002320,海峡股份,9.88,9.99,10.18,9.82,10.04,1.62,3.64,12301382,123205712.38,2021-04-27,0.83,14918992798.32,14918992798.32,3.68,51.35
2621,SZSE.002321,华英农业,2.98,2.97,2.97,2.88,2.90,-2.68,3.02,13822100,40343319.00,2021-04-27,2.60,1549444190.00,1540079913.10,1.06,-1.63
2622,SZSE.002322,理工能科,10.46,10.47,10.57,10.26,10.32,-1.34,2.96,2052100,21199359.70,2021-04-27,0.55,4093553955.60,3863383992.48,1.31,17.49
2623,SZSE.002323,雅博股份,3.68,3.68,3.68,3.50,3.50,-4.89,4.89,4571400,16089733.42,2021-04-27,1.42,2610053796.00,1128399300.00,54.41,-76.67
2624,SZSE.002324,普利特,17.48,17.62,17.62,17.18,17.44,-0.23,2.52,5844816,101371158.62,2021-04-27,1.18,14737705676.64,8611683770.08,5.31,37.24
2625,SZSE.002325,洪涛股份,2.30,2.30,2.33,2.28,2.31,0.43,2.17,4186170,9666535.00,2021-04-27,0.44,2905073117.10,2197932304.26,1.07,-8.31
2626,SZSE.002326,永太科技,9.08,9.06,9.22,9.00,9.21,1.43,2.42,12274883,112444533.10,2021-04-27,1.83,8073175576.95,6171441754.98,2.36,67.27
2627,SZSE.002327,富安娜,8.98,8.88,8.97,8.57,8.90,-0.89,4.45,6894015,60263700.62,2021-04-27,1.42,7360825340.30,4312401416.50,2.03,13.81
2628,SZSE.002328,新朋股份,4.82,4.78,4.79,4.65,4.67,-3.11,2.90,17326121,81311112.07,2021-04-27,3.15,3595993400.00,2570951553.86,1.36,24.86
2629,SZSE.002329,皇氏集团,4.66,4.65,4.84,4.56,4.81,3.22,6.01,21569629,101762670.00,2021-04-27,4.05,4029048568.35,2564332827.68,1.97,-29.58
2630,SZSE.002330,得利斯,5.74,5.74,5.77,5.72,5.77,0.52,0.87,1500200,8604076.00,2021-04-27,0.30,2896540000.00,2895783553.00,2.10,99.52
2631,SZSE.002331,皖通科技,10.86,10.92,10.92,10.40,10.45,-3.78,4.79,5638683,59519520.11,2021-04-27,1.47,4306157301.05,4002624427.45,2.21,-22.05
2632,SZSE.002332,仙琚制药,13.86,13.68,14.30,13.56,14.27,2.96,5.34,18100981,254645672.52,2021-04-27,2.00,14115953437.82,12917108262.57,3.11,27.98
2633,SZSE.002333,罗普斯金,5.66,5.68,5.69,5.58,5.64,-0.35,1.94,1453500,8164995.00,2021-04-27,0.34,3680684304.00,2411227464.00,2.05,136.95
2634,SZSE.002334,英威腾,5.59,5.52,5.58,5.28,5.28,-5.55,5.37,29871147,160590528.05,2021-04-27,4.72,3978296308.80,3341837341.92,2.25,23.62
2635,SZSE.002335,科华数据,17.89,17.83,18.20,17.53,18.09,1.12,3.75,3526915,62906798.92,2021-04-27,0.89,8349754103.19,7147767255.12,2.51,21.86
2636,SZSE.002336,人人乐,4.32,4.29,4.32,4.10,4.10,-5.09,5.09,1358730,5649623.70,2021-04-27,0.36,1804000000.00,1530017500.00,1.33,50.99
2637,SZSE.002337,赛象科技,2.90,2.95,2.95,2.86,2.90,0.00,3.10,1743300,5042211.00,2021-04-27,0.30,1706985675.00,1704419177.90,1.55,-16.76
2638,SZSE.002338,奥普光电,18.28,18.79,18.80,17.59,17.93,-1.91,6.62,12456772,225718006.95,2021-04-27,5.19,4303200000.00,4303092420.00,4.74,82.55
2639,SZSE.002339,积成电子,5.81,5.81,5.85,5.70,5.84,0.52,2.58,3021541,17389280.11,2021-04-27,0.63,2988940032.00,2811926449.20,1.66,50.87
2640,SZSE.002340,格林美,10.11,10.19,10.26,9.65,9.83,-2.77,6.03,539700432,5346299083.36,2021-04-27,11.33,47022023786.31,46810437449.98,3.46,81.32
2641,SZSE.002341,新纶新材,3.36,3.37,3.37,3.22,3.27,-2.68,4.46,17101500,56007926.00,2021-04-27,1.66,3767741715.84,3364252540.89,1.03,-2.92
2642,SZSE.002342,巨力索具,4.15,4.13,4.13,4.01,4.05,-2.41,2.89,27030100,109451603.00,2021-04-27,3.07,3888000000.00,3569214375.00,1.58,115.14
2643,SZSE.002343,慈文传媒,6.01,6.00,6.03,5.80,5.89,-2.00,3.83,5690740,33396729.74,2021-04-27,1.20,2797453650.54,2790052076.28,2.54,-7.96
2644,SZSE.002344,海宁皮城,3.85,3.86,3.86,3.80,3.84,-0.26,1.56,3716900,14211977.00,2021-04-27,0.29,4925740976.64,4921317803.52,0.63,25.32
2645,SZSE.002345,潮宏基,4.46,4.42,4.57,4.31,4.49,0.67,5.83,21684876,96041570.10,2021-04-27,2.45,4065303054.43,3972434848.85,1.15,29.10
2646,SZSE.002346,柘中股份,10.43,10.39,10.40,10.13,10.25,-1.73,2.59,1880396,19260297.04,2021-04-27,0.48,4526148014.00,4044986271.75,2.15,20.42
2647,SZSE.002347,泰尔股份,4.06,4.06,4.06,4.00,4.04,-0.49,1.48,2004185,8071762.61,2021-04-27,0.63,1805959434.48,1279770939.40,1.58,68.32
2648,SZSE.002348,高乐股份,2.36,2.34,2.46,2.24,2.39,1.27,9.32,102433690,240818119.22,2021-04-27,11.99,2263808000.00,2041629510.71,3.04,-11.84
2649,SZSE.002349,精华制药,4.65,4.57,4.68,4.48,4.66,0.22,4.30,6069300,27689026.00,2021-04-27,0.74,3894475582.84,3823535275.12,1.80,35.09
2650,SZSE.002350,北京科锐,5.09,5.15,5.15,5.05,5.13,0.79,1.96,1595568,8116951.74,2021-04-27,0.30,2782353026.43,2755895425.92,1.51,50.80
2651,SZSE.002351,漫步者,15.12,15.12,15.32,14.77,15.28,1.06,3.64,7761572,116865125.04,2021-04-27,1.58,13585554960.00,7518006313.60,6.34,49.21
2652,SZSE.002352,顺丰控股,66.09,65.20,66.30,64.01,64.87,-1.85,3.46,25801801,1676404389.32,2021-04-27,0.57,295576292315.85,291286609045.51,5.25,54.44
2653,SZSE.002353,杰瑞股份,32.98,32.79,32.80,31.40,32.49,-1.49,4.24,12336004,394792633.22,2021-04-27,2.04,31120676200.08,19648865859.30,2.73,18.41
2654,SZSE.002354,天娱数科,3.17,3.14,3.20,3.10,3.17,0.00,3.15,5939760,18662832.00,2021-04-27,0.41,5271754256.37,4613313382.02,1.88,34.47
2655,SZSE.002355,兴民智通,6.15,6.13,6.38,6.06,6.13,-0.33,5.20,13952105,86285905.72,2021-04-27,2.26,3804096552.00,3783231564.50,1.54,-10.72
2656,SZSE.002356,赫美集团,1.55,1.54,1.55,1.51,1.54,-0.65,2.58,5550349,8469010.42,2021-04-27,1.05,812822083.92,810811067.22,-0.35,-1.61
2657,SZSE.002357,富临运业,4.82,4.80,4.86,4.77,4.85,0.62,1.87,1215500,5852335.00,2021-04-27,0.39,1520421824.60,1520258137.10,1.18,19.58
2658,SZSE.002358,森源电气,3.38,3.37,3.37,3.26,3.30,-2.37,3.25,10228054,33686192.12,2021-04-27,1.12,3068198024.10,3004403424.00,0.87,-44.54
2659,SZSE.002360,同德化工,7.88,7.85,7.95,7.73,7.91,0.38,2.79,7046944,55380984.36,2021-04-27,2.29,3150824550.30,2438201315.27,2.50,18.43
2660,SZSE.002361,神剑股份,4.55,4.55,4.55,4.44,4.47,-1.76,2.42,6148100,27482505.00,2021-04-27,0.92,3743956298.52,2988550950.57,2.06,44.72
2661,SZSE.002362,汉王科技,18.97,19.16,19.21,18.47,18.56,-2.16,3.90,3059474,57106842.45,2021-04-27,1.71,4537078229.76,3319520514.56,2.99,43.63
2662,SZSE.002363,隆基机械,5.50,5.52,5.53,5.37,5.42,-1.45,2.91,3418000,18547492.00,2021-04-27,0.82,2255263631.42,2253409265.14,1.01,47.94
2663,SZSE.002364,中恒电气,8.61,8.65,8.65,8.33,8.37,-2.79,3.72,5091000,42908510.00,2021-04-27,0.97,4717038715.20,4386355934.94,2.10,36.82
2664,SZSE.002365,永安药业,9.26,9.18,9.31,8.98,9.10,-1.73,3.56,2258550,20534292.48,2021-04-27,0.93,2681610750.00,2213187421.90,1.51,24.72
2665,SZSE.002366,融发核电,3.94,3.94,4.02,3.70,3.75,-4.82,8.12,43431298,165805689.97,2021-04-27,7.20,3251465062.50,2261817116.25,4.20,-2.17
2666,SZSE.002367,康力电梯,9.46,9.55,9.79,9.48,9.60,1.48,3.28,6499465,62606318.68,2021-04-27,1.24,7657465795.20,5034951436.80,2.49,14.23
2667,SZSE.002368,太极股份,21.29,21.44,21.51,20.82,20.94,-1.64,3.24,3292485,69241460.34,2021-04-27,0.57,12137705155.20,12033250865.16,3.62,32.92
2668,SZSE.002369,卓翼科技,5.72,5.74,5.84,5.53,5.72,0.00,5.42,12796252,72307637.36,2021-04-27,2.22,3299119846.88,3293360235.88,2.43,-5.47
2669,SZSE.002370,亚太药业,4.38,4.50,4.70,4.16,4.49,2.51,12.33,77311143,342691150.06,2021-04-27,16.69,2409344309.04,2080250594.18,5.57,88.34
2670,SZSE.002371,北方华创,166.40,165.10,170.70,165.01,166.17,-0.14,3.42,5313658,889094391.18,2021-04-27,1.16,82497177779.25,76330210105.08,12.04,153.65
2671,SZSE.002372,伟星新材,24.45,24.29,25.27,24.29,25.18,2.99,4.01,10245886,256324280.24,2021-04-27,0.72,40089405037.84,35782971163.60,8.97,33.61
2672,SZSE.002373,千方科技,15.82,15.78,15.80,15.17,15.41,-2.59,3.98,23470349,362953488.56,2021-04-27,2.08,24366034884.15,17412058416.30,2.03,22.03
2673,SZSE.002374,中锐股份,2.39,2.40,2.40,2.34,2.36,-1.26,2.51,3635504,8582826.40,2021-04-27,0.43,2567570927.88,2017335469.40,0.94,-17.50
2674,SZSE.002375,亚厦股份,7.73,7.73,7.79,7.61,7.65,-1.03,2.33,3630057,27855921.13,2021-04-27,0.27,10250973209.70,10182082764.15,1.22,32.29
2675,SZSE.002376,新北洋,9.25,9.25,9.25,9.01,9.07,-1.95,2.59,2825318,25753567.16,2021-04-27,0.44,6038094059.42,5813098551.15,1.74,32.62
2676,SZSE.002377,国创高新,3.72,3.72,3.82,3.62,3.77,1.34,5.38,4564463,16899817.71,2021-04-27,0.50,3454546007.77,3453247830.89,1.59,-1.16
2677,SZSE.002378,章源钨业,9.81,9.70,10.77,9.63,10.43,6.32,11.62,96551739,994558805.66,2021-04-27,10.55,9639066357.48,9546745723.55,5.68,259.28
2678,SZSE.002379,宏创控股,2.97,2.96,3.00,2.92,2.97,0.00,2.69,6042001,17809004.95,2021-04-27,0.65,2751408000.00,2751408000.00,1.99,-29.35
2679,SZSE.002380,科远智慧,13.14,13.13,13.26,12.96,13.19,0.38,2.28,1827802,23964714.40,2021-04-27,1.29,3165489850.31,1866442904.10,1.41,24.68
2680,SZSE.002381,双箭股份,10.07,10.09,10.41,9.96,10.29,2.18,4.47,8377803,85279232.29,2021-04-27,2.60,4235078596.56,3313440134.76,2.09,13.43
2681,SZSE.002382,蓝帆医疗,22.19,21.88,22.28,21.35,22.28,0.41,4.19,36199103,790264768.06,2021-04-27,4.59,23337791704.08,17558043350.36,1.88,13.27
2682,SZSE.002383,合众思壮,7.10,6.81,6.89,6.39,6.39,-10.00,7.04,44403264,290507645.65,2021-04-27,7.69,4756297672.26,3688866786.33,2.94,-3.63
2683,SZSE.002384,东山精密,18.08,18.09,18.10,17.08,17.37,-3.93,5.64,45962723,800768485.77,2021-04-27,3.31,29700395469.99,24149082655.80,2.23,18.95
2684,SZSE.002385,大北农,8.06,8.01,8.14,7.96,8.00,-0.74,2.23,47546461,382141255.27,2021-04-27,1.64,33130254824.00,23263415384.00,2.91,17.61
2685,SZSE.002386,天原股份,6.09,6.13,6.19,6.06,6.17,1.31,2.13,12890438,78903557.72,2021-04-27,1.65,4817887794.89,4816121225.17,0.93,41.58
2686,SZSE.002387,维信诺,9.64,9.56,9.64,9.36,9.40,-2.49,2.90,9101639,86082017.95,2021-04-27,0.67,12856032632.40,12851805452.40,0.87,63.15
2687,SZSE.002388,新亚制程,5.08,5.04,5.11,4.88,4.98,-1.97,4.53,4620975,22916893.56,2021-04-27,0.96,2508757668.00,2406862286.40,2.05,35.79
2688,SZSE.002389,航天彩虹,20.16,20.01,20.10,19.53,19.66,-2.48,2.83,12054723,237490193.78,2021-04-27,1.39,18599592387.10,17062875112.52,2.80,67.90
2689,SZSE.002390,信邦制药,9.48,9.43,9.70,9.40,9.56,0.84,3.16,11026954,105549485.51,2021-04-27,0.71,15938705521.16,14869028192.12,3.19,91.85
2690,SZSE.002391,长青股份,7.03,7.00,7.04,6.90,6.90,-1.85,1.99,3208442,22278215.80,2021-04-27,0.69,4556183718.90,3201415411.20,1.03,22.66
2691,SZSE.002392,北京利尔,4.33,4.31,4.34,4.20,4.25,-1.85,3.23,8087316,34346790.90,2021-04-27,0.97,5059586065.75,3535102689.00,1.20,10.81
2692,SZSE.002393,力生制药,18.30,18.33,18.83,18.13,18.83,2.90,3.83,1417702,26279238.94,2021-04-27,0.78,3435627499.36,3435627499.36,0.79,398.78
2693,SZSE.002394,联发股份,8.67,8.68,8.70,8.55,8.59,-0.92,1.73,1865040,16032999.80,2021-04-27,0.58,2858439324.00,2774254729.82,0.77,7.64
2694,SZSE.002395,双象股份,12.08,12.00,12.45,12.00,12.18,0.83,3.73,1239503,15184004.76,2021-04-27,0.46,3266785620.00,3266785620.00,3.57,54.99
2695,SZSE.002396,星网锐捷,20.12,20.19,20.20,19.84,19.95,-0.84,1.79,4879220,97430852.26,2021-04-27,0.84,11636441546.10,11636441546.10,2.75,27.40
2696,SZSE.002397,梦洁股份,3.99,3.97,4.08,3.96,4.05,1.50,3.01,11006797,44372819.43,2021-04-27,2.30,3070958844.15,1936872648.00,1.67,243.86
2697,SZSE.002398,垒知集团,7.76,7.73,7.77,7.66,7.73,-0.39,1.42,1763701,13599635.95,2021-04-27,0.32,5569390838.38,4302274396.78,1.71,14.95
2698,SZSE.002399,海普瑞,17.65,17.35,17.93,17.31,17.78,0.74,3.51,6170375,108846448.25,2021-04-27,0.49,26088526507.12,22175246297.12,2.23,25.47
2699,SZSE.002400,省广集团,5.14,5.03,5.12,4.90,4.95,-3.70,4.28,85687332,426069422.46,2021-04-27,5.08,8629518783.60,8351585950.95,1.93,-653.83
2700,SZSE.002401,中远海科,12.07,12.10,12.12,11.88,11.98,-0.75,1.99,1624584,19448546.86,2021-04-27,0.54,3715504754.00,3619960971.48,3.15,19.27
2701,SZSE.002402,和而泰,21.03,20.84,20.98,20.25,20.72,-1.47,3.47,17602366,362684304.51,2021-04-27,2.20,18938430748.16,16613312658.88,6.21,42.83
2702,SZSE.002403,爱仕达,7.82,7.77,7.83,7.65,7.80,-0.26,2.30,2419307,18749957.09,2021-04-27,0.77,2732502247.80,2461825672.80,1.21,26.61
2703,SZSE.002404,嘉欣丝绸,7.17,7.19,7.19,6.97,7.03,-1.95,3.07,10199844,71844331.32,2021-04-27,2.22,4061045696.23,3226409902.31,2.26,20.85
2704,SZSE.002405,四维图新,14.70,14.71,14.80,14.29,14.39,-2.11,3.47,32204915,464273372.37,2021-04-27,1.66,32825483148.40,27834912200.66,2.81,-106.06
2705,SZSE.002406,远东传动,6.42,6.42,6.43,6.19,6.28,-2.18,3.74,7082510,44470031.26,2021-04-27,1.43,3919643649.84,3115743380.68,1.18,12.08
2706,SZSE.002407,多氟多,23.06,23.00,23.45,22.25,23.02,-0.17,5.20,48866601,1116147660.61,2021-04-27,8.31,16042418872.62,13540393212.38,5.30,329.94
2707,SZSE.002408,齐翔腾达,9.40,9.41,9.56,9.26,9.46,0.64,3.19,29054919,273792131.70,2021-04-27,1.57,17957387908.90,17485445688.26,1.73,18.40
2708,SZSE.002409,雅克科技,58.50,58.59,58.99,56.80,58.00,-0.85,3.74,3473223,199850525.55,2021-04-27,1.42,26845503174.00,14138303706.00,5.57,64.97
2709,SZSE.002410,广联达,67.09,67.18,71.47,67.18,70.99,5.81,6.39,9605184,673159140.24,2021-04-27,0.97,84266010134.02,70341259588.76,12.76,237.99
2710,SZSE.002411,必康退,4.81,4.76,4.84,4.67,4.82,0.21,3.53,25816742,122583283.88,2021-04-27,1.68,7385608441.38,7385608441.38,0.85,-106.74
2711,SZSE.002412,汉森制药,5.78,5.77,5.82,5.65,5.81,0.52,2.94,3170651,18163603.76,2021-04-27,0.64,2923592000.00,2868033875.00,1.79,20.71
2712,SZSE.002413,雷科防务,6.76,6.68,6.81,6.48,6.58,-2.66,4.88,37875773,249838728.97,2021-04-27,3.48,8254752614.92,7159214113.38,1.76,47.89
2713,SZSE.002414,高德红外,34.20,34.36,34.36,33.65,33.85,-1.02,2.08,4834266,163969943.17,2021-04-27,0.30,56736427521.05,53884219920.30,12.35,56.69
2714,SZSE.002415,海康威视,64.00,63.30,63.30,61.40,62.52,-2.31,2.97,35065207,2178051692.02,2021-04-27,0.42,584150442718.80,521662570621.44,10.44,41.55
2715,SZSE.002416,爱施德,8.54,8.55,8.62,7.95,8.09,-5.27,7.85,36310837,295890967.79,2021-04-27,2.97,10025789810.54,9891686160.15,1.80,13.77
2716,SZSE.002417,深南退,6.16,6.16,6.23,6.03,6.21,0.81,3.25,3997268,24433521.11,2021-04-27,1.70,1676700000.00,1463088283.38,6.63,99.70
2717,SZSE.002418,康盛股份,1.93,1.92,1.93,1.84,1.86,-3.63,4.66,21697106,40621881.16,2021-04-27,1.91,2113704000.00,2112537780.00,1.45,100.05
2718,SZSE.002419,天虹股份,6.95,6.96,7.10,6.83,6.92,-0.43,3.88,13820270,96004053.59,2021-04-27,1.15,8306076000.00,8303910033.08,1.24,22.43
2719,SZSE.002420,毅昌科技,4.61,4.56,4.66,4.55,4.58,-0.65,2.39,2381821,10958755.18,2021-04-27,0.61,1836580000.00,1794007919.88,3.10,23.13
2720,SZSE.002421,达实智能,3.65,3.66,3.69,3.61,3.64,-0.27,2.19,12419113,45193835.58,2021-04-27,0.70,7005650393.56,6448727758.20,2.22,22.22
2721,SZSE.002422,科伦药业,20.60,20.65,21.23,20.48,21.16,2.72,3.64,20072184,421773723.58,2021-04-27,1.83,30442690493.32,23177723311.04,2.24,36.71
2722,SZSE.002423,中粮资本,8.70,8.69,8.78,8.57,8.63,-0.80,2.41,2256886,19487829.15,2021-04-27,0.45,19884431112.25,4340774159.51,1.15,18.87
2723,SZSE.002424,贵州百灵,8.23,8.20,8.27,8.10,8.24,0.12,2.07,13172584,108026839.48,2021-04-27,1.41,11628288000.00,7712043662.96,2.95,76.31
2724,SZSE.002425,凯撒文化,8.74,8.76,8.88,8.41,8.51,-2.63,5.38,41388067,355949952.20,2021-04-27,5.09,8141219711.66,6919185396.64,1.57,42.49
2725,SZSE.002426,胜利精密,2.17,2.16,2.17,2.08,2.11,-2.76,4.15,50931615,107651910.20,2021-04-27,1.73,7261602387.09,6210535859.64,1.59,111.01
2726,SZSE.002427,尤夫股份,6.21,6.28,6.30,6.03,6.12,-1.45,4.35,926712,5681146.02,2021-04-27,0.21,2680377152.76,2674397092.68,-409.14,-3.66
2727,SZSE.002428,云南锗业,10.44,10.36,10.55,10.13,10.28,-1.53,4.02,15153364,156514824.71,2021-04-27,2.35,6714073600.00,6623551446.04,4.56,296.66
2728,SZSE.002429,兆驰股份,5.65,5.63,5.67,5.55,5.65,0.00,2.12,19957803,111797604.24,2021-04-27,0.44,25577214429.55,25404102966.50,2.15,14.50
2729,SZSE.002430,杭氧股份,32.42,33.15,33.80,32.71,33.49,3.30,3.36,12759989,424338334.76,2021-04-27,1.32,32304580491.73,32276085391.27,4.85,31.95
2730,SZSE.002431,棕榈股份,3.15,3.16,3.20,3.12,3.14,-0.32,2.54,6129959,19335401.94,2021-04-27,0.42,4669134313.00,4579161751.52,1.06,36.79
2731,SZSE.002432,九安医疗,9.17,9.18,9.65,9.06,9.56,4.25,6.43,24183216,226690566.38,2021-04-27,5.59,4575444890.32,4137624604.76,2.05,8.99
2732,SZSE.002433,*ST太安,3.54,3.55,3.89,3.42,3.89,9.89,13.28,32595988,120239019.24,2021-04-27,4.38,2982747748.00,2895660373.00,0.58,51.25
2733,SZSE.002434,万里扬,7.91,7.97,8.02,7.79,7.83,-1.01,2.91,5896532,46465301.26,2021-04-27,0.44,10492200000.00,10484844106.50,1.54,15.74
2734,SZSE.002435,长江健康,7.01,6.55,7.71,6.31,7.71,9.99,19.97,165367536,1143555019.54,2021-04-27,13.79,9529429084.20,9248873965.08,1.81,-26.14
2735,SZSE.002436,兴森科技,9.46,9.47,9.49,9.20,9.22,-2.54,3.07,13720349,127396979.52,2021-04-27,1.08,13718526917.68,11730197802.94,4.28,26.46
2736,SZSE.002437,誉衡药业,2.69,2.66,2.74,2.62,2.73,1.49,4.46,35210344,94184791.87,2021-04-27,1.62,6000875653.50,5942773620.42,3.21,15.00
2737,SZSE.002438,江苏神通,13.22,13.21,13.22,12.67,12.85,-2.80,4.16,8955571,115348706.91,2021-04-27,1.97,6241966604.60,5839065211.70,2.80,25.90
2738,SZSE.002439,启明星辰,31.61,31.53,32.26,31.18,31.92,0.98,3.42,13283680,420903231.51,2021-04-27,1.86,29799993044.64,22791107461.92,5.03,37.06
2739,SZSE.002440,闰土股份,9.48,9.49,9.58,9.41,9.48,0.00,1.79,3266599,30985577.83,2021-04-27,0.34,10906740000.00,8983893938.76,1.18,13.84
2740,SZSE.002441,众业达,7.38,7.35,7.35,7.16,7.22,-2.17,2.57,2730603,19740955.48,2021-04-27,0.68,3931604856.98,2879668329.38,0.95,15.06
2741,SZSE.002442,龙星化工,5.70,5.64,5.64,5.31,5.47,-4.04,5.79,35786861,193620872.97,2021-04-27,7.47,2625600000.00,2618942052.75,1.88,16.80
2742,SZSE.002443,金洲管道,6.94,6.90,6.96,6.61,6.68,-3.75,5.04,15312047,103072940.10,2021-04-27,2.95,3477177273.60,3464748358.72,1.18,5.62
2743,SZSE.002444,巨星科技,36.08,36.30,37.73,36.10,37.65,4.35,4.52,13426821,497141062.26,2021-04-27,1.24,43050459223.80,40720361114.40,4.36,30.21
2744,SZSE.002445,中南文化,2.11,2.11,2.13,2.05,2.07,-1.90,3.79,14213791,29663428.09,2021-04-27,0.61,4973341906.17,4793750459.46,2.62,37.89
2745,SZSE.002446,盛路通信,5.98,6.02,6.04,5.82,5.89,-1.51,3.68,15502032,91271685.78,2021-04-27,1.86,5352690316.05,4904293875.13,1.74,24.60
2746,SZSE.002447,晨鑫退,2.06,1.99,2.00,1.96,1.96,-4.85,1.94,14816250,29125137.50,2021-04-27,1.04,2797298280.00,2793827831.48,8.96,-54.22
2747,SZSE.002448,中原内配,5.52,5.51,5.73,5.36,5.44,-1.45,6.70,21463666,117901458.38,2021-04-27,4.50,3281103931.20,2594825779.52,1.15,21.93
2748,SZSE.002449,国星光电,9.20,9.24,9.32,9.08,9.15,-0.54,2.61,16361157,150203493.26,2021-04-27,2.67,5659066096.35,5599368659.85,1.56,55.95
2749,SZSE.002450,康得退,1.36,1.22,1.22,1.22,1.22,-10.29,0.00,1207700,1473394.00,2021-04-27,0.04,4319898344.04,3956878602.74,-0.45,-1.35
2750,SZSE.002451,摩恩电气,6.16,6.16,6.16,6.05,6.09,-1.14,1.79,1849272,11248248.15,2021-04-27,0.42,2674728000.00,2672591177.34,3.78,358.48
2751,SZSE.002452,长高电新,5.63,5.55,5.63,5.55,5.58,-0.89,1.42,5137661,28641845.08,2021-04-27,1.23,2976890437.80,2338430688.00,2.00,13.95
2752,SZSE.002453,华软科技,5.81,5.86,5.92,5.72,5.75,-1.03,3.44,9528900,55377345.00,2021-04-27,1.67,4475881172.75,3284975000.00,2.81,134.11
2753,SZSE.002454,松芝股份,5.51,5.48,5.50,5.34,5.37,-2.54,2.90,4259363,22981001.04,2021-04-27,0.68,3375483192.00,3357800872.11,0.92,13.67
2754,SZSE.002455,百川股份,6.42,6.31,6.65,6.31,6.55,2.02,5.30,41865832,273124619.13,2021-04-27,10.42,3386435543.00,2631318943.65,2.49,50.96
2755,SZSE.002456,欧菲光,9.04,9.10,9.11,8.61,8.68,-3.98,5.53,111033744,972689002.64,2021-04-27,4.16,23390337341.00,23158745297.52,3.11,-12.03
2756,SZSE.002457,青龙管业,7.89,7.86,8.05,7.85,8.04,1.90,2.53,4373380,34747420.40,2021-04-27,1.31,2693335680.00,2688997987.44,1.28,16.08
2757,SZSE.002458,益生股份,10.07,10.06,10.30,10.06,10.09,0.20,2.38,5449257,55281577.92,2021-04-27,0.81,10018461698.20,6825388400.47,3.08,1217.53
2758,SZSE.002459,晶澳科技,27.70,27.80,27.88,26.80,27.62,-0.29,3.90,11018452,301123528.01,2021-04-27,2.83,44063084340.50,10735599874.62,2.98,29.25
2759,SZSE.002460,赣锋锂业,97.94,97.77,98.90,94.30,96.49,-1.48,4.70,27128391,2610661987.58,2021-04-27,3.28,130833562771.74,79732116135.75,11.45,127.69
2760,SZSE.002461,珠江啤酒,11.21,11.18,11.41,11.07,11.14,-0.62,3.03,17190529,193081533.01,2021-04-27,0.78,24656479267.20,24656345587.20,2.74,39.84
2761,SZSE.002462,嘉事堂,13.99,14.05,14.14,13.92,14.11,0.86,1.57,1848813,25985499.29,2021-04-27,0.74,4115987463.20,3527087254.28,1.11,12.96
2762,SZSE.002463,沪电股份,15.34,15.33,15.33,14.66,14.75,-3.85,4.37,22898688,340457252.59,2021-04-27,1.34,25434631078.00,25159680590.75,3.88,18.85
2763,SZSE.002464,众应退,2.43,2.31,2.31,2.31,2.31,-4.94,0.00,692800,1600368.00,2021-04-27,0.13,1205345036.28,1205345036.28,-2.53,-3.79
2764,SZSE.002465,海格通信,9.78,9.78,9.84,9.63,9.65,-1.33,2.15,15108182,146372848.87,2021-04-27,0.67,22237929675.15,21743832006.00,2.23,36.91
2765,SZSE.002466,天齐锂业,40.95,40.80,41.26,39.11,40.75,-0.49,5.25,55736751,2236207073.46,2021-04-27,3.78,60191799857.25,60021496642.25,12.19,-32.82
2766,SZSE.002467,二六三,4.78,4.77,4.79,4.60,4.63,-3.14,3.97,14860142,69171116.44,2021-04-27,1.27,6309867123.99,5408797562.71,2.71,18.11
2767,SZSE.002468,申通快递,8.78,8.78,8.80,8.56,8.62,-1.82,2.73,8343210,72251844.21,2021-04-27,0.56,13195514670.92,12861433563.34,1.52,363.24
2768,SZSE.002469,三维化学,6.11,6.09,6.13,5.94,6.00,-1.80,3.11,6597345,39677841.00,2021-04-27,1.39,3893175780.00,2848905168.00,1.73,9.24
2769,SZSE.002470,金正大,1.55,1.57,1.59,1.53,1.54,-0.65,3.87,24221400,37615686.00,2021-04-27,0.84,5060482722.68,4460458556.40,0.80,-3.42
2770,SZSE.002471,中超控股,2.43,2.41,2.42,2.38,2.39,-1.65,1.65,10390137,24878234.17,2021-04-27,0.82,3030520000.00,3023561589.09,2.18,48.93
2771,SZSE.002472,双环传动,11.56,11.50,12.08,11.30,12.02,3.98,6.75,17433789,204774594.68,2021-04-27,3.14,8247466614.18,6681852046.26,2.39,65.67
2772,SZSE.002473,圣莱退,4.74,4.68,4.88,4.64,4.79,1.05,5.06,913300,4310509.00,2021-04-27,0.57,766400000.00,766400000.00,-42.82,-4.20
2773,SZSE.002474,榕基软件,5.78,5.79,5.89,5.69,5.85,1.21,3.46,10892500,63033932.00,2021-04-27,2.28,3639870000.00,2797094254.50,2.28,73.39
2774,SZSE.002475,立讯精密,36.33,36.20,38.43,35.41,38.40,5.70,8.31,125148168,4653232530.97,2021-04-27,1.78,270160372492.80,269798255654.40,9.35,37.39
2775,SZSE.002476,宝莫股份,3.91,3.91,3.91,3.82,3.84,-1.79,2.30,2381807,9166114.81,2021-04-27,0.39,2350080000.00,2349882720.00,2.86,178.27
2776,SZSE.002478,常宝股份,4.09,4.09,4.14,4.00,4.11,0.49,3.42,3942849,16055687.92,2021-04-27,0.66,3945570732.69,2458413412.65,0.89,31.91
2777,SZSE.002479,富春环保,6.18,6.17,6.23,6.06,6.16,-0.32,2.75,6853424,42063264.44,2021-04-27,0.80,5328400000.00,5280595381.60,1.36,17.86
2778,SZSE.002480,新筑股份,4.50,4.45,4.59,4.43,4.54,0.89,3.56,3506600,15830560.00,2021-04-27,0.55,3492025761.80,2920107551.84,1.31,58.58
2779,SZSE.002481,双塔食品,12.79,12.47,12.78,12.30,12.53,-2.03,3.75,9977412,124751346.16,2021-04-27,0.91,15579676700.00,13776679868.00,5.56,40.83
2780,SZSE.002482,*ST广田,2.59,2.61,2.62,2.53,2.58,-0.39,3.47,5564252,14245915.64,2021-04-27,0.36,3966181515.06,3945579412.68,0.63,-5.06
2781,SZSE.002483,润邦股份,5.05,5.05,5.11,4.90,4.95,-1.98,4.16,8452256,42189081.26,2021-04-27,1.00,4664329238.25,4202316181.80,1.15,13.81
2782,SZSE.002484,江海股份,13.73,13.80,13.92,13.45,13.68,-0.36,3.42,7560818,103346039.56,2021-04-27,0.98,11236853491.92,10524712555.44,2.82,27.12
2783,SZSE.002485,ST雪发,4.64,4.65,4.69,4.56,4.59,-1.08,2.80,1985130,9114173.60,2021-04-27,0.36,2496960000.00,2496818513.25,1.15,-125.42
2784,SZSE.002486,嘉麟杰,3.05,3.04,3.10,2.99,3.08,0.98,3.61,11683131,35616193.93,2021-04-27,1.40,2562560000.00,2562560000.00,2.74,153.67
2785,SZSE.002487,大金重工,8.35,8.32,8.41,8.24,8.36,0.12,2.04,6439689,53651317.26,2021-04-27,1.19,4645802480.00,4537906422.28,1.87,9.99
2786,SZSE.002488,金固股份,6.85,6.83,6.85,6.65,6.69,-2.34,2.92,7368338,49539568.76,2021-04-27,0.94,6702810152.49,5232936972.84,1.76,-41.08
2787,SZSE.002489,浙江永强,3.56,3.56,3.57,3.52,3.54,-0.56,1.40,4194804,14827159.24,2021-04-27,0.22,7702107220.62,6660375041.04,1.96,14.53
2788,SZSE.002490,山东墨龙,4.02,4.01,4.07,3.90,4.01,-0.25,4.23,8139610,32502567.20,2021-04-27,1.50,3199372084.00,2171878155.00,1.91,99.43
2789,SZSE.002491,通鼎互联,3.89,3.87,3.88,3.81,3.84,-1.29,1.80,5741650,22019346.06,2021-04-27,0.49,4801778265.60,4495568052.48,1.71,97.76
2790,SZSE.002492,恒基达鑫,5.98,5.98,6.00,5.60,5.60,-6.35,6.69,30154559,175623579.35,2021-04-27,7.57,2268000000.00,2229537755.20,1.61,22.42
2791,SZSE.002493,荣盛石化,28.80,28.60,29.19,28.30,28.60,-0.69,3.09,21458664,614650826.35,2021-04-27,0.34,193060010000.00,179478634335.00,4.87,26.42
2792,SZSE.002494,华斯股份,3.55,3.55,3.60,3.48,3.55,0.00,3.38,3230500,11377797.00,2021-04-27,1.09,1368740903.90,1047322906.35,0.89,-3.99
2793,SZSE.002495,佳隆股份,2.27,2.26,2.27,2.24,2.26,-0.44,1.32,5305642,11959677.19,2021-04-27,0.74,2114513856.00,1613492880.78,1.76,216.90
2794,SZSE.002496,辉丰股份,2.54,2.55,2.55,2.41,2.46,-3.15,5.51,9857000,24404620.80,2021-04-27,0.96,3708670605.42,2521357457.76,1.50,-12.76
2795,SZSE.002497,雅化集团,18.73,18.85,19.20,18.45,19.20,2.51,4.00,48031098,905081031.54,2021-04-27,5.14,22129200384.00,17955584083.20,4.08,68.33
2796,SZSE.002498,汉缆股份,3.76,3.77,3.77,3.70,3.73,-0.80,1.86,8417370,31283729.20,2021-04-27,0.25,12408949080.00,12408949080.00,2.13,21.27
2797,SZSE.002499,科林退,5.71,5.85,5.85,5.55,5.65,-1.05,5.25,549424,3135348.80,2021-04-27,0.29,1067850000.00,1067760588.75,21.91,109.20
2798,SZSE.002500,山西证券,6.67,6.67,6.74,6.64,6.68,0.15,1.50,11187315,74834965.06,2021-04-27,0.31,23979673933.96,23979673933.96,1.41,35.98
2799,SZSE.002501,利源股份,3.35,3.35,3.52,3.31,3.47,3.58,6.27,16192100,56008602.00,2021-04-27,0.47,12318500000.00,12041716858.82,6.00,2.50
2800,SZSE.002502,ST鼎龙,3.03,3.04,3.04,2.90,2.95,-2.64,4.62,6864954,20269269.68,2021-04-27,0.82,2531084185.05,2457091768.80,1.92,75.45
2801,SZSE.002503,*ST搜特,1.74,1.73,1.80,1.68,1.79,2.87,6.90,115747049,202369598.75,2021-04-27,4.55,5535871094.64,4551722561.14,1.65,-3.13
2802,SZSE.002504,*ST弘高,1.81,1.72,1.72,1.72,1.72,-4.97,0.00,1012300,1741156.00,2021-04-27,0.24,1764376899.56,712895230.12,3.20,-30.36
2803,SZSE.002505,鹏都农牧,2.34,2.34,2.36,2.32,2.35,0.43,1.71,18614483,43595871.78,2021-04-27,0.34,14979513556.80,12890624670.00,2.59,810.88
2804,SZSE.002506,协鑫集成,3.14,3.14,3.14,3.06,3.07,-2.23,2.55,48460372,149655937.60,2021-04-27,0.95,17976393187.69,15581328837.91,4.32,-6.81
2805,SZSE.002507,涪陵榨菜,39.80,39.61,40.20,39.61,40.19,0.98,1.48,5052475,201506060.70,2021-04-27,0.65,31724267515.79,31322554238.53,8.78,40.82
2806,SZSE.002508,老板电器,35.14,35.05,35.10,33.70,34.20,-2.68,3.98,9824379,336865803.07,2021-04-27,1.05,32456622510.00,31973606710.20,3.86,19.54
2807,SZSE.002510,天汽模,4.05,4.06,4.30,4.00,4.15,2.47,7.41,32234708,133875665.34,2021-04-27,3.46,3947126872.35,3864500160.70,1.94,-4.79
2808,SZSE.002511,中顺洁柔,29.69,29.67,30.09,29.38,30.03,1.15,2.39,8940335,266637907.36,2021-04-27,0.70,39383956922.31,38375404297.23,7.71,43.48
2809,SZSE.002512,达华智能,3.97,3.81,3.94,3.73,3.77,-5.04,5.29,31501113,119664508.71,2021-04-27,3.69,4324546385.64,3222726758.68,3.45,214.98
2810,SZSE.002513,蓝丰生化,4.57,4.55,4.55,4.40,4.44,-2.84,3.28,737713,3282254.93,2021-04-27,0.23,1509983074.32,1396039594.08,1.30,47.98
2811,SZSE.002514,宝馨科技,3.86,3.87,3.87,3.71,3.74,-3.11,4.15,6019404,22608256.92,2021-04-27,1.48,2072088147.36,1516732910.66,3.32,-5.33
2812,SZSE.002515,金字火腿,4.93,4.92,4.92,4.84,4.88,-1.01,1.62,6355122,31000543.82,2021-04-27,0.72,4774168806.40,4283520352.32,3.44,67.67
2813,SZSE.002516,旷达科技,3.22,3.21,3.22,3.10,3.12,-3.11,3.73,8268549,25986492.39,2021-04-27,0.87,4589016687.84,2973289921.68,1.33,21.88
2814,SZSE.002517,恺英网络,4.60,4.57,4.63,4.47,4.55,-1.09,3.48,11996046,54379534.84,2021-04-27,0.77,9793955234.70,7068928366.50,3.32,55.05
2815,SZSE.002518,科士达,13.26,13.00,13.39,12.97,13.12,-1.06,3.17,7204565,94413477.30,2021-04-27,1.27,7641683569.28,7417481399.68,2.64,20.75
2816,SZSE.002519,银河电子,3.90,3.88,3.92,3.83,3.89,-0.26,2.31,6434366,24884340.28,2021-04-27,0.64,4381816193.22,3932829316.23,1.52,24.43
2817,SZSE.002520,日发精机,5.71,5.71,5.92,5.66,5.84,2.28,4.55,8455250,48735868.49,2021-04-27,1.53,4411424292.48,3221984285.92,1.50,40.90
2818,SZSE.002521,齐峰新材,6.70,6.63,6.73,6.58,6.69,-0.15,2.24,9978604,66338518.42,2021-04-27,2.35,3309448129.11,2836153067.37,0.93,14.03
2819,SZSE.002522,浙江众成,5.69,5.72,5.74,5.55,5.62,-1.23,3.34,6362155,35727664.22,2021-04-27,0.74,5090480154.94,4810188179.40,2.59,30.01
2820,SZSE.002523,天桥起重,2.42,2.43,2.43,2.35,2.38,-1.65,3.31,5267211,12505259.28,2021-04-27,0.38,3371605104.00,3324219313.52,1.57,47.46
2821,SZSE.002524,光正眼科,12.80,12.80,13.15,12.62,13.03,1.80,4.14,22901581,295767080.73,2021-04-27,4.65,6728277906.60,6415265252.80,19.33,157.96
2822,SZSE.002526,山东矿机,2.12,2.12,2.12,2.09,2.10,-0.94,1.42,10459372,21964611.18,2021-04-27,0.59,3743867055.60,3697904460.60,1.36,35.48
2823,SZSE.002527,新时达,6.35,6.35,6.42,6.19,6.29,-0.94,3.62,7958084,50092013.26,2021-04-27,1.61,3902358067.52,3103427660.25,1.48,44.96
2824,SZSE.002528,英飞拓,3.53,3.51,3.54,3.43,3.51,-0.57,3.12,4377151,15236759.44,2021-04-27,0.42,4207349537.82,3673001771.01,1.12,48.08
2825,SZSE.002529,海源复材,6.55,6.51,6.58,6.22,6.33,-3.36,5.50,3528052,22385575.50,2021-04-27,1.36,1645800000.00,1645800000.00,1.93,50.07
2826,SZSE.002530,金财互联,8.23,8.19,8.19,7.70,8.02,-2.55,5.95,7458266,59024926.16,2021-04-27,1.17,6249169363.50,5107804715.62,3.00,-5.03
2827,SZSE.002531,天顺风能,8.90,8.92,9.03,8.66,8.89,-0.11,4.16,44918879,395934119.35,2021-04-27,2.54,16024305561.18,15726467900.57,2.22,11.33
2828,SZSE.002532,天山铝业,10.57,10.63,10.86,10.31,10.54,-0.28,5.20,44227734,469444619.47,2021-04-27,15.58,49030872274.10,2992975163.52,2.44,19.40
2829,SZSE.002533,金杯电工,5.45,5.45,5.53,5.37,5.51,1.10,2.94,5312666,28986553.53,2021-04-27,0.89,4045088902.67,3275088679.60,1.18,12.59
2830,SZSE.002534,西子洁能,15.23,14.84,15.28,13.71,14.97,-1.71,10.31,10697775,158963897.56,2021-04-27,1.45,11065839718.50,11030027137.20,3.20,21.10
2831,SZSE.002535,林州重机,1.85,1.85,1.85,1.76,1.78,-3.78,4.86,11480570,20577939.20,2021-04-27,2.02,1426995871.72,1013360680.34,1.79,38.30
2832,SZSE.002536,飞龙股份,5.83,5.80,6.20,5.79,6.10,4.63,7.03,20460847,122697501.09,2021-04-27,4.34,3054342065.40,2873849397.20,1.36,17.61
2833,SZSE.002537,海联金汇,5.83,5.84,6.41,5.83,6.41,9.95,9.95,61533724,380793645.48,2021-04-27,4.97,7934523881.99,7934523881.99,1.96,30.39
2834,SZSE.002538,司尔特,6.30,6.27,6.28,6.10,6.19,-1.75,2.86,11407300,70342155.00,2021-04-27,1.63,4445377326.83,4324070194.58,1.11,18.62
2835,SZSE.002539,云图控股,9.99,9.98,10.02,9.68,9.86,-1.30,3.40,13498932,133018835.34,2021-04-27,2.06,9959586000.00,6472549553.68,2.75,16.04
2836,SZSE.002540,亚太科技,5.06,5.07,5.13,5.02,5.06,0.00,2.17,7633739,38840415.06,2021-04-27,0.85,6428879270.00,4529625286.78,1.36,16.09
2837,SZSE.002541,鸿路钢构,52.94,53.25,53.80,51.84,52.30,-1.21,3.70,4237597,222750419.38,2021-04-27,1.14,27390496011.90,19374489865.10,4.71,34.28
2838,SZSE.002542,中化岩土,2.98,3.00,3.01,2.91,2.92,-2.01,3.36,22115097,64958873.21,2021-04-27,1.52,5272289147.00,4247445931.32,1.33,27.87
2839,SZSE.002543,万和电气,8.06,8.05,8.06,8.00,8.06,0.00,0.74,1498867,12031892.75,2021-04-27,0.24,5993416000.00,5084565555.94,1.42,9.80
2840,SZSE.002544,普天科技,13.01,13.00,13.06,12.64,12.74,-2.08,3.23,4436418,56707212.43,2021-04-27,0.78,8705494570.50,7229782175.98,2.46,90.42
2841,SZSE.002545,东方铁塔,7.04,7.04,7.05,6.96,6.99,-0.71,1.28,3568535,24942176.03,2021-04-27,0.33,8695993960.17,7549761800.28,1.12,31.02
2842,SZSE.002546,新联电子,3.83,3.85,3.85,3.77,3.81,-0.52,2.09,4314050,16378830.01,2021-04-27,0.55,3177727055.76,3005228353.26,1.00,17.29
2843,SZSE.002547,春兴精工,3.50,3.50,3.52,3.38,3.44,-1.71,4.00,9700491,33197319.49,2021-04-27,1.26,3880516657.92,2656030470.64,2.43,-3.67
2844,SZSE.002548,金新农,6.86,6.86,6.88,6.71,6.76,-1.46,2.48,5949199,40211298.71,2021-04-27,1.12,4671588502.88,3597820253.56,1.79,10.84
2845,SZSE.002549,凯美特气,8.44,8.31,8.39,7.91,8.05,-4.62,5.69,16856070,135780326.00,2021-04-27,2.72,5020785000.00,4992891146.25,5.04,69.57
2846,SZSE.002550,千红制药,4.17,4.13,4.27,4.12,4.25,1.92,3.60,10966909,46110171.29,2021-04-27,1.18,5439150000.00,3934208569.50,2.55,-103.99
2847,SZSE.002551,尚荣医疗,5.92,5.89,5.91,5.64,5.83,-1.52,4.56,25527774,147303011.24,2021-04-27,4.39,4782273081.74,3386642336.00,1.56,27.59
2848,SZSE.002552,宝鼎科技,12.32,12.30,12.36,12.13,12.16,-1.30,1.87,739046,9016883.87,2021-04-27,0.32,3723785230.08,2825303599.36,5.54,427.21
2849,SZSE.002553,南方精工,10.22,10.30,10.86,10.30,10.72,4.89,5.48,18126738,192736856.23,2021-04-27,7.74,3730560000.00,2511633834.72,3.49,9.48
2850,SZSE.002554,惠博普,2.72,2.70,2.72,2.65,2.66,-2.21,2.57,33973432,91032274.12,2021-04-27,3.96,3645779433.52,2280586282.24,1.65,-20.43
2851,SZSE.002555,三七互娱,22.00,21.85,22.20,21.70,22.08,0.36,2.27,17478149,383316544.43,2021-04-27,1.19,48970443324.48,32449223267.52,5.39,17.74
2852,SZSE.002556,辉隆股份,9.54,9.61,9.71,9.51,9.58,0.42,2.10,6162788,59078697.88,2021-04-27,0.75,9032177873.96,7875752928.68,2.52,40.20
2853,SZSE.002557,洽洽食品,52.21,52.34,53.90,51.90,53.81,3.06,3.83,4148781,219573439.21,2021-04-27,0.82,27281670000.00,27281670000.00,6.39,31.95
2854,SZSE.002558,巨人网络,14.11,14.08,14.16,13.37,13.45,-4.68,5.60,10198339,139896931.79,2021-04-27,0.50,27227910085.40,27227910085.40,2.83,28.97
2855,SZSE.002559,亚威股份,6.11,6.25,6.26,6.04,6.10,-0.16,3.60,5641928,34483169.87,2021-04-27,1.19,3396010373.20,2890062971.50,1.94,22.22
2856,SZSE.002560,通达股份,6.65,6.65,6.91,6.46,6.82,2.56,6.77,6992571,46914384.08,2021-04-27,2.45,3592035825.40,1947082494.94,1.53,42.20
2857,SZSE.002561,徐家汇,7.14,7.16,7.21,7.06,7.20,0.84,2.10,1352956,9639671.84,2021-04-27,0.33,2993493600.00,2968448558.40,1.33,39.70
2858,SZSE.002562,兄弟科技,5.18,5.10,5.30,5.05,5.26,1.54,4.83,22494383,117062020.10,2021-04-27,3.85,5590720595.88,3076348961.42,1.89,44.20
2859,SZSE.002563,森马服饰,11.42,11.42,11.67,11.39,11.55,1.14,2.45,9487828,109413246.20,2021-04-27,0.50,31157196609.00,21725304735.75,2.62,38.67
2860,SZSE.002564,*ST天沃,3.53,3.50,3.50,3.36,3.38,-4.25,3.97,15776756,53678074.28,2021-04-27,1.82,2938488453.16,2934956035.44,1.17,-3.88
2861,SZSE.002565,顺灏股份,4.25,4.19,4.23,4.14,4.16,-2.12,2.12,11777285,49171489.47,2021-04-27,1.12,4410252795.52,4390449847.68,2.26,563.19
2862,SZSE.002566,益盛药业,7.16,7.11,7.44,6.97,7.30,1.96,6.56,9814985,70978988.56,2021-04-27,4.24,2415946680.00,1691560263.20,1.19,30.18
2863,SZSE.002567,唐人神,7.22,7.25,7.26,7.08,7.12,-1.39,2.49,8884694,63263300.55,2021-04-27,0.93,8586844899.04,6815131333.04,1.21,9.04
2864,SZSE.002568,百润股份,121.47,122.50,124.30,119.95,124.12,2.18,3.58,2496227,305233436.48,2021-04-27,0.72,66510003115.12,43280685331.96,19.87,109.98
2865,SZSE.002569,ST步森,8.67,8.62,8.62,8.45,8.46,-2.42,1.96,477500,4065596.00,2021-04-27,0.34,1220016600.00,1181229615.00,6.66,-7.95
2866,SZSE.002570,贝因美,5.23,5.19,5.45,4.90,5.34,2.10,10.52,147011123,760327581.73,2021-04-27,14.38,5460256800.00,5459964435.00,3.72,-16.84
2867,SZSE.002571,德力股份,8.25,8.13,8.20,7.60,8.04,-2.55,7.27,21203645,167096535.39,2021-04-27,7.14,3151283628.00,2386924751.52,2.17,612.58
2868,SZSE.002572,索菲亚,30.57,30.60,31.06,30.20,30.58,0.03,2.81,6431629,196742353.72,2021-04-27,1.01,27900275762.04,19493036388.54,4.46,23.40
2869,SZSE.002573,清新环境,5.30,5.28,5.29,5.07,5.11,-3.58,4.15,7316764,37535358.47,2021-04-27,0.68,7173014713.69,5525300431.00,1.13,32.55
2870,SZSE.002574,明牌珠宝,4.05,4.04,4.07,3.92,4.00,-1.23,3.70,2889093,11478327.15,2021-04-27,0.55,2112000000.00,2112000000.00,0.71,-584.52
2871,SZSE.002575,群兴玩具,4.23,4.11,4.37,4.07,4.30,1.65,7.09,8616911,36096224.00,2021-04-27,1.66,2660496000.00,2228432000.00,3.30,108.73
2872,SZSE.002576,通达动力,10.93,10.93,11.06,10.72,10.98,0.46,3.11,2248308,24496142.56,2021-04-27,1.37,1812798000.00,1805279488.92,1.80,20.30
2873,SZSE.002577,雷柏科技,10.62,10.66,10.89,10.41,10.80,1.69,4.52,3206513,34065690.48,2021-04-27,1.13,3055104000.00,3054942000.00,2.84,56.91
2874,SZSE.002578,闽发铝业,3.70,3.73,3.81,3.66,3.70,0.00,4.05,22396990,83379588.60,2021-04-27,2.63,3655945195.20,3151706745.80,2.52,58.21
2875,SZSE.002579,中京电子,11.92,11.94,11.97,11.50,11.63,-2.43,3.94,3498083,40734048.92,2021-04-27,0.92,5923530997.18,4399554126.06,2.24,36.47
2876,SZSE.002580,圣阳股份,6.47,6.44,6.45,5.96,6.02,-6.96,7.57,32510774,198909046.44,2021-04-27,10.39,2732291337.86,1882983561.34,1.59,84.54
2877,SZSE.002581,未名医药,11.66,12.83,12.83,12.83,12.83,10.03,0.00,3914084,50217697.72,2021-04-27,0.98,8464407568.38,5142150595.63,3.95,-43.20
2878,SZSE.002582,好想你,11.88,11.81,11.87,11.52,11.75,-1.09,2.95,5261787,61249427.85,2021-04-27,1.28,6059288880.00,4844026471.00,1.13,2.63
2879,SZSE.002583,海能达,5.18,5.18,5.20,5.10,5.15,-0.58,1.93,8627635,44337655.33,2021-04-27,0.80,9473806053.65,5584579443.70,1.56,99.41
2880,SZSE.002584,西陇科学,5.99,5.97,6.59,5.80,6.59,10.02,13.19,37364210,233280950.90,2021-04-27,9.48,3856576220.98,2596377506.38,1.90,66.28
2881,SZSE.002585,双星新材,14.00,14.28,14.30,13.71,14.10,0.71,4.21,43941327,615107308.95,2021-04-27,4.99,16303520998.50,12405114138.90,1.92,17.93
2882,SZSE.002586,*ST围海,2.64,2.66,2.66,2.52,2.54,-3.79,5.30,4224500,10845151.00,2021-04-27,0.48,2906328233.56,2258141399.38,0.87,18.53
2883,SZSE.002587,奥拓电子,5.22,4.95,5.07,4.70,4.70,-9.96,7.09,39061113,186919882.90,2021-04-27,9.01,3081767242.60,2037444599.70,2.26,-20.14
2884,SZSE.002588,史丹利,5.13,5.13,5.13,5.05,5.12,-0.19,1.56,8499300,43233373.60,2021-04-27,1.08,5923246080.00,4027327744.00,1.24,20.59
2885,SZSE.002589,瑞康医药,4.41,4.41,4.42,4.34,4.39,-0.45,1.81,10035888,43836275.22,2021-04-27,0.88,6605678967.69,5035140150.06,0.88,-5.52
2886,SZSE.002590,万安科技,7.66,7.61,7.77,7.13,7.26,-5.22,8.36,18961840,139254465.20,2021-04-27,4.16,3482236682.76,3307319419.14,1.80,41.72
2887,SZSE.002591,恒大高新,5.79,5.67,5.75,5.59,5.60,-3.28,2.76,4850908,27347897.80,2021-04-27,2.26,1705089590.40,1204565314.40,2.22,48.30
2888,SZSE.002592,ST八菱,4.63,4.50,4.62,4.40,4.40,-4.97,4.75,9402000,41970242.00,2021-04-27,3.60,1246657090.80,1149618932.00,1.45,-1.82
2889,SZSE.002593,日上集团,3.51,3.52,3.57,3.49,3.54,0.85,2.28,3991016,14051874.67,2021-04-27,0.85,2481929400.00,1655246935.20,1.25,28.04
2890,SZSE.002594,比亚迪,167.50,166.00,167.40,163.40,164.94,-1.53,2.39,25563921,4211994738.06,2021-04-27,2.23,471916902503.70,189020078492.52,5.85,111.45
2891,SZSE.002595,豪迈科技,30.66,30.44,31.20,30.35,30.60,-0.20,2.77,1547174,47686247.94,2021-04-27,0.30,24480000000.00,16025277650.40,4.07,24.30
2892,SZSE.002596,海南瑞泽,5.26,5.32,5.37,5.26,5.29,0.57,2.09,15191947,80617171.33,2021-04-27,1.48,6070700940.22,5413628125.24,1.93,146.51
2893,SZSE.002597,金禾实业,32.73,32.64,33.05,31.80,32.23,-1.53,3.82,5103244,164908451.16,2021-04-27,0.91,18078006181.40,18032015034.99,3.60,25.16
2894,SZSE.002598,山东章鼓,6.20,6.19,6.29,6.15,6.23,0.48,2.26,1655630,10259408.40,2021-04-27,0.62,1943760000.00,1676462865.49,2.16,22.11
2895,SZSE.002599,盛通股份,3.95,3.99,4.14,3.83,4.13,4.56,7.85,6891598,27715158.18,2021-04-27,1.72,2248899946.16,1653470998.62,1.65,-7.59
2896,SZSE.002600,领益智造,8.62,8.57,8.61,8.32,8.60,-0.23,3.36,62760642,531957639.54,2021-04-27,2.76,60698405328.80,19579406874.80,4.06,26.78
2897,SZSE.002601,龙佰集团,33.72,33.50,34.16,32.89,34.04,0.95,3.77,39283855,1320286025.66,2021-04-27,2.61,76236333114.24,51292768685.72,4.35,31.10
2898,SZSE.002602,世纪华通,6.97,6.94,7.04,6.92,6.93,-0.57,1.72,27814184,193795074.87,2021-04-27,0.54,51646219788.24,35743284526.95,1.75,18.97
2899,SZSE.002603,以岭药业,27.03,26.88,27.51,26.72,27.38,1.29,2.92,13453766,366937532.16,2021-04-27,1.37,32957784136.94,26913532936.22,3.44,27.04
2900,SZSE.002605,姚记科技,21.72,21.73,22.16,21.66,22.06,1.57,2.30,1709213,37423584.70,2021-04-27,0.53,8871298559.22,7122835577.54,3.96,8.11
2901,SZSE.002606,大连电瓷,7.30,7.23,7.31,7.08,7.15,-2.05,3.15,5821102,41624687.30,2021-04-27,1.43,3136234673.00,2909360025.00,2.43,18.12
2902,SZSE.002607,中公教育,26.25,26.27,26.35,25.25,25.66,-2.25,4.19,14497120,372674035.80,2021-04-27,0.90,158255468321.74,41114462845.90,35.84,73.04
2903,SZSE.002608,江苏国信,6.38,6.38,6.44,6.36,6.41,0.47,1.25,2017627,12920311.80,2021-04-27,0.05,24217490902.64,24217490902.64,0.81,10.65
2904,SZSE.002609,捷顺科技,10.24,10.26,10.54,10.04,10.07,-1.66,4.88,8703724,89150019.13,2021-04-27,1.97,6487863760.87,4454098616.62,2.94,38.04
2905,SZSE.002610,爱康科技,2.48,2.47,2.47,2.37,2.40,-3.23,4.03,98163790,235925068.70,2021-04-27,2.24,10758455844.00,10526919120.00,2.63,-6.52
2906,SZSE.002611,东方精工,4.37,4.36,4.42,4.33,4.35,-0.46,2.06,8346120,36553655.45,2021-04-27,0.64,6717387262.95,5656700097.45,1.63,16.53
2907,SZSE.002612,朗姿股份,45.59,45.01,50.15,45.01,50.15,10.00,11.27,46873686,2276053348.08,2021-04-27,17.93,22188635556.25,13107108815.30,7.45,156.22
2908,SZSE.002613,北玻股份,3.21,3.20,3.21,3.12,3.14,-2.18,2.80,4095800,12885908.00,2021-04-27,0.73,2942713800.00,1751118069.96,1.94,90.30
2909,SZSE.002614,奥佳华,16.64,16.89,17.22,16.52,17.21,3.43,4.21,10075294,169930440.33,2021-04-27,2.28,10760603131.82,7617836103.79,2.36,26.25
2910,SZSE.002615,哈尔斯,4.11,4.17,4.17,4.03,4.09,-0.49,3.41,2017125,8203372.09,2021-04-27,0.87,1689258908.42,944293936.17,2.15,-59.67
2911,SZSE.002616,长青集团,7.12,7.08,7.10,6.94,7.02,-1.40,2.25,2443558,17129697.68,2021-04-27,0.52,5208106073.04,3300518651.04,1.96,14.86
2912,SZSE.002617,露笑科技,6.99,6.92,7.00,6.81,6.91,-1.14,2.72,20271430,139654028.07,2021-04-27,1.69,11081368862.66,8281524184.33,3.00,857.85
2913,SZSE.002618,丹邦退,5.20,4.68,4.68,4.68,4.68,-10.00,0.00,6153500,28798380.00,2021-04-27,1.12,2564265600.00,2564265600.00,2.98,147.92
2914,SZSE.002619,*ST艾格,1.59,1.58,1.58,1.50,1.52,-4.40,5.03,63010340,96080363.00,2021-04-27,4.40,2804242271.12,2175676389.92,1.30,-2.25
2915,SZSE.002620,瑞和股份,5.84,5.80,5.84,5.71,5.77,-1.20,2.23,4009105,23065569.37,2021-04-27,1.29,2182744840.00,1787765438.87,0.86,14.76
2916,SZSE.002621,美吉姆,5.66,5.56,5.91,5.42,5.83,3.00,8.66,10056611,57377346.29,2021-04-27,1.27,4819444514.61,4625941357.73,5.48,-10.08
2917,SZSE.002622,皓宸医疗,2.17,2.17,2.21,2.14,2.20,1.38,3.23,11329106,24673019.08,2021-04-27,1.35,1848000000.00,1847948300.00,2.14,-6.22
2918,SZSE.002623,亚玛顿,30.86,30.85,30.86,29.90,30.08,-2.53,3.11,2032041,61209597.08,2021-04-27,1.27,4812800000.00,4799974640.00,2.01,28.23
2919,SZSE.002624,完美世界,21.29,21.31,22.10,20.95,21.10,-0.89,5.40,25256253,540138110.94,2021-04-27,1.38,40933326994.40,38554333391.20,3.71,29.27
2920,SZSE.002625,光启技术,19.81,19.72,20.12,19.38,19.40,-2.07,3.74,17240644,338906039.44,2021-04-27,1.16,41799004522.80,28872922553.80,5.29,298.82
2921,SZSE.002626,金达威,36.37,36.41,38.05,36.12,37.66,3.55,5.31,10407965,389227076.25,2021-04-27,1.69,23216709370.82,23213319970.82,6.17,24.20
2922,SZSE.002627,三峡旅游,5.45,5.42,5.43,5.36,5.42,-0.55,1.28,2886306,15564580.21,2021-04-27,0.54,3077509842.48,2899780134.70,1.38,31.28
2923,SZSE.002628,成都路桥,3.53,3.53,3.56,3.52,3.55,0.57,1.13,3721415,13161766.10,2021-04-27,0.50,2705867563.25,2649964705.05,0.92,33.12
2924,SZSE.002629,仁智股份,1.96,1.94,1.95,1.86,1.86,-5.10,4.59,7232100,13678352.00,2021-04-27,2.10,766223280.00,640696963.38,27.16,-50.11
2925,SZSE.002630,华西能源,3.19,2.87,3.01,2.87,2.87,-10.03,4.39,157783578,457648846.42,2021-04-27,16.27,3388896000.00,2783915718.99,1.40,-7.28
2926,SZSE.002631,德尔未来,6.02,6.03,6.04,5.85,5.97,-0.83,3.16,2506621,14824168.60,2021-04-27,0.38,3973521077.40,3908274774.27,2.36,-147.30
2927,SZSE.002632,道明光学,6.26,6.26,6.28,6.08,6.14,-1.92,3.19,3444704,21187235.60,2021-04-27,0.59,3835038412.60,3605488053.32,1.87,21.77
2928,SZSE.002633,申科股份,6.78,6.77,6.78,6.45,6.50,-4.13,4.87,985200,6481414.00,2021-04-27,0.66,975000000.00,971221875.00,2.02,-29.84
2929,SZSE.002634,棒杰股份,7.36,7.02,7.10,6.70,6.93,-5.84,5.43,14849021,102266521.65,2021-04-27,4.01,3183312915.09,2568629046.06,4.11,51.62
2930,SZSE.002635,安洁科技,13.75,13.70,13.77,13.46,13.55,-1.45,2.25,4561300,61765547.86,2021-04-27,1.26,9503775394.90,4910509566.50,1.59,28.35
2931,SZSE.002636,金安国纪,14.91,14.87,15.64,14.17,15.57,4.43,9.86,30665516,459991206.82,2021-04-27,4.24,11334960000.00,11258779446.54,3.65,62.85
2932,SZSE.002637,赞宇科技,14.76,14.80,14.84,14.30,14.68,-0.54,3.66,5176584,75106866.16,2021-04-27,1.31,6905486680.00,5807453875.00,1.98,16.34
2933,SZSE.002638,勤上股份,2.03,2.02,2.06,1.93,1.93,-4.93,6.40,33829550,66266019.50,2021-04-27,3.40,2906882403.98,1922617215.39,0.81,64.33
2934,SZSE.002639,雪人股份,7.73,7.58,7.59,7.00,7.07,-8.54,7.63,84603397,609226142.58,2021-04-27,15.14,4765694462.69,3949812043.94,2.28,-26.31
2935,SZSE.002640,跨境通,4.04,4.01,4.04,3.93,3.97,-1.73,2.72,28832138,114699820.62,2021-04-27,2.32,6185424080.10,4924253151.01,6.05,-2.04
2936,SZSE.002641,公元股份,6.85,6.85,7.04,6.76,6.89,0.58,4.09,9766650,67469048.90,2021-04-27,0.86,8511794836.74,7783845590.95,1.81,10.55
2937,SZSE.002642,荣联科技,4.25,4.24,4.34,4.22,4.27,0.47,2.82,10244450,43873107.49,2021-04-27,1.78,2861242936.51,2453112459.35,2.04,90.31
2938,SZSE.002643,万润股份,17.39,17.38,17.48,17.03,17.12,-1.55,2.59,4417789,75999445.90,2021-04-27,0.49,15564360640.80,15312308667.36,2.94,30.84
2939,SZSE.002644,佛慈制药,7.29,7.29,7.34,7.13,7.21,-1.10,2.88,2344000,16850164.00,2021-04-27,0.46,3681836970.00,3681836970.00,2.29,34.65
2940,SZSE.002645,华宏科技,14.69,14.58,15.14,14.33,14.97,1.91,5.51,14962956,221905908.71,2021-04-27,3.40,8722894719.06,6587927585.31,2.75,25.32
2941,SZSE.002646,天佑德酒,15.87,15.98,16.10,15.13,15.40,-2.96,6.11,19899905,306828333.30,2021-04-27,4.42,6930000000.00,6928970895.00,2.99,-177.73
2942,SZSE.002647,仁东控股,13.70,13.50,13.50,12.58,12.84,-6.28,6.72,67104400,871345668.17,2021-04-27,11.98,7189586586.00,7189586586.00,14.19,-16.69
2943,SZSE.002648,卫星化学,39.87,39.79,39.87,38.67,38.99,-2.21,3.01,9515777,371900796.76,2021-04-27,0.89,47903321465.79,41488237695.94,3.31,28.84
2944,SZSE.002649,博彦科技,9.73,9.81,9.82,9.54,9.69,-0.41,2.88,8638844,83319562.89,2021-04-27,1.84,5157077787.30,4541022529.44,1.70,13.54
2945,SZSE.002650,加加食品,6.05,6.03,6.06,5.75,5.90,-2.48,5.12,9234708,54596259.96,2021-04-27,0.80,6796800000.00,6796577865.00,2.62,38.56
2946,SZSE.002651,利君股份,9.46,9.43,9.48,9.25,9.45,-0.11,2.43,2912875,27247627.91,2021-04-27,0.55,9766197000.00,5038160157.45,3.97,50.95
2947,SZSE.002652,扬子新材,3.51,3.51,3.56,3.40,3.54,0.85,4.56,3908605,13590459.88,2021-04-27,0.87,1812706560.00,1585221310.20,5.60,-15.00
2948,SZSE.002653,海思科,26.29,26.32,26.87,26.30,26.70,1.56,2.17,2358950,62785093.66,2021-04-27,0.50,28688605854.00,12681379134.00,8.98,45.06
2949,SZSE.002654,万润科技,3.67,3.69,3.76,3.54,3.58,-2.45,5.99,12603300,45702621.00,2021-04-27,1.90,3130730116.02,2380851759.78,1.46,24.28
2950,SZSE.002655,共达电声,7.04,6.98,7.04,6.72,6.82,-3.12,4.55,9449477,64718759.73,2021-04-27,2.63,2455200000.00,2454456279.00,4.30,53.45
2951,SZSE.002656,ST摩登,1.59,1.60,1.61,1.57,1.59,0.00,2.52,3237100,5138654.32,2021-04-27,0.56,1132906551.96,919887791.79,1.55,154.82
2952,SZSE.002657,中科金财,10.96,10.92,10.98,10.63,10.76,-1.82,3.19,3725483,40068415.56,2021-04-27,1.25,3632325141.36,3199205411.48,1.62,352.37
2953,SZSE.002658,雪迪龙,8.64,8.63,8.72,8.32,8.52,-1.39,4.63,18210536,154981562.35,2021-04-27,5.49,5361632097.84,2828614883.04,2.25,35.66
2954,SZSE.002659,凯文教育,4.25,4.23,4.25,4.09,4.17,-1.88,3.76,11125512,46351770.26,2021-04-27,1.89,2494829201.28,2453085145.23,1.01,-19.25
2955,SZSE.002660,茂硕电源,6.85,6.84,6.84,6.71,6.79,-0.88,1.90,2210225,14955053.74,2021-04-27,1.05,1862685130.53,1434672999.13,2.65,29.63
2956,SZSE.002661,克明食品,15.12,15.11,15.11,14.75,14.77,-2.31,2.38,4173780,62060308.69,2021-04-27,1.27,4944411846.50,4853189313.42,1.84,18.03
2957,SZSE.002662,京威股份,3.36,3.35,3.46,3.33,3.43,2.08,3.87,23416973,79702337.52,2021-04-27,1.56,5145000000.00,5144935173.00,1.59,45.72
2958,SZSE.002663,普邦股份,1.73,1.74,1.76,1.70,1.74,0.58,3.47,12589095,21727757.34,2021-04-27,0.96,3124849386.48,2281156028.88,0.81,-14.47
2959,SZSE.002664,信质集团,13.82,14.04,14.13,13.38,13.54,-2.03,5.43,5759304,78618199.16,2021-04-27,1.47,5468264400.00,5310731415.02,1.97,16.52
2960,SZSE.002665,首航高科,2.44,2.38,2.44,2.32,2.34,-4.10,4.92,145553128,342907398.70,2021-04-27,6.24,5940606524.58,5457396618.18,1.04,-6.89
2961,SZSE.002666,德联集团,5.07,5.07,5.07,4.92,5.01,-1.18,2.96,7806000,38896735.00,2021-04-27,1.75,3779189632.68,2239829146.86,1.17,16.24
2962,SZSE.002667,威领股份,8.81,8.83,8.88,8.69,8.86,0.57,2.16,2930220,25785653.90,2021-04-27,1.27,2047829520.00,2046869317.50,2.64,346.18
2963,SZSE.002668,奥马电器,5.14,5.14,5.15,5.02,5.07,-1.36,2.53,16086893,81583949.48,2021-04-27,1.90,5496444939.96,4287556446.81,2.48,-10.18
2964,SZSE.002669,康达新材,13.15,13.21,13.21,12.68,12.73,-3.19,4.03,4794644,61457452.47,2021-04-27,1.91,3214234884.33,3193322040.33,1.38,14.95
2965,SZSE.002670,国盛金控,10.45,10.47,10.85,10.32,10.72,2.58,5.07,45347507,481125878.67,2021-04-27,2.79,20744107480.16,17402317724.48,1.83,-56.70
2966,SZSE.002671,龙泉股份,4.21,4.19,4.24,4.16,4.18,-0.71,1.90,1104400,4617809.00,2021-04-27,0.24,2369768938.24,1903774562.80,1.09,-26.32
2967,SZSE.002672,东江环保,7.73,7.70,7.72,7.54,7.68,-0.65,2.33,3436514,26205328.82,2021-04-27,0.51,6752771343.36,5208670579.20,1.48,22.27
2968,SZSE.002673,西部证券,8.39,8.39,8.44,8.30,8.41,0.24,1.67,12794455,107176736.46,2021-04-27,0.37,37589182139.05,29450472465.70,1.43,33.43
2969,SZSE.002674,兴业科技,12.25,12.24,12.50,12.15,12.39,1.14,2.86,1517900,18739176.00,2021-04-27,0.53,3616181876.16,3579057818.28,1.68,25.72
2970,SZSE.002675,东诚药业,18.72,18.69,18.95,18.61,18.93,1.12,1.82,2012238,37894151.68,2021-04-27,0.29,15185917191.18,12915111607.56,3.35,70.95
2971,SZSE.002676,顺威股份,3.23,3.22,3.26,3.16,3.17,-1.86,3.10,4736085,15152721.45,2021-04-27,0.66,2282400000.00,2282288523.78,2.08,83.18
2972,SZSE.002677,浙江美大,21.61,21.50,21.92,21.31,21.73,0.56,2.82,4606939,99723999.84,2021-04-27,1.11,14038702289.31,9018754488.06,7.81,22.51
2973,SZSE.002678,珠江钢琴,6.68,6.66,6.78,6.60,6.76,1.20,2.69,1114540,7498520.70,2021-04-27,0.08,9182245383.48,9174749949.56,2.56,53.82
2974,SZSE.002679,福建金森,10.74,10.98,11.06,10.67,10.75,0.09,3.63,4033710,43704673.70,2021-04-27,1.71,2534377000.00,2534377000.00,3.43,290.42
2975,SZSE.002681,奋达科技,4.65,4.65,4.68,4.43,4.46,-4.09,5.38,20482282,92500557.98,2021-04-27,1.83,8138017585.20,4992421812.48,3.59,7.64
2976,SZSE.002682,龙洲股份,3.20,3.20,3.22,3.09,3.14,-1.88,4.06,9343483,29328100.24,2021-04-27,1.69,1765837385.16,1735668824.08,0.91,-1.91
2977,SZSE.002683,广东宏大,30.30,30.16,30.21,29.38,29.39,-3.00,2.74,6265997,185673971.67,2021-04-27,1.02,22025224175.93,18022017301.62,4.11,49.84
2978,SZSE.002684,猛狮退,2.04,2.04,2.14,1.97,2.14,4.90,8.33,12887238,27320689.32,2021-04-27,2.91,1214181192.46,946691727.68,-0.63,-0.67
2979,SZSE.002685,华东重机,3.93,3.93,3.93,3.80,3.84,-2.29,3.31,5306908,20434874.72,2021-04-27,0.68,3869532061.44,2998653661.44,1.01,13.73
2980,SZSE.002686,亿利达,5.37,5.35,5.50,5.30,5.43,1.12,3.72,1700369,9127658.74,2021-04-27,0.43,3074678492.19,2125857157.77,1.99,72.29
2981,SZSE.002687,乔治白,5.82,5.83,6.09,5.78,5.99,2.92,5.33,10994050,65576569.00,2021-04-27,3.85,2096500000.00,1711762300.00,1.75,14.57
2982,SZSE.002688,金河生物,6.39,6.38,6.41,6.20,6.28,-1.72,3.29,14582678,91616575.50,2021-04-27,2.35,3989619033.40,3889605756.72,2.34,26.83
2983,SZSE.002689,远大智能,3.09,3.08,3.09,3.05,3.09,0.00,1.29,4298830,13192779.73,2021-04-27,0.41,3223830140.25,3215519538.90,2.51,373.84
2984,SZSE.002690,美亚光电,46.09,46.00,46.99,45.85,46.62,1.15,2.47,1422546,66084774.12,2021-04-27,0.43,31515120000.00,15432964567.02,13.11,71.92
2985,SZSE.002691,冀凯股份,4.15,4.15,4.15,4.03,4.10,-1.20,2.89,2671990,10898705.38,2021-04-27,0.79,1394000000.00,1389896018.90,1.58,-172.66
2986,SZSE.002692,远程股份,2.93,2.93,2.94,2.86,2.93,0.00,2.73,1270799,3683139.93,2021-04-27,0.19,2104167780.00,1989213039.00,2.21,-23.12
2987,SZSE.002693,双成药业,4.48,4.50,4.85,4.36,4.72,5.36,10.94,19398989,89676402.12,2021-04-27,4.81,1911600000.00,1904127395.12,3.90,-35.85
2988,SZSE.002694,顾地科技,2.37,2.37,2.37,2.29,2.31,-2.53,3.38,7346147,17018849.57,2021-04-27,1.39,1379524608.00,1224230725.41,1.93,-5.54
2989,SZSE.002695,煌上煌,18.67,18.68,18.95,18.41,18.94,1.45,2.89,2926690,54914367.87,2021-04-27,0.63,9712165476.32,8736421469.42,4.29,34.42
2990,SZSE.002696,百洋股份,5.33,5.31,5.32,5.15,5.24,-1.69,3.19,5634430,29431830.20,2021-04-27,1.63,1830787408.40,1811762697.60,1.38,82.23
2991,SZSE.002697,红旗连锁,6.01,6.00,6.00,5.93,5.97,-0.67,1.16,7856266,46826125.16,2021-04-27,0.73,8119200000.00,6437003250.00,2.28,16.71
2992,SZSE.002698,博实股份,13.66,13.54,13.73,13.39,13.66,0.00,2.49,3609782,48864124.88,2021-04-27,0.46,13968033000.00,10788351811.98,5.14,34.46
2993,SZSE.002699,*ST美盛,5.24,5.12,5.36,5.04,5.34,1.91,6.11,21913997,113764480.06,2021-04-27,2.41,4857118351.50,4857118351.50,2.18,-5.18
2994,SZSE.002700,ST浩源,4.06,3.86,4.00,3.86,3.88,-4.43,3.45,4164841,16249901.26,2021-04-27,1.32,1639016294.40,1225840429.40,1.92,26.66
2995,SZSE.002701,奥瑞金,5.63,5.64,5.78,5.59,5.66,0.53,3.37,43729162,249066252.41,2021-04-27,1.81,13683657770.80,13671127232.64,2.04,14.27
2996,SZSE.002702,海欣食品,7.10,7.05,7.06,6.75,6.84,-3.66,4.37,9065782,62260138.34,2021-04-27,2.90,3288398400.00,2137700070.00,3.88,52.99
2997,SZSE.002703,浙江世宝,5.34,5.33,5.42,5.13,5.17,-3.18,5.43,10936976,57141554.62,2021-04-27,1.98,4082462773.29,2859350971.84,3.00,63.97
2998,SZSE.002705,新宝股份,34.76,34.83,35.33,34.40,34.49,-0.78,2.68,3938139,136961314.90,2021-04-27,0.49,28513841132.20,27458016352.10,4.59,25.49
2999,SZSE.002706,良信股份,23.99,23.64,25.58,23.39,24.90,3.79,9.13,11163056,276918049.51,2021-04-27,1.43,25376178959.70,19492290085.50,12.61,64.41
3000,SZSE.002707,众信旅游,6.01,5.90,5.99,5.60,5.67,-5.66,6.49,30077182,172541985.16,2021-04-27,4.70,5138576063.46,3628702878.57,7.70,-3.47
3001,SZSE.002708,光洋股份,6.19,6.19,6.21,6.06,6.13,-0.97,2.42,2270096,13909683.48,2021-04-27,0.57,2987829895.88,2424295832.80,1.92,59.33
3002,SZSE.002709,天赐材料,61.46,62.01,64.80,59.92,62.47,1.64,7.94,25999988,1624095306.98,2021-04-27,4.04,57998401335.61,40247400345.38,15.77,74.53
3003,SZSE.002712,思美传媒,4.71,4.70,4.83,4.68,4.80,1.91,3.18,6432060,30628936.80,2021-04-27,1.13,2789771942.40,2728968038.40,1.42,-29.15
3004,SZSE.002713,东易日盛,6.89,6.96,6.96,6.72,6.83,-0.87,3.48,1453618,9933732.42,2021-04-27,0.36,2865437573.40,2742990112.02,4.23,15.89
3005,SZSE.002714,牧原股份,106.97,106.98,108.12,103.30,105.01,-1.83,4.51,14318543,1502767309.65,2021-04-27,0.56,394767274487.97,266742592342.21,7.04,14.38
3006,SZSE.002715,登云股份,15.67,15.65,15.65,14.90,14.99,-4.34,4.79,857300,12954278.50,2021-04-27,0.66,2068620000.00,1952170619.71,4.02,116.77
3007,SZSE.002716,金贵银业,2.46,2.46,2.49,2.45,2.47,0.41,1.63,6617056,16321304.96,2021-04-27,0.33,5459883347.36,4905802637.58,2.87,24.56
3008,SZSE.002717,岭南股份,2.92,2.94,2.94,2.87,2.92,0.00,2.40,9303520,26935865.11,2021-04-27,0.83,4463996226.52,3287089905.32,1.03,-9.70
3009,SZSE.002718,友邦吊顶,14.95,14.85,15.05,14.55,14.89,-0.40,3.34,834967,12274541.56,2021-04-27,1.26,1957258173.81,988377741.14,1.47,17.15
3010,SZSE.002719,麦趣尔,9.19,9.17,9.17,8.80,8.90,-3.16,4.03,1582679,14132548.17,2021-04-27,0.98,1549841167.30,1440663425.50,1.76,29.38
3011,SZSE.002721,*ST金一,2.86,2.86,2.87,2.70,2.72,-4.90,5.94,10913855,30122438.66,2021-04-27,1.48,2610998385.44,2010201195.04,1.13,-1.02
3012,SZSE.002722,物产金轮,11.05,10.92,11.14,10.65,10.85,-1.81,4.43,994773,10806543.86,2021-04-27,0.57,1903925753.80,1903763003.80,1.01,56.57
3013,SZSE.002723,小崧股份,16.73,16.45,16.65,15.67,16.33,-2.39,5.86,3224291,51960476.08,2021-04-27,1.83,3137940140.00,2878374790.00,4.91,120.93
3014,SZSE.002724,海洋王,9.98,9.99,10.13,9.77,10.11,1.30,3.61,4687237,46676750.62,2021-04-27,1.31,7884078529.86,3627360025.20,2.96,25.06
3015,SZSE.002725,跃岭股份,7.18,7.09,7.27,7.06,7.10,-1.11,2.92,1871778,13361844.66,2021-04-27,0.96,1817600000.00,1386917997.30,1.79,-282.31
3016,SZSE.002726,龙大美食,11.61,11.63,11.94,11.41,11.88,2.33,4.57,12241741,143327630.49,2021-04-27,1.24,11880230210.64,11749942892.16,3.41,13.12
3017,SZSE.002727,一心堂,42.55,42.00,43.27,42.00,42.76,0.49,2.98,3078298,131315156.90,2021-04-27,0.78,25493106849.00,16902028827.08,4.22,32.27
3018,SZSE.002728,特一药业,13.31,12.52,12.91,12.20,12.71,-4.51,5.33,11718324,146651942.04,2021-04-27,9.22,2586711860.79,1615445435.79,2.42,41.35
3019,SZSE.002729,好利科技,42.88,45.00,45.00,41.00,42.53,-0.82,9.33,341100,14598362.00,2021-04-27,0.51,2835900400.00,2835900400.00,6.73,262.96
3020,SZSE.002730,电光科技,16.84,16.84,17.15,16.61,16.79,-0.30,3.21,2320190,38960840.74,2021-04-27,0.76,5417696460.00,5148216960.00,5.36,96.08
3021,SZSE.002731,萃华珠宝,6.10,6.12,6.15,6.07,6.12,0.33,1.31,1187829,7241543.59,2021-04-27,0.54,1567674720.00,1352345879.88,1.23,31.26
3022,SZSE.002732,燕塘乳业,22.92,22.92,23.15,22.30,22.84,-0.35,3.71,1615200,36532600.00,2021-04-27,1.04,3593874000.00,3556822381.00,3.33,26.01
3023,SZSE.002733,雄韬股份,15.84,15.68,15.75,15.20,15.29,-3.47,3.47,6330570,97006736.30,2021-04-27,1.73,5874646019.77,5585273075.91,2.01,111.60
3024,SZSE.002734,利民股份,12.53,12.44,12.44,12.21,12.39,-1.12,1.84,2410854,29642748.92,2021-04-27,0.75,4615582779.99,3996835844.19,1.68,11.96
3025,SZSE.002735,王子新材,34.22,33.33,35.01,32.52,34.74,1.52,7.28,5405135,183090049.75,2021-04-27,5.84,5300524632.60,3212680578.48,6.75,61.12
3026,SZSE.002736,国信证券,10.66,10.66,10.69,10.51,10.54,-1.13,1.69,14409750,152419076.29,2021-04-27,0.16,101315005633.58,93037830507.76,1.40,14.73
3027,SZSE.002737,葵花药业,13.78,13.70,14.13,13.56,14.13,2.54,4.14,5845470,81499468.11,2021-04-27,1.08,8251920000.00,7620582161.16,2.42,14.12
3028,SZSE.002738,中矿资源,29.95,30.00,30.80,29.44,30.60,2.17,4.54,14228839,429218270.78,2021-04-27,5.57,9735098749.20,7810153943.40,2.89,55.86
3029,SZSE.002739,万达电影,17.42,17.35,17.60,17.08,17.59,0.98,2.99,15571941,270482639.43,2021-04-27,0.80,39238454860.80,34329314988.14,4.05,-5.88
3030,SZSE.002740,*ST爱迪,4.25,4.26,4.28,4.13,4.17,-1.88,3.53,4546400,18949727.00,2021-04-27,1.88,1893434691.09,1007801434.17,2.05,-5.82
3031,SZSE.002741,光华科技,13.78,13.82,13.88,13.56,13.66,-0.87,2.32,2781639,38118022.96,2021-04-27,0.87,5114639817.44,4359917714.24,4.13,141.54
3032,SZSE.002742,ST三圣,6.68,6.57,6.57,6.01,6.22,-6.89,8.38,36352705,223411987.62,2021-04-27,8.87,2687040000.00,2548489500.00,1.76,29.32
3033,SZSE.002743,富煌钢构,6.78,6.84,6.84,6.67,6.72,-0.88,2.51,2451857,16454823.04,2021-04-27,0.73,2925004172.16,2253205113.60,1.00,22.01
3034,SZSE.002745,木林森,13.16,13.11,13.39,12.92,13.30,1.06,3.57,15807312,208142871.47,2021-04-27,1.72,19739413106.70,12202964116.70,1.56,65.42
3035,SZSE.002746,仙坛股份,10.60,10.55,10.64,10.53,10.54,-0.57,1.04,1708700,18077153.57,2021-04-27,0.47,6046718791.90,3827258565.94,1.33,23.96
3036,SZSE.002747,埃斯顿,31.96,32.09,32.15,31.17,32.11,0.47,3.07,5906226,187205037.34,2021-04-27,0.80,26980886544.56,23721040009.81,15.22,210.59
3037,SZSE.002748,世龙实业,6.22,6.26,6.28,6.09,6.24,0.32,3.05,1845707,11416962.61,2021-04-27,0.77,1497600000.00,1497600000.00,1.52,-10.55
3038,SZSE.002749,国光股份,10.49,10.37,10.46,10.25,10.30,-1.81,2.00,1606079,16558376.93,2021-04-27,0.58,4494611854.90,2845844329.80,3.60,26.31
3039,SZSE.002750,龙津药业,7.90,7.88,7.88,7.66,7.73,-2.15,2.78,4132300,31999981.00,2021-04-27,1.04,3095865000.00,3077244983.73,4.85,262.10
3040,SZSE.002751,易尚退,18.25,18.18,18.38,17.89,18.32,0.38,2.68,2287200,41549358.94,2021-04-27,1.81,2830982510.16,2311469775.92,1.92,53.31
3041,SZSE.002752,昇兴股份,5.39,5.36,5.40,5.32,5.40,0.19,1.48,1577565,8461276.65,2021-04-27,0.19,5275359727.20,4491306457.20,2.00,358.68
3042,SZSE.002753,永东股份,8.15,8.15,8.20,8.05,8.11,-0.49,1.84,2345225,19017099.75,2021-04-27,0.97,3044805943.04,1967062982.40,1.53,19.24
3043,SZSE.002755,奥赛康,15.70,15.98,15.98,14.72,14.92,-4.97,8.03,10267417,156233660.03,2021-04-27,5.96,13848152436.92,2570303835.00,4.32,19.19
3044,SZSE.002756,永兴材料,55.19,54.74,56.40,52.71,54.86,-0.60,6.69,10706911,580453330.47,2021-04-27,4.04,22270425229.00,14522748216.60,5.15,72.30
3045,SZSE.002757,南兴股份,14.80,14.80,14.89,14.40,14.47,-2.23,3.31,2179930,31720184.12,2021-04-27,0.90,4275422900.55,3488998586.20,2.04,16.43
3046,SZSE.002758,浙农股份,10.49,10.46,11.54,10.40,11.18,6.58,10.87,12273028,137336744.73,2021-04-27,6.29,5455724778.92,2180371193.26,1.81,15.54
3047,SZSE.002759,天际股份,16.25,15.98,17.26,15.89,16.99,4.55,8.43,28864817,481139742.08,2021-04-27,7.18,6832572113.33,6832572113.33,2.52,-633.83
3048,SZSE.002760,凤形股份,17.77,17.98,18.67,17.72,18.29,2.93,5.35,2459182,44911050.33,2021-04-27,3.23,1609520000.00,1391995603.38,2.44,26.40
3049,SZSE.002761,浙江建投,7.96,7.98,8.14,7.92,8.14,2.26,2.76,1878800,15055688.52,2021-04-27,0.78,8802108397.72,1970065624.56,1.71,8.19
3050,SZSE.002762,金发拉比,14.30,13.80,15.60,13.40,14.59,2.03,15.38,84474324,1225936977.84,2021-04-27,43.85,5165224750.00,2810682715.17,5.19,158.44
3051,SZSE.002763,汇洁股份,9.20,9.10,9.23,8.31,8.41,-8.59,10.00,22861753,197506938.07,2021-04-27,11.87,3458906850.00,1620163582.75,1.65,11.39
3052,SZSE.002765,蓝黛科技,5.87,6.08,6.40,5.63,5.80,-1.19,13.12,43993159,264091729.18,2021-04-27,11.92,3336016682.00,2140832983.00,1.78,51.45
3053,SZSE.002766,索菱股份,4.21,4.25,4.31,4.20,4.27,1.43,2.61,1486700,6335407.00,2021-04-27,0.57,1800889639.78,1108674943.88,-2.16,-1.38
3054,SZSE.002767,先锋电子,10.18,10.17,10.32,9.99,9.99,-1.87,3.24,837050,8436906.50,2021-04-27,0.67,1498500000.00,1249228081.44,1.99,68.24
3055,SZSE.002768,国恩股份,26.60,26.53,26.85,26.00,26.40,-0.75,3.20,2014500,53163012.70,2021-04-27,1.14,7161000000.00,4665262958.40,2.23,9.69
3056,SZSE.002769,普路通,5.99,5.99,6.01,5.81,5.86,-2.17,3.34,3420646,20142747.78,2021-04-27,1.31,2187643796.44,1533944640.42,1.49,51.03
3057,SZSE.002770,科迪退,1.98,1.96,1.99,1.91,1.93,-2.53,4.04,20333388,39668771.56,2021-04-27,3.37,2113094848.21,1162836525.96,6.87,-1.66
3058,SZSE.002771,真视通,10.50,10.42,10.68,10.21,10.58,0.76,4.48,1669380,17477177.40,2021-04-27,1.12,2219304178.00,1575071970.46,3.17,139.74
3059,SZSE.002772,众兴菌业,7.95,7.97,8.00,7.79,7.84,-1.38,2.64,3323650,26187704.37,2021-04-27,1.29,2882918567.20,2012262827.68,1.12,18.28
3060,SZSE.002773,康弘药业,19.96,19.67,19.71,18.70,19.00,-4.81,5.06,32333326,613051380.03,2021-04-27,4.74,17469815126.00,12951359405.00,2.92,-64.74
3061,SZSE.002774,快意电梯,6.29,6.44,6.44,6.18,6.22,-1.11,4.13,1353700,8457277.00,2021-04-27,0.48,2110389398.00,1740739158.22,1.94,67.56
3062,SZSE.002775,文科股份,5.01,4.98,5.06,4.96,5.01,0.00,2.00,4922133,24631070.33,2021-04-27,1.11,2568962935.53,2227725447.78,1.09,16.07
3063,SZSE.002776,*ST柏龙,2.95,2.91,3.02,2.87,2.88,-2.37,5.08,20604934,60256308.16,2021-04-27,3.83,1549408625.28,1549408625.28,0.77,10.05
3064,SZSE.002777,久远银海,17.63,17.58,17.63,17.05,17.10,-3.01,3.29,3213550,55461429.23,2021-04-27,1.09,5369808279.60,5047449869.70,4.25,28.78
3065,SZSE.002778,中晟高科,23.25,23.12,24.56,22.79,24.50,5.38,7.61,2413000,57760180.00,2021-04-27,2.71,2183182750.00,2183182750.00,4.31,29.31
3066,SZSE.002779,中坚科技,12.74,12.49,13.38,12.45,13.18,3.45,7.30,2320872,30072076.72,2021-04-27,1.96,1739760000.00,1560967039.50,2.82,-71.95
3067,SZSE.002780,三夫户外,14.70,14.70,15.10,14.58,14.94,1.63,3.54,1438155,21399230.00,2021-04-27,1.32,2171807526.42,1623438964.80,4.11,-33.18
3068,SZSE.002781,奇信退,7.30,7.27,7.30,7.08,7.16,-1.92,3.01,4489400,32114141.00,2021-04-27,2.16,1611000000.00,1490558217.52,1.15,-2.90
3069,SZSE.002782,可立克,10.90,10.94,10.94,10.52,10.60,-2.75,3.85,4618377,49051320.42,2021-04-27,0.99,5055577006.20,4968582806.20,3.40,24.54
3070,SZSE.002783,凯龙股份,9.30,9.27,9.30,9.09,9.26,-0.43,2.26,1931438,17743501.16,2021-04-27,0.59,3534822892.84,3042989123.36,2.03,70.22
3071,SZSE.002785,万里石,18.01,18.01,18.90,18.00,18.40,2.17,5.00,5335685,98452073.96,2021-04-27,3.29,3680000000.00,2983254228.80,5.66,304.35
3072,SZSE.002786,银宝山新,9.37,9.60,9.73,8.43,8.43,-10.03,13.87,45360519,395870238.72,2021-04-27,11.95,4178009160.00,3201208200.00,4.20,-12.85
3073,SZSE.002787,华源控股,6.11,6.09,6.15,5.96,6.05,-0.98,3.11,2024431,12191741.58,2021-04-27,1.05,1911649597.00,1162201176.40,1.28,41.10
3074,SZSE.002788,鹭燕医药,7.70,7.65,7.85,7.54,7.85,1.95,4.03,3670662,28232264.12,2021-04-27,0.97,3049856377.60,2968546234.60,1.27,11.20
3075,SZSE.002789,建艺集团,13.34,13.01,13.54,13.01,13.25,-0.67,3.97,933570,12367241.30,2021-04-27,1.08,1829030000.00,1146324147.50,1.77,-74.35
3076,SZSE.002790,瑞尔特,5.45,5.44,5.52,5.40,5.42,-0.55,2.20,2766176,15052980.42,2021-04-27,1.09,2267343180.00,1370869760.00,1.32,19.78
3077,SZSE.002791,坚朗五金,182.00,181.55,188.50,180.86,187.50,3.02,4.20,1223561,228356657.29,2021-04-27,0.78,60288750000.00,29331892500.00,15.01,73.78
3078,SZSE.002792,通宇通讯,15.04,15.03,15.29,14.81,15.28,1.60,3.19,1855232,27854434.22,2021-04-27,1.13,5162198256.00,2504946923.76,2.62,72.70
3079,SZSE.002793,罗欣药业,9.47,9.47,9.81,9.33,9.72,2.64,5.07,4280024,41030495.54,2021-04-27,1.12,14261403672.00,3716017809.48,3.39,24.69
3080,SZSE.002795,永和智控,10.50,10.52,10.62,10.12,10.21,-2.76,4.76,1020695,10456047.10,2021-04-27,0.58,2042000000.00,1812236712.50,3.16,52.17
3081,SZSE.002796,世嘉科技,10.97,10.80,10.80,9.99,10.00,-8.84,7.38,7180081,73552015.05,2021-04-27,3.34,2524269480.00,2149719480.00,1.62,68.24
3082,SZSE.002797,第一创业,6.55,6.58,6.65,6.52,6.61,0.92,1.98,48690459,320476860.55,2021-04-27,1.18,27777864000.00,27315164000.00,2.00,34.18
3083,SZSE.002798,帝欧家居,19.65,19.57,19.85,19.07,19.12,-2.70,3.97,4593452,88484771.50,2021-04-27,1.96,7435874383.68,4481451180.64,1.71,13.12
3084,SZSE.002799,环球印务,22.38,22.02,22.33,21.79,22.08,-1.34,2.41,3042088,66780010.00,2021-04-27,1.69,3974400000.00,3974333760.00,5.71,35.58
3085,SZSE.002800,ST天顺,18.92,18.98,19.09,18.37,18.40,-2.75,3.81,415700,7719587.00,2021-04-27,0.58,1374112000.00,1313875000.00,2.78,46.90
3086,SZSE.002801,微光股份,36.98,36.90,37.35,36.75,37.28,0.81,1.62,1411620,52365728.20,2021-04-27,1.87,5707120640.00,2817890816.00,4.70,29.95
3087,SZSE.002802,洪汇新材,26.94,26.68,27.47,26.35,26.89,-0.19,4.16,3185314,85742315.39,2021-04-27,2.98,2913437385.00,2872701562.66,4.84,30.93
3088,SZSE.002803,吉宏股份,27.49,27.07,27.64,26.81,27.25,-0.87,3.02,3067318,83281536.30,2021-04-27,1.12,10311653098.00,7440376269.75,5.63,17.87
3089,SZSE.002805,丰元股份,17.13,17.10,17.28,16.68,17.00,-0.76,3.50,3518250,59475964.50,2021-04-27,3.63,2471301900.00,1649230367.00,4.44,-84.62
3090,SZSE.002806,华锋股份,10.63,10.41,11.15,10.20,10.80,1.60,8.94,9186749,98074834.78,2021-04-27,7.97,1940004810.00,1244214756.00,2.00,-6.36
3091,SZSE.002807,江阴银行,4.14,4.13,4.14,4.10,4.12,-0.48,0.97,8349678,34388307.25,2021-04-27,0.38,8948662507.56,8938061405.60,0.75,8.47
3092,SZSE.002808,ST恒久,7.61,7.60,7.61,7.32,7.37,-3.15,3.81,2529300,18780441.00,2021-04-27,1.48,1981056000.00,1263014927.02,3.42,88.29
3093,SZSE.002809,红墙股份,10.22,10.12,10.21,10.01,10.08,-1.37,1.96,716990,7220625.60,2021-04-27,0.57,2082990490.56,1273415018.40,1.56,14.70
3094,SZSE.002810,山东赫达,74.29,74.50,75.40,73.40,74.44,0.20,2.69,1763114,131068438.28,2021-04-27,0.98,14949616742.28,13409399843.24,11.64,50.92
3095,SZSE.002811,郑中设计,8.01,8.05,8.17,7.91,7.94,-0.87,3.25,515050,4099082.00,2021-04-27,0.21,2143983668.08,1933737184.44,1.45,29.46
3096,SZSE.002812,恩捷股份,127.68,129.99,130.88,127.88,129.77,1.64,2.35,5614327,726450522.81,2021-04-27,0.92,115256605733.72,79213252056.13,10.00,81.77
3097,SZSE.002813,路畅科技,33.48,32.79,32.80,30.23,30.26,-9.62,7.68,10253297,318462003.92,2021-04-27,18.25,3631200000.00,1699616627.56,9.45,45.85
3098,SZSE.002815,崇达技术,11.88,11.85,11.93,11.73,11.78,-0.84,1.68,2741187,32319883.22,2021-04-27,0.64,10396411894.22,5061795885.44,2.48,23.59
3099,SZSE.002816,*ST和科,23.86,23.70,24.06,23.00,24.00,0.59,4.44,906200,21558769.00,2021-04-27,0.93,2400000000.00,2338414632.00,6.06,-46.83
3100,SZSE.002817,黄山胶囊,14.10,14.19,14.35,13.90,14.30,1.42,3.19,1077640,15230808.20,2021-04-27,1.12,2106947700.00,1380419040.00,2.73,46.56
3101,SZSE.002818,富森美,14.81,15.02,15.03,14.78,14.81,0.00,1.69,1619309,24088951.56,2021-04-27,0.54,11133258440.60,4419487362.61,1.94,14.40
3102,SZSE.002819,东方中科,29.79,29.88,30.30,29.01,29.92,0.44,4.33,724790,21381570.40,2021-04-27,0.52,4771137627.52,4175347878.24,8.53,86.68
3103,SZSE.002820,桂发祥,10.07,10.07,10.07,9.92,9.98,-0.89,1.49,1763232,17602700.00,2021-04-27,0.87,2043904000.00,2019536632.40,1.91,81.64
3104,SZSE.002821,凯莱英,295.28,299.50,313.50,293.09,311.00,5.32,6.91,2946244,900273704.87,2021-04-27,1.26,75456901523.00,72457650800.00,12.26,98.20
3105,SZSE.002822,ST中装,5.99,6.00,6.04,5.92,6.02,0.50,2.00,5954400,35555640.00,2021-04-27,0.94,4343103932.72,3832720428.46,1.29,16.81
3106,SZSE.002823,凯中精密,10.26,10.20,10.66,10.09,10.59,3.22,5.56,2663810,27770012.37,2021-04-27,1.67,3040240538.79,1686105308.37,2.24,27.17
3107,SZSE.002824,和胜股份,22.73,22.35,22.95,21.80,22.54,-0.84,5.06,6450519,144062360.33,2021-04-27,6.00,4136924656.20,2424033848.46,4.56,36.25
3108,SZSE.002825,纳尔股份,15.06,14.92,15.06,14.40,14.54,-3.45,4.38,1380009,20123675.98,2021-04-27,1.50,2489565655.38,1334345120.14,2.31,22.87
3109,SZSE.002826,易明医药,9.11,9.00,9.29,8.84,9.29,1.98,4.94,3180000,28793118.00,2021-04-27,2.38,1781534010.00,1242159972.98,2.57,43.36
3110,SZSE.002827,高争民爆,11.99,11.95,11.98,11.46,11.55,-3.67,4.34,3729200,43395079.50,2021-04-27,1.35,3187800000.00,3187800000.00,4.19,61.64
3111,SZSE.002828,贝肯能源,8.23,8.26,8.27,8.07,8.19,-0.49,2.43,4214000,34343480.00,2021-04-27,2.80,1646088444.00,1231686622.53,1.67,64.27
3112,SZSE.002829,星网宇达,31.55,31.50,31.58,29.92,30.12,-4.53,5.26,3586344,108930332.30,2021-04-27,4.19,4659113404.80,2580089862.48,4.48,39.56
3113,SZSE.002830,名雕股份,9.69,9.59,9.90,9.32,9.84,1.55,5.99,2603301,24846119.04,2021-04-27,3.90,1312065600.00,655983600.00,2.08,58.59
3114,SZSE.002831,裕同科技,31.42,31.40,32.28,31.40,32.14,2.29,2.80,2172159,69378404.06,2021-04-27,0.41,30121713676.32,16924325938.88,3.45,27.56
3115,SZSE.002832,比音勒芬,19.34,19.14,19.55,19.06,19.38,0.21,2.53,4510365,87187102.83,2021-04-27,1.28,10366901151.60,6853506765.60,3.89,20.78
3116,SZSE.002833,弘亚数控,49.83,49.50,50.62,48.81,50.41,1.16,3.63,1733525,85930613.21,2021-04-27,1.41,10910885580.80,6200633656.40,5.91,30.96
3117,SZSE.002835,同为股份,10.54,10.48,10.59,10.18,10.28,-2.47,3.89,1698900,17602200.00,2021-04-27,1.37,2258289048.44,1275442355.04,2.99,31.96
3118,SZSE.002836,新宏泽,9.12,9.09,9.12,8.81,9.06,-0.66,3.40,797200,7108682.00,2021-04-27,0.50,1449600000.00,1449600000.00,3.60,103.53
3119,SZSE.002837,英维克,18.91,18.97,19.05,18.42,18.98,0.37,3.33,2000285,37529549.36,2021-04-27,0.85,6116042316.80,4487537951.26,4.25,30.23
3120,SZSE.002838,道恩股份,19.98,19.90,19.90,19.10,19.51,-2.35,4.00,4651476,90093470.72,2021-04-27,1.34,7959884821.96,6780081096.52,4.19,9.30
3121,SZSE.002839,张家港行,5.41,5.41,5.43,5.35,5.37,-0.74,1.48,8795933,47312555.44,2021-04-27,0.61,9708733461.18,7731427422.63,0.87,9.70
3122,SZSE.002840,华统股份,10.51,10.48,10.83,10.12,10.70,1.81,6.76,3897767,40782921.64,2021-04-27,0.89,4789502627.60,4661513507.60,2.76,35.45
3123,SZSE.002841,视源股份,144.30,143.06,146.85,142.00,144.42,0.08,3.36,1804387,259878206.53,2021-04-27,0.45,96477030665.52,57841513246.08,13.03,50.74
3124,SZSE.002842,翔鹭钨业,9.90,9.82,10.80,9.82,10.15,2.53,9.90,5450587,55542440.02,2021-04-27,2.33,2777482499.40,2374629608.40,2.98,41.63
3125,SZSE.002843,泰嘉股份,7.57,7.53,7.53,7.35,7.40,-2.25,2.38,1198422,8887151.08,2021-04-27,0.57,1554000000.00,1553975025.00,3.14,35.06
3126,SZSE.002845,同兴达,26.60,26.65,27.10,26.23,26.92,1.20,3.27,2799528,74779032.87,2021-04-27,2.33,6307741063.68,3233872033.92,2.55,24.45
3127,SZSE.002846,英联股份,9.24,9.23,9.50,9.03,9.09,-1.62,5.09,6519840,60014240.40,2021-04-27,2.93,2893860875.88,2024187851.88,3.76,37.29
3128,SZSE.002847,盐津铺子,132.00,135.05,145.00,132.00,142.81,8.19,9.85,1772700,247657810.70,2021-04-27,1.62,18473901600.00,15648120986.86,21.69,69.29
3129,SZSE.002848,高斯贝尔,9.02,9.01,9.11,8.95,9.02,0.00,1.77,1013200,9106879.00,2021-04-27,0.64,1507693000.00,1430242093.50,4.45,-4.10
3130,SZSE.002849,威星智能,12.28,12.21,12.21,11.69,11.81,-3.83,4.23,1774550,21009222.08,2021-04-27,1.83,1564223280.50,1147219420.03,2.01,18.67
3131,SZSE.002850,科达利,75.19,73.73,75.90,72.31,73.80,-1.85,4.77,2331926,172755627.40,2021-04-27,1.79,17189529283.80,9594911061.00,4.22,68.52
3132,SZSE.002851,麦格米特,36.00,35.40,36.18,34.51,35.57,-1.19,4.64,3309310,116380932.40,2021-04-27,0.86,17852850984.38,13674100260.72,5.66,41.79
3133,SZSE.002852,道道全,14.72,14.80,15.30,14.59,15.00,1.90,4.82,3632764,54370792.71,2021-04-27,1.77,4335000000.00,3080662755.00,2.28,-118.24
3134,SZSE.002853,皮阿诺,24.55,24.55,24.71,24.25,24.34,-0.86,1.87,1350295,32994036.18,2021-04-27,0.87,4540450486.32,3781012110.00,2.32,23.06
3135,SZSE.002855,捷荣技术,9.77,9.78,9.89,9.71,9.77,0.00,1.84,1201446,11768250.42,2021-04-27,0.49,2448483167.54,2374732270.84,1.73,23.95
3136,SZSE.002856,美芝股份,11.97,11.90,11.90,11.37,11.72,-2.09,4.43,1377016,15990792.88,2021-04-27,1.41,1585866109.76,1143555946.76,1.91,102.94
3137,SZSE.002857,三晖电气,13.29,13.26,13.50,13.11,13.25,-0.30,2.93,980808,13031717.95,2021-04-27,1.07,1696000000.00,1209637205.50,3.45,80.28
3138,SZSE.002858,力盛体育,13.70,13.69,13.72,13.35,13.45,-1.82,2.70,788100,10627165.00,2021-04-27,0.81,1699004000.00,1307791166.80,4.92,-38.24
3139,SZSE.002859,洁美科技,30.75,30.30,31.16,29.29,29.89,-2.80,6.08,8569889,257076925.17,2021-04-27,2.13,12294638127.31,12042926934.92,6.66,42.51
3140,SZSE.002860,星帅尔,16.38,16.37,16.44,16.06,16.18,-1.22,2.32,1279576,20747237.61,2021-04-27,0.91,3229890917.40,2283401399.76,3.16,29.94
3141,SZSE.002861,瀛通通讯,18.52,18.26,18.52,17.58,17.70,-4.43,5.08,1640000,29489912.45,2021-04-27,1.97,2155954482.60,1473473900.10,2.01,47.40
3142,SZSE.002862,实丰文化,10.60,10.60,10.92,10.04,10.72,1.13,8.30,9071850,94834243.00,2021-04-27,14.72,1286400000.00,660442991.36,2.47,-31.39
3143,SZSE.002863,今飞凯达,5.19,5.16,5.23,5.11,5.13,-1.16,2.31,4572012,23495312.29,2021-04-27,1.13,2558904882.84,2080211337.18,1.37,38.81
3144,SZSE.002864,盘龙药业,23.33,23.32,23.96,23.12,23.91,2.49,3.60,1510100,35669973.88,2021-04-27,2.73,2072279700.00,1322219724.33,2.84,23.82
3145,SZSE.002865,钧达股份,19.50,19.40,19.40,18.67,19.11,-2.00,3.74,2493567,47315624.21,2021-04-27,1.95,2513594617.17,2440817048.67,2.36,185.55
3146,SZSE.002866,传艺科技,12.94,12.91,12.97,12.60,12.60,-2.63,2.86,3702564,47133128.02,2021-04-27,2.18,3604592451.60,2138249118.60,1.98,26.68
3147,SZSE.002867,周大生,31.62,31.71,32.60,31.71,31.92,0.95,2.81,3577442,115025781.66,2021-04-27,0.49,23327633983.92,23077887084.00,4.15,23.02
3148,SZSE.002868,绿康生化,11.94,11.90,12.25,11.72,12.13,1.59,4.44,2020430,24404961.44,2021-04-27,1.30,1885194102.81,1885194102.81,2.46,43.63
3149,SZSE.002869,金溢科技,19.97,19.90,20.00,19.15,19.39,-2.90,4.26,3932469,76431433.36,2021-04-27,2.64,3502533920.83,2892384389.30,1.48,5.55
3150,SZSE.002870,香山股份,23.48,23.48,23.90,23.06,23.14,-1.45,3.58,797300,18618014.00,2021-04-27,1.65,2560903800.00,1120438800.00,3.22,34.11
3151,SZSE.002871,伟隆股份,13.70,13.50,14.61,13.50,13.72,0.15,8.10,1009932,13890268.60,2021-04-27,1.66,1600849600.00,835209459.00,2.37,28.35
3152,SZSE.002872,ST天圣,4.74,4.68,4.69,4.61,4.63,-2.32,1.69,2481247,11517904.55,2021-04-27,1.15,1472340000.00,995627180.84,0.64,-2.90
3153,SZSE.002873,新天药业,16.88,17.07,17.15,16.61,17.14,1.54,3.20,1326168,22421220.92,2021-04-27,1.16,2008056153.90,1953036376.82,2.46,27.68
3154,SZSE.002875,安奈儿,9.45,9.44,10.36,9.35,10.17,7.62,10.69,9929314,97910413.30,2021-04-27,12.52,1732720116.42,806503841.82,1.95,-37.01
3155,SZSE.002876,三利谱,60.13,60.00,63.70,59.63,62.66,4.21,6.77,7810885,487288717.62,2021-04-27,5.86,10895629839.12,8353011419.22,5.80,93.27
3156,SZSE.002877,智能自控,6.92,6.91,6.91,6.52,6.69,-3.32,5.64,1514520,10161511.40,2021-04-27,0.74,2224575003.18,1377221001.39,3.01,38.56
3157,SZSE.002879,长缆科技,15.56,15.28,15.57,14.78,15.51,-0.32,5.08,4060044,61630851.11,2021-04-27,3.16,2995099496.40,1990347442.71,1.91,18.56
3158,SZSE.002880,卫光生物,46.54,46.58,46.90,45.75,46.01,-1.14,2.47,848886,39240881.86,2021-04-27,0.52,7453620000.00,7453620000.00,4.57,39.15
3159,SZSE.002881,美格智能,20.22,20.20,20.51,19.95,20.34,0.59,2.77,959210,19335896.00,2021-04-27,0.89,3753523260.00,2186345583.00,6.61,136.79
3160,SZSE.002882,金龙羽,8.73,8.73,8.74,8.59,8.67,-0.69,1.72,702400,6071101.00,2021-04-27,0.28,3753243000.00,2137371750.00,1.89,19.56
3161,SZSE.002883,中设股份,12.36,12.30,12.30,12.10,12.22,-1.13,1.62,394350,4812816.00,2021-04-27,0.44,1591750951.44,1091563744.44,2.84,25.17
3162,SZSE.002884,凌霄泵业,29.39,29.39,30.33,29.13,30.10,2.42,4.08,1614532,48090678.15,2021-04-27,0.83,7644741291.60,5827046358.00,3.69,21.32
3163,SZSE.002885,京泉华,15.07,14.50,14.54,13.56,13.56,-10.02,6.50,11887475,166078959.01,2021-04-27,9.97,2440800000.00,1616801256.36,3.07,122.33
3164,SZSE.002886,沃特股份,24.90,24.90,24.90,23.80,24.07,-3.33,4.42,1797925,43562696.25,2021-04-27,1.78,3208014626.29,2429784084.32,2.84,39.45
3165,SZSE.002887,绿茵生态,11.54,11.54,11.58,11.23,11.37,-1.47,3.03,2126355,24090407.80,2021-04-27,1.32,3547440000.00,1837119404.25,1.65,12.06
3166,SZSE.002888,惠威科技,14.20,14.19,14.29,14.00,14.07,-0.92,2.04,619301,8738871.99,2021-04-27,0.99,1754196948.00,881625327.66,4.03,57.26
3167,SZSE.002889,东方嘉盛,25.12,24.96,25.19,24.32,24.50,-2.47,3.46,636139,15655581.54,2021-04-27,0.71,3383485010.50,2210434198.00,1.89,17.19
3168,SZSE.002890,弘宇股份,23.91,24.21,24.92,23.35,24.70,3.30,6.57,1479902,35790184.40,2021-04-27,3.11,1646749000.00,1176282196.70,2.96,60.04
3169,SZSE.002891,中宠股份,51.20,51.03,51.70,50.32,51.40,0.39,2.70,1463749,74599039.58,2021-04-27,0.82,10078261784.80,9184952606.40,5.76,74.72
3170,SZSE.002892,科力尔,20.81,20.62,21.09,20.56,21.00,0.91,2.55,498400,10369191.00,2021-04-27,0.60,2984520000.00,1742174175.00,4.06,28.85
3171,SZSE.002893,京能热力,8.52,9.00,9.37,8.82,9.37,9.98,6.46,13149051,121378640.21,2021-04-27,12.77,1921387088.40,964756929.03,2.54,34.10
3172,SZSE.002895,川恒股份,9.93,9.93,10.05,9.89,10.01,0.81,1.61,1339113,13346892.74,2021-04-27,0.28,4889114230.00,4843038200.00,1.64,32.27
3173,SZSE.002896,中大力德,25.27,25.47,25.47,24.57,25.13,-0.55,3.56,1087300,27114717.00,2021-04-27,1.36,2010400000.00,2010400000.00,2.83,25.72
3174,SZSE.002897,意华股份,23.71,23.67,23.85,23.02,23.49,-0.93,3.50,1993800,46597893.00,2021-04-27,1.27,4009085280.00,3688121443.50,3.00,24.38
3175,SZSE.002898,赛隆药业,9.21,9.13,10.13,8.96,10.13,9.99,12.70,4955301,48296718.67,2021-04-27,4.91,1782880000.00,1022978667.93,3.03,-26.52
3176,SZSE.002899,英派斯,12.90,12.83,13.01,12.72,12.97,0.54,2.25,870901,11210515.96,2021-04-27,0.73,1556400000.00,1556380545.00,1.43,39.34
3177,SZSE.002900,哈三联,14.26,13.64,15.25,13.60,15.00,5.19,11.57,28928101,423582463.33,2021-04-27,16.94,4749000750.00,2561995125.00,2.03,161.94
3178,SZSE.002901,大博医疗,63.69,63.00,65.43,61.40,61.80,-2.97,6.33,4408396,277703611.51,2021-04-27,1.30,24849632916.00,21011152907.40,11.16,38.40
3179,SZSE.002902,铭普光磁,10.93,10.93,10.93,10.60,10.77,-1.46,3.02,1845800,19777126.50,2021-04-27,1.38,2261700000.00,1441126979.52,2.14,143.28
3180,SZSE.002903,宇环数控,13.70,13.71,14.05,13.66,13.82,0.88,2.85,3420714,47449019.40,2021-04-27,3.78,2106168000.00,1251287689.82,3.09,28.94
3181,SZSE.002905,金逸影视,9.75,9.77,9.84,9.44,9.65,-1.03,4.10,4102766,39477308.14,2021-04-27,1.17,3631488000.00,3372096000.00,3.91,-7.18
3182,SZSE.002906,华阳集团,30.16,29.80,30.37,29.11,29.28,-2.92,4.18,10013581,297231873.87,2021-04-27,2.13,13852368000.00,13765101097.44,3.81,63.42
3183,SZSE.002907,华森制药,12.68,12.56,12.67,12.30,12.45,-1.81,2.92,1746052,21653576.60,2021-04-27,0.62,5001185467.80,3533533726.50,4.40,41.96
3184,SZSE.002908,德生科技,13.00,13.01,13.13,12.88,12.91,-0.69,1.92,1538950,19933618.00,2021-04-27,1.05,2592259163.88,1885534431.31,3.29,35.03
3185,SZSE.002909,集泰股份,10.07,10.08,10.08,9.87,10.00,-0.70,2.09,1173096,11667206.00,2021-04-27,0.54,2665181480.00,2163756570.00,3.15,23.85
3186,SZSE.002910,庄园牧场,9.64,9.61,9.78,9.46,9.73,0.93,3.32,3180800,30585811.00,2021-04-27,2.48,2273712238.00,1246042773.50,1.41,217.51
3187,SZSE.002911,佛燃能源,9.82,9.76,10.04,9.74,9.82,0.00,3.05,3845804,37842821.63,2021-04-27,0.41,9281864000.00,9275885043.90,2.72,19.01
3188,SZSE.002912,中新赛克,42.36,42.34,42.36,40.30,41.00,-3.21,4.86,1990817,81609853.03,2021-04-27,1.70,7153312640.00,4797695360.00,3.98,28.87
3189,SZSE.002913,奥士康,68.40,70.00,71.38,67.90,70.96,3.74,5.09,3218098,225901903.78,2021-04-27,2.50,11273284065.92,9141894735.52,3.41,32.28
3190,SZSE.002915,中欣氟材,18.80,18.80,18.89,18.27,18.67,-0.69,3.30,1716750,31878561.00,2021-04-27,1.16,3809061894.85,2755708859.01,3.63,25.66
3191,SZSE.002916,深南电路,79.83,79.83,80.39,78.41,78.57,-1.58,2.48,2829770,223456169.29,2021-04-27,0.59,38446250321.70,37990713797.19,4.97,27.52
3192,SZSE.002917,金奥博,8.70,8.70,8.73,8.56,8.63,-0.80,1.95,807000,6957656.00,2021-04-27,0.43,2341698720.00,1603523040.00,3.03,34.17
3193,SZSE.002918,蒙娜丽莎,35.31,35.80,35.80,34.80,35.33,0.06,2.83,3110575,109301663.77,2021-04-27,1.45,14466656359.00,7556823791.50,4.10,25.21
3194,SZSE.002919,名臣健康,47.49,47.49,48.80,47.15,48.76,2.67,3.47,735077,35544655.42,2021-04-27,1.07,5955338926.20,3335055761.20,8.30,58.25
3195,SZSE.002920,德赛西威,99.70,99.50,102.48,98.11,101.72,2.03,4.38,4492100,452940109.88,2021-04-27,0.82,55946000000.00,55930742000.00,11.50,80.95
3196,SZSE.002921,联诚精密,21.89,21.94,22.26,21.41,21.89,0.00,3.88,1008000,21876767.00,2021-04-27,1.61,1786233850.50,1368025400.50,2.26,21.13
3197,SZSE.002922,伊戈尔,15.25,15.25,15.27,14.95,15.02,-1.51,2.10,1085551,16369238.40,2021-04-27,0.86,2618078373.00,1889717703.58,1.68,50.90
3198,SZSE.002923,润都股份,17.17,16.97,17.27,16.49,17.05,-0.70,4.54,863780,14678460.80,2021-04-27,0.62,3169076680.00,2389279499.75,2.95,22.81
3199,SZSE.002925,盈趣科技,40.62,40.97,42.42,40.50,41.77,2.83,4.73,5006766,207621466.93,2021-04-27,0.69,32645236527.03,30439898026.04,6.43,29.32
3200,SZSE.002926,华西证券,9.73,9.78,9.80,9.65,9.70,-0.31,1.54,13252994,128795285.90,2021-04-27,0.71,25462500000.00,18199418516.10,1.18,13.40
3201,SZSE.002927,泰永长征,10.49,10.50,10.51,10.05,10.16,-3.15,4.39,2209893,22499535.35,2021-04-27,1.00,2272423192.00,2254816928.00,2.64,26.28
3202,SZSE.002928,华夏航空,15.04,15.07,15.11,14.70,14.81,-1.53,2.73,3964937,58954376.40,2021-04-27,0.39,15010936807.64,15010936807.64,3.99,24.49
3203,SZSE.002929,润建股份,24.12,24.10,24.20,23.80,24.14,0.08,1.66,632752,15188429.50,2021-04-27,0.39,5328816816.58,3909101195.72,1.69,22.32
3204,SZSE.002930,宏川智慧,17.57,17.51,17.51,17.00,17.40,-0.97,2.90,2055013,35367219.88,2021-04-27,0.48,7725579868.20,7452889939.20,3.73,33.92
3205,SZSE.002931,锋龙股份,16.58,16.57,16.73,16.10,16.68,0.60,3.80,1921822,31649447.14,2021-04-27,1.51,2372029440.00,2128060420.80,3.78,25.54
3206,SZSE.002932,明德生物,97.48,97.48,98.80,92.00,94.60,-2.95,6.98,5441015,513056479.48,2021-04-27,18.12,6527886906.20,2840099836.20,4.48,13.92
3207,SZSE.002933,新兴装备,24.76,24.72,24.73,24.25,24.50,-1.05,1.94,517631,12651839.26,2021-04-27,0.98,2875075000.00,1292429292.00,1.83,29.24
3208,SZSE.002935,天奥电子,22.04,22.14,22.20,20.81,21.07,-4.40,6.31,3348887,71131502.23,2021-04-27,3.07,4382696955.00,2300242767.55,3.28,41.46
3209,SZSE.002936,郑州银行,3.71,3.70,3.71,3.67,3.68,-0.81,1.08,12668970,46694492.00,2021-04-27,0.76,27651980331.20,6096317668.16,0.73,8.73
3210,SZSE.002937,兴瑞科技,13.18,13.11,13.40,12.85,13.27,0.68,4.17,1693192,22249934.64,2021-04-27,1.74,3948176655.00,1294647580.76,3.83,31.03
3211,SZSE.002938,鹏鼎控股,32.31,32.40,32.97,31.59,32.69,1.18,4.27,7662836,247493287.96,2021-04-27,1.48,75560673375.04,16906804488.49,3.44,26.59
3212,SZSE.002939,长城证券,10.39,10.39,10.46,10.25,10.35,-0.38,2.02,7157176,74020695.91,2021-04-27,0.43,32120245382.85,17224272635.85,1.75,21.39
3213,SZSE.002940,昂利康,34.23,34.24,34.25,32.60,33.69,-1.58,4.82,2262700,75461579.00,2021-04-27,5.16,3232448332.11,1478264609.91,2.41,19.74
3214,SZSE.002941,新疆交建,11.30,11.29,11.29,10.90,11.09,-1.86,3.45,10603437,117342463.87,2021-04-27,5.50,7153230123.78,2136712983.78,2.94,62.38
3215,SZSE.002942,新农股份,27.47,26.53,26.53,24.72,24.72,-10.01,6.59,1882100,47158081.00,2021-04-27,4.81,2966400000.00,966861000.00,2.69,18.88
3216,SZSE.002943,宇晶股份,16.43,16.37,16.63,16.07,16.43,0.00,3.41,2632326,42913968.66,2021-04-27,4.98,1643000000.00,868370271.75,2.13,-274.98
3217,SZSE.002945,华林证券,11.43,11.43,11.98,11.33,11.70,2.36,5.69,8305476,96813040.20,2021-04-27,1.10,31590000000.00,8831032341.30,5.10,38.88
3218,SZSE.002946,新乳业,17.48,17.55,17.62,17.23,17.50,0.11,2.23,3296597,57367324.04,2021-04-27,2.07,14939936655.00,2788042600.00,5.84,55.13
3219,SZSE.002947,恒铭达,31.03,31.28,31.33,30.15,30.34,-2.22,3.80,678920,20655492.10,2021-04-27,1.40,3842546133.40,1474524485.44,2.99,36.58
3220,SZSE.002948,青岛银行,4.99,4.99,5.00,4.95,4.95,-0.80,1.00,8340617,41421495.23,2021-04-27,1.38,22322965500.00,2995008518.70,0.96,9.32
3221,SZSE.002949,华阳国际,19.64,19.40,19.61,19.17,19.39,-1.27,2.24,747627,14472712.80,2021-04-27,0.80,3801040644.03,1812925774.03,2.98,21.94
3222,SZSE.002950,奥美医疗,20.83,20.58,22.46,20.14,22.25,6.82,11.14,24726080,533326413.80,2021-04-27,11.06,14090155305.75,4973391556.00,4.64,12.17
3223,SZSE.002951,ST金时,11.41,11.36,11.45,11.09,11.13,-2.45,3.16,1682508,18859965.60,2021-04-27,2.35,4507650000.00,797649992.58,3.06,23.57
3224,SZSE.002952,亚世光电,14.03,14.07,14.10,13.72,13.91,-0.86,2.71,724233,10023534.66,2021-04-27,1.04,2285969400.00,969025377.58,2.69,26.97
3225,SZSE.002953,日丰股份,19.64,19.64,19.64,19.02,19.43,-1.07,3.16,1292900,24888439.00,2021-04-27,2.45,3378471457.04,1023950255.21,3.16,32.21
3226,SZSE.002955,鸿合科技,20.47,20.44,20.74,19.86,20.01,-2.25,4.30,1897764,38377675.74,2021-04-27,1.95,4727988853.02,1945940143.83,1.56,57.90
3227,SZSE.002956,西麦食品,29.08,28.98,28.98,28.15,28.17,-3.13,2.85,1410900,40076586.06,2021-04-27,2.02,4507200000.00,1966995039.60,3.32,34.09
3228,SZSE.002957,科瑞技术,19.10,19.25,19.30,18.68,18.83,-1.41,3.25,1608500,30396978.00,2021-04-27,1.05,7754898242.00,2897696032.49,3.02,23.98
3229,SZSE.002958,青农商行,4.33,4.33,4.33,4.23,4.26,-1.62,2.31,20497469,87399709.42,2021-04-27,0.76,23666742747.90,11482946941.26,0.87,7.84
3230,SZSE.002959,小熊电器,83.00,82.58,83.50,79.51,80.80,-2.65,4.81,1661165,135080529.46,2021-04-27,2.18,12604800000.00,6159335520.00,6.11,29.84
3231,SZSE.002960,青鸟消防,39.40,39.30,39.40,38.20,38.60,-2.03,3.05,1727397,66623836.73,2021-04-27,1.43,9503706000.00,4678460697.00,3.03,22.10
3232,SZSE.002961,瑞达期货,21.91,22.20,22.42,21.90,22.22,1.41,2.37,2068088,45864774.48,2021-04-27,1.90,9888041385.86,2415010985.86,5.04,31.28
3233,SZSE.002962,五方光电,16.13,16.14,16.24,15.70,16.00,-0.81,3.35,2365120,37540577.40,2021-04-27,2.27,3915184000.00,1666093440.00,2.22,25.88
3234,SZSE.002963,豪尔赛,16.27,16.30,16.35,15.72,15.75,-3.20,3.87,906816,14404785.74,2021-04-27,1.31,2368168897.50,1086663847.50,1.42,55.40
3235,SZSE.002965,祥鑫科技,31.49,31.46,31.60,30.80,31.30,-0.60,2.54,466900,14603541.00,2021-04-27,0.62,4716910000.00,2345935000.00,2.67,29.19
3236,SZSE.002966,苏州银行,7.12,7.27,7.33,7.25,7.30,2.53,1.12,39129469,285445295.75,2021-04-27,2.41,24333333338.20,11860696279.50,0.79,9.06
3237,SZSE.002967,广电计量,35.29,35.61,37.16,35.29,36.83,4.36,5.30,5003856,182782276.23,2021-04-27,2.64,19485721760.00,6978583204.35,11.87,82.79
3238,SZSE.002968,新大正,70.15,70.50,71.37,69.70,70.70,0.78,2.38,230700,16280875.50,2021-04-27,0.50,7597704800.00,3284434958.00,8.57,53.38
3239,SZSE.002969,嘉美包装,5.07,5.09,5.10,4.90,5.02,-0.99,3.94,4962834,24656726.60,2021-04-27,1.12,4820874345.70,2229768349.24,2.24,139.58
3240,SZSE.002970,锐明技术,38.98,39.00,39.21,37.02,38.14,-2.15,5.62,1770785,66978709.17,2021-04-27,2.04,6590592000.00,3305307750.00,4.31,32.97
3241,SZSE.002971,和远气体,20.56,20.56,21.70,19.62,20.80,1.17,10.12,8537856,175906042.56,2021-04-27,7.98,3328000000.00,2226046742.40,3.01,38.21
3242,SZSE.002972,科安达,17.74,17.75,18.30,17.52,18.21,2.65,4.40,1173306,21132106.90,2021-04-27,2.00,3210787200.00,1065883180.29,2.79,23.37
3243,SZSE.002973,侨银股份,18.15,18.06,18.45,18.00,18.42,1.49,2.48,1188909,21757980.58,2021-04-27,1.12,7527517200.00,1961196225.24,5.00,20.04
3244,SZSE.002975,博杰股份,85.90,86.10,86.11,82.98,83.20,-3.14,3.64,1004114,83869039.28,2021-04-27,2.58,11559258880.00,3239258880.00,8.08,30.16
3245,SZSE.002976,瑞玛精密,23.10,23.07,23.46,22.80,23.46,1.56,2.86,472942,10906090.62,2021-04-27,1.61,2346000000.00,689430750.00,3.04,33.49
3246,SZSE.002977,天箭科技,95.92,95.13,95.35,89.98,90.60,-5.55,5.60,1159784,106543767.78,2021-04-27,2.54,6477900000.00,4144950000.00,6.89,64.11
3247,SZSE.002978,安宁股份,47.64,48.02,48.87,47.69,48.59,1.99,2.48,3061730,148311989.73,2021-04-27,3.22,19484590000.00,4616050000.00,4.42,27.81
3248,SZSE.002979,雷赛智能,42.98,42.97,44.49,42.24,43.82,1.95,5.23,1787266,78473210.36,2021-04-27,1.59,9114560000.00,4933109504.12,7.91,51.79
3249,SZSE.002980,华盛昌,40.08,40.00,40.30,39.42,39.76,-0.80,2.20,564900,22430111.76,2021-04-27,1.69,5301335984.00,1325335984.00,4.83,15.70
3250,SZSE.002981,朝阳科技,24.68,24.67,25.49,24.25,25.03,1.42,5.02,877481,21849279.36,2021-04-27,3.66,2402880000.00,600720000.00,2.86,52.86
3251,SZSE.002982,湘佳股份,45.65,45.31,45.31,44.12,44.33,-2.89,2.61,866399,38651857.42,2021-04-27,1.84,4516340400.00,2091821875.00,2.80,25.89
3252,SZSE.002983,芯瑞达,28.72,28.58,28.58,26.88,26.92,-6.27,5.92,2313325,63202761.24,2021-04-27,6.53,3814025600.00,953506400.00,3.64,41.09
3253,SZSE.002984,森麒麟,32.81,32.61,33.43,32.58,32.64,-0.52,2.59,3737921,123029168.01,2021-04-27,5.42,21205194201.60,2252160000.00,3.66,21.56
3254,SZSE.002985,北摩高科,138.15,139.00,145.40,138.96,145.10,5.03,4.66,1762157,252143799.20,2021-04-27,4.69,21788216000.00,5447054000.00,10.02,60.03
3255,SZSE.002986,宇新股份,34.69,34.31,35.16,34.31,35.10,1.18,2.45,583469,20400286.20,2021-04-27,2.06,3978234000.00,994734000.00,2.06,123.12
3256,SZSE.002987,京北方,47.01,46.86,47.73,46.16,46.31,-1.49,3.34,1272979,59550526.19,2021-04-27,3.17,7440274910.42,1860226390.00,4.08,24.45
3257,SZSE.002988,豪美新材,16.19,15.84,16.66,15.65,15.87,-1.98,6.24,14753322,237593651.38,2021-04-27,25.34,3694059900.00,923858433.54,1.75,29.36
3258,SZSE.002989,中天精装,34.96,34.96,35.02,33.66,33.87,-3.12,3.89,709998,24173384.93,2021-04-27,1.88,5127918000.00,1281979500.00,3.10,27.16
3259,SZSE.002990,盛视科技,65.58,64.00,65.65,63.80,64.15,-2.18,2.82,902633,58123593.27,2021-04-27,2.86,8098296000.00,2024574000.00,4.22,36.09
3260,SZSE.002991,甘源食品,86.42,84.08,84.14,79.40,80.36,-7.01,5.48,2019526,164045090.82,2021-04-27,8.67,7490824179.16,1872709440.00,5.12,40.75
3261,SZSE.002992,宝明科技,21.83,21.70,21.70,21.03,21.41,-1.92,3.07,1462500,31175390.00,2021-04-27,4.24,2953743939.50,738645000.00,1.99,95.63
3262,SZSE.002993,奥海科技,66.56,63.50,63.50,59.90,59.97,-9.90,5.41,6151816,372975786.82,2021-04-27,13.61,10842576000.00,2710644000.00,4.72,29.75
3263,SZSE.002995,天地在线,49.06,49.11,49.77,46.46,46.66,-4.89,6.75,633303,30198671.45,2021-04-27,3.92,3017502200.00,754492200.00,2.88,28.39
3264,SZSE.002996,顺博合金,20.69,20.66,21.60,20.50,21.47,3.77,5.32,15396462,326916502.55,2021-04-27,29.05,9425330000.00,1137910000.00,4.84,39.10
3265,SZSE.002997,瑞鹄模具,25.38,24.56,26.54,22.84,24.00,-5.44,14.58,26935077,649224650.24,2021-04-27,58.68,4406400000.00,1101600000.00,4.00,45.93
3266,SZSE.002998,优彩资源,10.81,10.76,10.82,10.40,10.42,-3.61,3.89,6403047,67245679.60,2021-04-27,7.85,3401071328.00,850267832.00,2.37,19.90
3267,SZSE.002999,天禾股份,12.32,12.58,12.63,11.88,11.94,-3.08,6.09,5753560,69724353.32,2021-04-27,9.27,2964463200.00,741235200.00,2.85,36.85
3268,SZSE.003000,劲仔食品,14.42,14.49,14.95,14.43,14.74,2.22,3.61,3878645,56913710.80,2021-04-27,9.69,5896147400.00,589747400.00,6.63,57.09
3269,SZSE.003001,中岩大地,36.87,36.55,37.50,36.25,37.30,1.17,3.39,3757990,138702664.78,2021-04-27,15.47,3669772137.60,906159784.40,2.80,35.24
3270,SZSE.003002,壶化股份,16.70,16.80,16.99,16.08,16.42,-1.68,5.45,11314343,186601836.38,2021-04-27,22.63,3284000000.00,821000000.00,3.14,33.89
3271,SZSE.003003,天元股份,15.61,15.62,15.99,15.35,15.69,0.51,4.10,3362124,52907763.30,2021-04-27,7.61,2772736800.00,693498000.00,2.24,44.87
3272,SZSE.003004,声迅股份,34.18,33.78,34.36,32.01,34.33,0.44,6.88,3347619,110957274.71,2021-04-27,16.36,2809567200.00,702391800.00,4.01,53.16
3273,SZSE.003005,竞业达,42.04,42.00,42.20,41.01,41.10,-2.24,2.83,801158,33280860.78,2021-04-27,3.02,4356600000.00,1089150000.00,3.11,29.45
3274,SZSE.003006,百亚股份,20.76,20.91,22.84,20.81,22.84,10.02,9.78,6551599,144261800.39,2021-04-27,15.32,9770444952.00,977044952.00,8.11,46.96
3275,SZSE.003007,直真科技,27.40,27.37,27.49,26.60,27.05,-1.28,3.25,998600,26996587.00,2021-04-27,4.99,2164000000.00,541000000.00,2.46,32.58
3276,SZSE.003008,开普检测,35.19,35.21,35.21,33.94,33.96,-3.50,3.61,643669,22110250.71,2021-04-27,3.22,2716800000.00,679200000.00,2.65,36.59
3277,SZSE.003009,中天火箭,54.20,53.35,53.35,48.78,49.00,-9.59,8.43,4836128,242119149.42,2021-04-27,12.45,7614223337.00,1903556900.00,5.93,73.61
3278,SZSE.003010,若羽臣,30.02,30.09,30.09,28.66,29.60,-1.40,4.76,2496000,72918625.90,2021-04-27,8.20,3602315264.00,900728000.00,3.37,40.70
3279,SZSE.003011,海象新材,51.21,50.95,51.21,49.13,49.26,-3.81,4.06,984800,49172887.91,2021-04-27,5.37,3612728400.00,903428400.00,2.92,19.81
3280,SZSE.003012,东鹏控股,21.95,21.80,22.35,21.28,21.88,-0.32,4.87,3520191,76755459.17,2021-04-27,2.46,25665240000.00,3128818120.00,3.40,30.13
3281,SZSE.003013,地铁设计,20.94,20.85,20.88,20.14,20.15,-3.77,3.53,3274213,66619546.63,2021-04-27,8.18,8060201500.00,806201500.00,4.18,26.24
3282,SZSE.003015,日久光电,13.80,13.77,13.98,13.16,13.37,-3.12,5.94,6418649,86944002.03,2021-04-27,9.13,3757861337.79,939465337.79,3.27,35.13
3283,SZSE.003016,欣贺股份,10.28,10.35,10.62,10.15,10.48,1.95,4.57,15774925,164406431.73,2021-04-27,14.79,4471467016.00,1117867016.00,1.48,25.09
3284,SZSE.003017,大洋生物,43.13,43.10,43.10,41.83,42.06,-2.48,2.94,679400,28668080.00,2021-04-27,4.53,2523600000.00,630900000.00,2.57,27.55
3285,SZSE.003018,金富科技,12.36,12.30,12.66,12.30,12.61,2.02,2.91,4112788,51420283.28,2021-04-27,6.33,3278600000.00,819650000.00,2.50,32.07
3286,SZSE.003019,宸展光电,27.28,27.00,27.07,26.20,26.64,-2.35,3.19,1468517,38957175.63,2021-04-27,4.59,3409920000.00,852480000.00,2.75,32.08
3287,SZSE.003020,立方制药,40.85,42.28,44.94,41.99,44.94,10.01,7.22,8496368,375255488.43,2021-04-27,36.69,4163241600.00,1040810400.00,3.42,28.17
3288,SZSE.003021,兆威机电,84.84,84.86,85.49,82.79,84.75,-0.11,3.18,970075,81820974.39,2021-04-27,3.64,9080682825.00,2260282500.00,3.22,37.00
3289,SZSE.003022,联泓新科,33.50,32.80,34.24,31.95,33.88,1.13,6.84,8962729,297641123.50,2021-04-27,6.08,34806956800.00,4992556800.00,6.09,42.89
3290,SZSE.003023,彩虹集团,32.38,32.20,35.35,32.00,34.22,5.68,10.35,4224267,143347217.20,2021-04-27,20.81,2772915040.00,694666000.00,2.14,28.14
3291,SZSE.003025,思进智能,36.75,36.98,37.45,35.80,36.14,-1.66,4.49,1675181,61244762.11,2021-04-27,8.33,2905294600.00,726414000.00,3.36,31.03
3292,SZSE.003026,中晶科技,83.04,81.56,82.89,78.36,79.56,-4.19,5.46,4604085,367843420.18,2021-04-27,18.46,7936905600.00,1984783320.00,10.14,91.52
3293,SZSE.003027,同兴环保,42.82,42.74,42.92,40.38,41.91,-2.13,5.93,1994068,82407125.63,2021-04-27,9.20,3632339700.00,908189700.00,2.40,23.58
3294,SZSE.003028,振邦智能,54.72,53.87,54.39,52.12,53.12,-2.92,4.15,3079481,163434146.73,2021-04-27,11.24,5821952000.00,1455488000.00,5.34,33.52
3295,SZSE.003029,吉大正元,24.23,24.18,24.21,23.23,23.43,-3.30,4.04,3453644,81479888.99,2021-04-27,7.66,4226772000.00,1056693000.00,3.43,39.39
3296,SZSE.003030,祖名股份,31.66,31.80,31.86,31.20,31.51,-0.47,2.08,832980,26212541.00,2021-04-27,2.67,3931817800.00,983112000.00,3.92,43.74
3297,SZSE.003031,中瓷电子,61.73,61.60,61.60,58.22,58.98,-4.45,5.48,2306716,136843820.09,2021-04-27,8.65,6291200019.66,1572800019.66,5.91,57.92
3298,SZSE.003032,传智教育,21.10,20.89,21.30,20.50,20.95,-0.71,3.79,2002611,41775979.11,2021-04-27,4.98,8431275125.00,843127512.50,7.33,129.58
3299,SZSE.003033,征和工业,35.67,35.03,35.47,34.30,34.65,-2.86,3.28,3930590,136229469.83,2021-04-27,19.22,2832637500.00,708592500.00,3.08,25.60
3300,SZSE.003035,南网能源,10.91,10.68,10.76,10.02,10.12,-7.24,6.78,106038487,1085552618.26,2021-04-27,14.00,38333333324.44,7666666660.84,6.86,93.48
3301,SZSE.003036,泰坦股份,17.11,16.91,17.10,15.91,16.12,-5.79,6.95,14378275,235034842.12,2021-04-27,26.63,3481920000.00,870480000.00,3.18,47.46
3302,SZSE.003037,三和管桩,16.39,16.49,16.83,15.60,15.71,-4.15,7.50,10688843,172520951.85,2021-04-27,15.72,7915272718.93,1068280000.00,4.63,23.94
3303,SZSE.003038,鑫铂股份,31.17,31.00,31.49,29.20,30.53,-2.05,7.35,3315545,102172468.07,2021-04-27,12.46,3249538096.20,812403300.00,3.77,32.22
3304,SZSE.003039,顺控发展,44.75,44.20,44.57,41.50,42.55,-4.92,6.86,21330251,913847486.21,2021-04-27,34.40,26275421961.50,2638100000.00,12.51,115.43
3305,SZSE.003040,楚天龙,27.39,27.62,29.52,26.40,28.70,4.78,11.39,27618147,783908503.13,2021-04-27,35.23,13234602396.40,2249882400.50,9.64,104.36
3306,SZSE.003041,真爱美家,31.01,31.02,32.29,30.71,31.85,2.71,5.10,5082612,160642423.85,2021-04-27,20.33,3185000000.00,796250000.00,3.04,31.33
3307,SZSE.003042,中农联合,36.13,35.38,35.60,33.90,33.93,-6.09,4.71,5167631,177098280.94,2021-04-27,18.86,3718728000.00,929682000.00,2.40,39.68
3308,SZSE.003043,华亚智能,72.54,68.01,69.00,65.29,65.29,-9.99,5.11,8846587,587019372.58,2021-04-27,44.23,5223200000.00,1305800000.00,6.61,68.79
3309,SZSE.003816,中国广核,2.73,2.73,2.73,2.69,2.70,-1.10,1.47,57998148,156676896.10,2021-04-27,0.59,136346249970.00,26336760457.50,1.40,13.11
3310,SZSE.300001,特锐德,25.88,25.74,26.10,25.25,25.38,-1.93,3.28,9477701,242173696.59,2021-04-27,1.00,26413237895.94,23977081338.66,5.73,129.24
3311,SZSE.300002,神州泰岳,4.62,4.60,4.66,4.53,4.59,-0.65,2.81,20300948,92785535.87,2021-04-27,1.25,9001412206.56,7476761063.61,2.24,25.63
3312,SZSE.300003,乐普医疗,30.89,30.55,31.50,30.35,31.50,1.97,3.72,38120632,1184867356.75,2021-04-27,2.50,56844305185.50,48101569551.00,5.35,31.55
3313,SZSE.300004,南风股份,6.27,6.28,6.28,6.06,6.12,-2.39,3.51,5395500,32974983.00,2021-04-27,1.27,2937560819.76,2601539306.64,1.30,42.79
3314,SZSE.300005,探路者,7.87,7.88,8.00,7.79,7.95,1.02,2.67,15626421,123504149.03,2021-04-27,2.21,7025432378.70,5615262094.20,3.31,-27.28
3315,SZSE.300006,莱美药业,6.62,6.64,6.92,6.57,6.92,4.53,5.29,22404509,151423757.48,2021-04-27,2.76,7306905538.60,5620097189.16,3.19,-27.09
3316,SZSE.300007,汉威科技,14.78,14.78,14.95,14.38,14.52,-1.76,3.86,5203302,75923635.78,2021-04-27,2.13,4254691143.12,3551535197.76,2.66,20.70
3317,SZSE.300008,天海防务,5.11,5.13,5.26,5.03,5.26,2.94,4.50,27831929,143278588.41,2021-04-27,3.74,9089433239.58,3909546221.88,5.47,-37.19
3318,SZSE.300009,安科生物,18.00,18.01,18.78,17.90,18.50,2.78,4.89,25390067,469318443.22,2021-04-27,2.64,25259677352.50,17824916740.50,8.54,70.37
3319,SZSE.300010,*ST豆神,7.30,7.32,7.35,7.14,7.24,-0.82,2.88,17256034,124519128.26,2021-04-27,2.37,6286670444.28,5266835030.48,8.76,-43.00
3320,SZSE.300011,鼎汉技术,5.19,5.20,5.22,5.02,5.10,-1.73,3.85,4867972,24827714.66,2021-04-27,1.00,2849116973.70,2490141004.20,1.92,-6.55
3321,SZSE.300012,华测检测,32.19,32.07,32.72,32.07,32.42,0.71,2.02,9166194,298126243.57,2021-04-27,0.61,53983699847.88,48971999422.92,13.91,81.24
3322,SZSE.300013,新宁物流,5.48,5.42,5.75,5.35,5.56,1.46,7.30,9849745,54207246.20,2021-04-27,2.21,2483580359.40,2479827359.40,12.20,-7.86
3323,SZSE.300014,亿纬锂能,84.57,84.30,84.64,80.00,82.34,-2.64,5.49,31126998,2543287503.10,2021-04-27,1.75,155529179423.86,146616303085.90,10.19,76.00
3324,SZSE.300015,爱尔眼科,70.43,70.44,74.23,69.51,73.98,5.04,6.70,44486315,3232616002.68,2021-04-27,1.30,304909904229.30,254082236414.58,29.66,143.25
3325,SZSE.300016,北陆药业,9.12,9.08,9.38,9.01,9.35,2.52,4.06,8816105,81634474.86,2021-04-27,2.17,4623523350.60,3803517504.60,2.78,26.47
3326,SZSE.300017,网宿科技,6.11,6.10,6.14,6.02,6.03,-1.31,1.96,17171745,103935019.37,2021-04-27,0.76,14791663590.12,13668921693.54,1.70,67.23
3327,SZSE.300018,中元股份,5.70,5.60,5.61,5.04,5.13,-10.00,10.00,21634179,113139116.80,2021-04-27,5.53,2466665779.68,2008530924.48,2.27,52.65
3328,SZSE.300019,硅宝科技,15.92,15.78,15.96,15.35,15.44,-3.02,3.83,4795471,74411590.47,2021-04-27,1.76,6039513488.00,4198552293.28,3.16,27.56
3329,SZSE.300020,银江技术,8.16,8.16,8.23,7.99,8.13,-0.37,2.94,8298180,67029210.58,2021-04-27,1.32,5331565269.18,5099857659.45,1.50,36.60
3330,SZSE.300021,大禹节水,5.07,5.10,5.11,4.91,4.93,-2.76,3.94,12274825,60945552.75,2021-04-27,1.89,3931177208.04,3196934175.50,2.59,34.72
3331,SZSE.300022,吉峰科技,4.14,4.12,4.24,4.00,4.13,-0.24,5.80,12805054,52390364.44,2021-04-27,3.71,1570392769.40,1425873967.42,25.60,-17.35
3332,SZSE.300024,机器人,10.05,10.06,10.11,9.98,9.99,-0.60,1.29,9178237,91860163.54,2021-04-27,0.60,15586793773.83,15156137970.72,3.29,111.09
3333,SZSE.300025,华星创业,3.42,3.41,3.41,3.28,3.30,-3.51,3.80,8335859,27633707.80,2021-04-27,1.95,1414150854.60,1413852369.60,4.46,-5.52
3334,SZSE.300026,红日药业,4.13,4.11,4.24,4.07,4.24,2.66,4.12,61189141,254743679.58,2021-04-27,2.29,12737616508.88,11327987185.84,1.72,22.21
3335,SZSE.300027,华谊兄弟,3.97,3.97,3.97,3.92,3.94,-0.76,1.26,11613052,45744972.23,2021-04-27,0.52,10950264380.86,8843597699.36,3.39,-3.00
3336,SZSE.300029,ST天龙,4.91,4.92,5.00,4.77,4.98,1.43,4.68,2757924,13428525.45,2021-04-27,1.38,996000000.00,996000000.00,192.95,-15.15
3337,SZSE.300030,阳普医疗,11.13,11.00,11.28,10.78,11.13,0.00,4.49,11499012,126819664.96,2021-04-27,4.52,3436897420.95,2831848449.99,3.30,18.61
3338,SZSE.300031,宝通科技,16.23,16.37,16.44,16.04,16.10,-0.80,2.46,2672103,43183224.52,2021-04-27,0.82,6388002087.60,5224878871.80,2.08,14.48
3339,SZSE.300032,金龙机电,5.22,5.18,5.27,5.15,5.19,-0.57,2.30,5278324,27401170.57,2021-04-27,0.66,4168450265.52,4168450265.52,3.33,-17.27
3340,SZSE.300033,同花顺,123.60,119.88,119.88,108.10,111.18,-10.05,9.53,19080635,2139078615.87,2021-04-27,7.02,59770368000.00,30235465595.58,12.58,33.83
3341,SZSE.300034,钢研高纳,24.44,24.44,24.45,23.64,24.13,-1.27,3.31,9580860,229583067.97,2021-04-27,2.23,11728837031.23,10377711487.36,4.51,50.77
3342,SZSE.300035,中科电气,11.70,11.69,11.86,11.35,11.80,0.85,4.36,9338528,108488504.69,2021-04-27,1.77,7579916723.20,6230769682.20,3.47,53.51
3343,SZSE.300036,超图软件,17.03,16.97,17.06,16.37,16.43,-3.52,4.05,5871466,97364789.39,2021-04-27,1.55,7433510993.20,6223366901.00,3.44,31.31
3344,SZSE.300037,新宙邦,79.63,79.36,80.00,74.97,76.76,-3.60,6.32,4227884,324911102.88,2021-04-27,1.43,31532464001.88,22680383128.80,6.14,54.88
3345,SZSE.300038,数知退,2.72,2.69,2.70,2.46,2.53,-6.99,8.82,45386760,116835588.40,2021-04-27,3.91,2964722621.19,2937352170.39,1.12,32.63
3346,SZSE.300039,上海凯宝,4.29,4.22,4.42,4.16,4.42,3.03,6.06,20994940,90262920.67,2021-04-27,2.29,4623320000.00,4049151016.30,1.75,41.78
3347,SZSE.300040,九洲集团,8.30,8.31,8.31,7.94,8.14,-1.93,4.46,21904118,177414178.08,2021-04-27,7.66,3096689300.54,2327335352.76,1.39,35.66
3348,SZSE.300041,回天新材,15.57,15.57,15.85,15.49,15.58,0.06,2.31,6666474,104451650.33,2021-04-27,1.92,6713241194.10,5412680611.48,3.31,28.20
3349,SZSE.300042,朗科科技,14.20,14.25,14.75,14.08,14.38,1.27,4.72,12922253,186114968.46,2021-04-27,7.70,2881752000.00,2413236918.02,2.65,35.31
3350,SZSE.300043,星辉娱乐,3.26,3.15,3.17,3.03,3.09,-5.21,4.29,24622500,76137233.00,2021-04-27,2.63,3844573059.09,2897758125.09,1.36,-58.35
3351,SZSE.300044,赛为智能,4.93,4.94,4.94,4.81,4.86,-1.42,2.64,8710941,42281702.83,2021-04-27,1.30,3774816568.08,3248639487.54,2.27,-7.79
3352,SZSE.300045,华力创通,9.49,9.40,9.40,9.00,9.02,-4.95,4.21,15253792,139532774.31,2021-04-27,3.56,5540238124.74,3865388568.36,3.15,-38.82
3353,SZSE.300046,台基股份,19.40,19.49,19.89,19.16,19.26,-0.72,3.76,11639452,227004872.82,2021-04-27,5.46,4555594205.46,4104691200.00,4.55,93.65
3354,SZSE.300047,天源迪科,6.79,6.76,6.89,6.61,6.70,-1.33,4.12,10841076,72856596.74,2021-04-27,2.07,4272889302.40,3510965945.60,1.30,32.35
3355,SZSE.300048,合康新能,5.23,5.22,5.25,5.05,5.07,-3.06,3.82,12792440,65480282.20,2021-04-27,1.17,5613880989.99,5526743280.24,3.21,-11.34
3356,SZSE.300049,福瑞股份,8.58,8.60,8.85,8.42,8.68,1.17,5.01,7726067,66744013.20,2021-04-27,3.35,2283300908.00,1999605385.12,1.69,36.88
3357,SZSE.300050,世纪鼎利,5.06,5.08,5.08,4.96,4.99,-1.38,2.37,4951620,24703895.82,2021-04-27,0.99,2852267622.82,2498903237.88,1.18,-5.82
3358,SZSE.300051,琏升科技,3.40,3.20,3.27,3.07,3.10,-8.82,5.88,31663617,98996598.49,2021-04-27,8.66,1133665939.00,1133505514.00,4.58,-17.51
3359,SZSE.300052,中青宝,7.30,7.26,7.30,7.05,7.09,-2.88,3.42,4239109,30282444.99,2021-04-27,1.62,1866579337.00,1852001963.77,2.65,-85.29
3360,SZSE.300053,航宇微,8.32,8.41,8.58,8.39,8.52,2.40,2.28,11523640,97883705.09,2021-04-27,1.82,5982387966.24,5387370268.08,1.96,55.34
3361,SZSE.300054,鼎龙股份,15.71,15.81,15.85,15.43,15.70,-0.06,2.67,6565329,102701873.72,2021-04-27,0.96,14648448304.50,10786611194.30,4.01,-107.17
3362,SZSE.300055,万邦达,6.77,6.72,6.99,6.48,6.95,2.66,7.53,12040726,81491751.82,2021-04-27,1.40,6013034464.25,5998539023.00,1.16,176.45
3363,SZSE.300056,中创环保,5.82,5.80,5.94,5.58,5.73,-1.55,6.19,3285841,18648792.85,2021-04-27,0.85,2208860238.39,2208856594.11,2.32,-78.86
3364,SZSE.300057,万顺新材,4.78,4.79,4.82,4.58,4.64,-2.93,5.02,3965594,18518257.36,2021-04-27,0.80,3129983168.32,2312346459.20,0.88,34.61
3365,SZSE.300058,蓝色光标,6.09,6.09,6.12,5.99,6.07,-0.33,2.13,30970745,186881916.51,2021-04-27,1.30,15120599652.38,14455615710.30,1.62,20.88
3366,SZSE.300059,东方财富,31.02,30.10,30.90,29.35,30.21,-2.61,5.00,305949344,9181857444.60,2021-04-27,4.29,260202853393.11,215463920209.77,7.42,44.75
3367,SZSE.300061,旗天科技,6.15,5.96,7.38,5.76,7.38,20.00,26.34,109204076,731019772.84,2021-04-27,20.07,4877768380.50,4015633311.90,3.17,74.64
3368,SZSE.300062,中能电气,8.09,8.19,8.19,7.62,7.74,-4.33,7.05,10323510,80784117.06,2021-04-27,5.32,2383920000.00,1501269169.50,2.98,-128.48
3369,SZSE.300063,天龙集团,4.63,4.61,4.65,4.49,4.53,-2.16,3.46,11212550,50994640.00,2021-04-27,1.85,3398414833.50,2738365747.50,2.68,27.66
3370,SZSE.300065,海兰信,11.26,11.10,11.13,10.18,10.36,-7.99,8.44,12915621,136375879.67,2021-04-27,3.91,4125083002.60,3424572478.04,2.78,98.06
3371,SZSE.300066,三川智慧,4.43,4.39,4.47,4.32,4.35,-1.81,3.39,4756875,20726670.75,2021-04-27,0.48,4524144689.70,4333037775.30,2.29,20.03
3372,SZSE.300067,安诺其,4.07,4.05,4.05,3.92,3.98,-2.21,3.19,10244215,40773849.70,2021-04-27,1.57,3709158102.56,2600007034.02,2.07,32.02
3373,SZSE.300068,南都电源,10.95,10.80,10.99,10.54,10.89,-0.55,4.11,15029574,161551907.38,2021-04-27,1.82,9379294845.03,8996701680.45,1.55,-30.63
3374,SZSE.300069,金利华电,12.70,12.61,12.90,12.51,12.69,-0.08,3.07,290200,3666402.00,2021-04-27,0.25,1484730000.00,1484730000.00,4.82,287.54
3375,SZSE.300070,碧水源,7.20,7.20,7.24,7.09,7.13,-0.97,2.08,22305811,159007374.13,2021-04-27,0.91,22563573715.22,17553354736.05,1.09,20.47
3376,SZSE.300072,海新能科,5.47,5.50,5.58,5.35,5.41,-1.10,4.20,14640456,79519983.68,2021-04-27,0.68,12711986833.82,11571469179.30,1.62,-9.89
3377,SZSE.300073,当升科技,48.48,48.16,48.77,47.18,48.51,0.06,3.28,8255808,396256743.20,2021-04-27,1.90,22005132298.38,21130266381.84,5.56,43.90
3378,SZSE.300074,华平股份,3.79,3.76,3.78,3.68,3.72,-1.85,2.64,7050962,26243501.16,2021-04-27,1.45,1986081588.00,1814601811.92,1.73,87.63
3379,SZSE.300075,数字政通,9.62,9.80,10.50,9.78,10.12,5.20,7.48,23526196,239913348.13,2021-04-27,6.13,4872752726.60,3880849336.32,1.55,30.71
3380,SZSE.300076,GQY视讯,4.44,4.45,4.45,4.32,4.38,-1.35,2.93,5120808,22369775.68,2021-04-27,1.34,1857120000.00,1674656067.84,1.81,195.70
3381,SZSE.300077,国民技术,6.80,6.77,6.84,6.58,6.66,-2.06,3.82,12786100,85583658.64,2021-04-27,2.35,3713715900.00,3630062137.50,3.41,551.73
3382,SZSE.300078,思创医惠,7.74,7.80,8.19,7.47,8.11,4.78,9.30,32850828,258253842.66,2021-04-27,3.93,7050926989.26,6782550999.02,2.37,68.22
3383,SZSE.300079,数码视讯,3.93,3.93,3.94,3.81,3.81,-3.05,3.31,12834250,49405136.22,2021-04-27,1.01,5444523764.22,4825885434.57,1.38,117.02
3384,SZSE.300080,易成新能,4.62,4.60,4.60,4.49,4.49,-2.81,2.38,8055000,36377874.10,2021-04-27,0.74,9344315560.27,4902679312.40,1.94,-177.51
3385,SZSE.300081,恒信东方,8.93,8.95,9.35,8.94,9.26,3.70,4.59,7184633,65734993.50,2021-04-27,1.90,4900001931.76,3494391991.96,2.48,-9.04
3386,SZSE.300082,奥克股份,9.80,9.81,9.84,9.45,9.50,-3.06,3.98,8118764,77912166.99,2021-04-27,1.20,6460932900.00,6436857059.50,1.94,14.67
3387,SZSE.300083,创世纪,11.93,12.45,12.65,11.96,12.31,3.19,5.78,35324407,431845061.93,2021-04-27,2.70,18789742465.49,16102561913.59,7.08,-32.48
3388,SZSE.300084,海默科技,3.99,3.99,4.00,3.88,3.89,-2.51,3.01,3236500,12668440.00,2021-04-27,0.98,1496738720.82,1282735984.09,1.18,-2.50
3389,SZSE.300085,银之杰,16.26,16.10,17.46,16.06,17.20,5.78,8.61,40255229,685564855.69,2021-04-27,7.85,12154217202.00,8816350320.40,9.04,582.70
3390,SZSE.300086,康芝药业,6.68,6.59,8.02,6.41,7.55,13.02,24.10,104042877,768717996.04,2021-04-27,23.88,3397500000.00,3289253656.80,2.31,363.79
3391,SZSE.300087,荃银高科,22.00,21.88,22.55,21.65,21.69,-1.41,4.09,8610354,190168038.66,2021-04-27,2.19,9333859239.99,8545189648.86,13.62,69.94
3392,SZSE.300088,长信科技,7.55,7.43,7.45,7.23,7.32,-3.05,2.91,44660606,326776444.74,2021-04-27,1.84,17969514378.12,17774612014.20,2.49,21.54
3393,SZSE.300089,文化退,5.95,5.95,6.35,5.90,6.23,4.71,7.56,9754566,60576566.18,2021-04-27,3.46,2996984300.10,1754003295.80,37.76,-12.04
3394,SZSE.300091,金通灵,3.76,3.72,3.74,3.61,3.66,-2.66,3.46,18767364,68471119.69,2021-04-27,1.90,5450341023.24,3617182080.90,1.65,52.63
3395,SZSE.300092,科新机电,8.51,8.49,8.58,8.33,8.38,-1.53,2.94,2191140,18386506.20,2021-04-27,1.31,1940799620.00,1401209702.10,2.83,21.57
3396,SZSE.300093,金刚光伏,17.99,18.06,18.94,17.90,18.29,1.67,5.78,6505802,119854125.86,2021-04-27,3.29,3950640000.00,3616029022.50,7.76,-26.81
3397,SZSE.300094,国联水产,3.91,3.89,3.90,3.75,3.78,-3.32,3.84,29309617,111179507.28,2021-04-27,3.35,3475932320.70,3307798472.58,1.65,-5.95
3398,SZSE.300095,华伍股份,9.96,9.97,10.04,9.68,10.01,0.50,3.61,6250265,61508694.70,2021-04-27,2.31,3790895648.54,2706295822.23,2.60,23.06
3399,SZSE.300096,ST易联众,7.76,7.71,7.72,7.41,7.46,-3.87,3.99,5923200,44500847.00,2021-04-27,1.57,3207800000.00,2808766308.34,4.91,-104.02
3400,SZSE.300097,智云股份,8.75,8.75,8.78,8.42,8.73,-0.23,4.11,3981550,34151393.54,2021-04-27,1.51,2519038610.37,2303341017.93,1.86,-4.46
3401,SZSE.300098,高新兴,4.36,4.33,4.59,4.15,4.51,3.44,10.09,116722336,506259614.72,2021-04-27,8.46,7955019807.35,6220880749.16,2.42,-7.21
3402,SZSE.300099,尤洛卡,6.81,6.89,6.89,6.65,6.80,-0.15,3.52,7154251,48135241.25,2021-04-27,1.41,4537879734.00,3453670577.60,2.51,38.10
3403,SZSE.300100,双林股份,9.93,9.90,9.92,9.45,9.46,-4.73,4.73,13584312,129972798.68,2021-04-27,3.56,3846018757.24,3605456198.08,2.12,29.24
3404,SZSE.300101,振芯科技,15.79,15.77,15.87,15.26,15.52,-1.71,3.86,12234111,189923434.91,2021-04-27,2.21,8649916800.00,8592986273.92,8.23,76.10
3405,SZSE.300102,乾照光电,6.57,6.62,6.89,6.51,6.67,1.52,5.78,83250379,557050227.42,2021-04-27,11.77,4718296709.37,4716396759.87,1.97,-30.27
3406,SZSE.300103,达刚控股,9.75,9.69,10.16,9.67,9.86,1.13,5.03,2543201,25383468.08,2021-04-27,1.05,3131545860.00,2396078245.04,2.93,48.66
3407,SZSE.300105,龙源技术,4.26,4.26,4.29,4.14,4.23,-0.70,3.52,9483900,39768818.00,2021-04-27,1.85,2170903680.00,2170903680.00,1.17,221.62
3408,SZSE.300106,西部牧业,10.63,10.70,10.88,10.64,10.75,1.13,2.26,4232062,45501333.36,2021-04-27,2.00,2271822332.50,2271822332.50,3.91,122.78
3409,SZSE.300107,建新股份,5.30,5.27,5.30,5.20,5.21,-1.70,1.89,2130300,11129926.00,2021-04-27,0.63,2872010530.62,1755867296.75,1.93,63.25
3410,SZSE.300108,ST吉药,3.00,3.00,3.03,2.86,2.89,-3.67,5.67,11079124,32238973.86,2021-04-27,2.51,1924782407.86,1275429434.96,-671.96,-0.97
3411,SZSE.300109,新开源,12.10,12.11,12.14,11.68,12.09,-0.08,3.80,3298256,39281648.89,2021-04-27,1.13,3905904004.47,3520117436.16,1.24,87.63
3412,SZSE.300110,华仁药业,4.47,4.43,4.61,4.30,4.61,3.13,6.94,40811966,183112286.18,2021-04-27,3.46,5450001847.02,5429814624.75,2.39,57.60
3413,SZSE.300111,向日葵,2.90,2.88,2.91,2.80,2.89,-0.34,3.79,16474722,47045569.49,2021-04-27,1.47,3236222000.00,3228822429.55,20.76,-90.04
3414,SZSE.300112,万讯自控,8.40,8.38,8.39,8.17,8.26,-1.67,2.62,3165068,26185859.04,2021-04-27,1.60,2360277538.36,1636680235.82,2.21,26.10
3415,SZSE.300113,顺网科技,12.96,12.96,12.98,12.23,12.25,-5.48,5.79,8758833,109576392.03,2021-04-27,1.81,8505018690.00,5927131127.75,3.45,93.57
3416,SZSE.300114,中航电测,13.54,13.50,13.50,13.16,13.29,-1.85,2.51,4226062,56056737.00,2021-04-27,0.72,7851207031.71,7851207031.71,4.04,29.91
3417,SZSE.300115,长盈精密,20.32,20.46,20.56,19.87,20.25,-0.34,3.40,9312361,188001053.33,2021-04-27,1.03,20267342707.50,18345764965.50,2.97,33.77
3418,SZSE.300116,保力新,2.00,1.99,2.00,1.93,1.95,-2.50,3.50,67562635,132015802.45,2021-04-27,1.80,8348111259.15,7331843214.15,22.13,2.97
3419,SZSE.300117,嘉寓股份,3.39,3.39,3.50,3.35,3.41,0.59,4.42,11074686,37925137.54,2021-04-27,1.55,2444151600.00,2444151600.00,1.70,30.24
3420,SZSE.300118,东方日升,13.65,13.59,13.59,13.18,13.38,-1.98,3.00,25190690,336181415.44,2021-04-27,2.80,12060196010.58,12034586690.58,1.42,72.94
3421,SZSE.300119,瑞普生物,28.02,28.25,28.63,27.63,28.35,1.18,3.57,4766351,134585445.78,2021-04-27,1.89,11463587941.05,7153264373.85,4.45,28.79
3422,SZSE.300120,经纬辉开,8.46,8.50,8.65,8.25,8.40,-0.71,4.73,7830045,66082556.77,2021-04-27,2.06,3901617669.60,3190721637.60,1.56,49.03
3423,SZSE.300121,阳谷华泰,13.45,13.50,13.50,13.01,13.35,-0.74,3.64,3900995,51681937.68,2021-04-27,1.08,5008008275.10,4809682664.25,2.87,23.90
3424,SZSE.300122,智飞生物,197.50,198.50,208.31,196.32,207.00,4.81,6.07,16733803,3428951144.72,2021-04-27,1.86,331200000000.00,186376388175.00,36.05,88.96
3425,SZSE.300123,亚光科技,8.88,8.86,8.86,8.35,8.41,-5.29,5.74,20357119,173322940.94,2021-04-27,2.06,8474175221.43,8306361408.63,1.65,241.32
3426,SZSE.300124,汇川技术,79.52,84.59,87.46,83.44,84.47,6.22,5.06,25274379,2155947469.36,2021-04-27,1.80,145265038976.80,118800019155.82,12.81,56.44
3427,SZSE.300125,聆达股份,14.25,14.23,15.00,14.06,14.87,4.35,6.60,3401914,50014206.34,2021-04-27,1.29,3947984925.65,3914052448.11,5.26,-70.48
3428,SZSE.300126,锐奇股份,6.11,6.10,6.15,5.79,5.91,-3.27,5.89,6222744,36767170.16,2021-04-27,2.95,1796389416.00,1245015546.39,1.74,102.90
3429,SZSE.300127,银河磁体,15.57,15.67,15.75,15.40,15.58,0.06,2.25,2681210,41702650.94,2021-04-27,1.18,5034620288.80,3544701461.20,3.76,31.85
3430,SZSE.300128,锦富技术,3.52,3.49,3.53,3.36,3.42,-2.84,4.83,16219324,55555016.16,2021-04-27,1.48,3741874709.04,3740746964.04,3.10,167.39
3431,SZSE.300129,泰胜风能,6.79,6.80,6.80,6.51,6.60,-2.80,4.27,18636797,123208757.39,2021-04-27,3.30,4746411489.60,3731177340.00,1.78,13.61
3432,SZSE.300130,新国都,10.73,10.63,11.20,10.63,11.15,3.91,5.31,13898452,152780184.44,2021-04-27,3.91,5454549649.70,3961692149.95,2.20,63.06
3433,SZSE.300131,英唐智控,7.75,7.69,7.73,7.30,7.40,-4.52,5.55,26983500,201632814.45,2021-04-27,3.19,7914495552.40,6260480386.20,5.33,50.26
3434,SZSE.300132,青松股份,24.00,23.81,23.96,23.00,23.56,-1.83,4.00,6014918,141180548.15,2021-04-27,1.31,12170645674.16,10840554117.72,3.77,25.59
3435,SZSE.300133,华策影视,6.74,6.77,6.80,6.57,6.73,-0.15,3.41,16847028,112518114.88,2021-04-27,1.16,11815684007.73,9745707925.58,2.04,29.60
3436,SZSE.300134,大富科技,9.20,9.15,9.24,8.77,8.94,-2.83,5.11,8008154,71851964.88,2021-04-27,1.12,6861432173.64,6369016973.64,1.37,184.39
3437,SZSE.300135,宝利国际,2.26,2.26,2.26,2.18,2.21,-2.21,3.54,9347592,20608151.40,2021-04-27,1.01,2036736000.00,2036736000.00,1.65,814.78
3438,SZSE.300136,信维通信,28.31,28.25,28.85,27.68,28.13,-0.64,4.13,16382844,463373792.64,2021-04-27,2.01,27217705786.94,22962760496.05,4.83,26.56
3439,SZSE.300137,先河环保,7.23,7.24,7.28,7.10,7.12,-1.52,2.49,12957914,92825597.92,2021-04-27,2.72,3923351756.00,3390185429.68,1.88,19.51
3440,SZSE.300138,晨光生物,15.02,15.13,15.19,14.73,14.93,-0.60,3.06,2772662,41554811.87,2021-04-27,0.65,7954315685.63,6381726737.12,3.08,27.90
3441,SZSE.300139,晓程科技,8.09,7.99,7.99,7.55,7.72,-4.57,5.44,13790576,106318719.96,2021-04-27,6.08,2115280000.00,1752000925.00,2.21,-21.38
3442,SZSE.300140,节能环境,6.17,6.08,6.08,5.80,5.83,-5.51,4.54,9710100,57140338.46,2021-04-27,2.52,2490832823.16,2248303552.22,1.41,-5.08
3443,SZSE.300141,和顺电气,9.43,9.35,9.49,8.93,9.11,-3.39,5.94,18733828,171590660.44,2021-04-27,11.31,2312888706.00,1508528717.09,3.46,-45.28
3444,SZSE.300142,沃森生物,60.00,60.00,62.00,59.22,61.69,2.82,4.63,51658318,3151260565.23,2021-04-27,3.44,96464312717.96,92559719121.31,13.67,96.16
3445,SZSE.300143,盈康生命,22.90,22.79,23.62,22.70,23.29,1.70,4.02,5164019,119977620.92,2021-04-27,0.99,14956069662.90,12119898774.17,6.89,-21.37
3446,SZSE.300144,宋城演艺,21.64,21.74,21.85,21.05,21.48,-0.74,3.70,18512469,395471587.38,2021-04-27,0.84,56163627979.20,47443073186.40,7.44,-33.63
3447,SZSE.300145,中金环境,2.80,2.82,2.82,2.71,2.72,-2.86,3.93,18710120,51390774.00,2021-04-27,1.06,5231752001.92,4804385759.68,1.82,-2.79
3448,SZSE.300146,汤臣倍健,29.20,29.00,29.10,28.24,28.91,-0.99,2.95,16861214,483738344.80,2021-04-27,1.89,45707304216.14,25805361836.03,6.86,29.99
3449,SZSE.300147,香雪制药,7.45,7.31,8.19,7.26,7.96,6.85,12.48,42406172,326337703.70,2021-04-27,6.48,5264437022.60,5205290959.00,1.45,39.82
3450,SZSE.300148,天舟文化,3.28,3.28,3.28,3.15,3.20,-2.44,3.96,18435954,59056785.26,2021-04-27,2.40,2689753747.20,2454238688.00,1.14,-2.93
3451,SZSE.300149,睿智医药,13.90,14.07,14.59,13.80,14.43,3.81,5.68,8236638,116608992.05,2021-04-27,2.05,7211780551.56,5810776829.91,3.00,51.13
3452,SZSE.300150,世纪瑞尔,3.76,3.74,3.78,3.70,3.72,-1.06,2.13,2260868,8413696.14,2021-04-27,0.45,2176594517.16,1854901792.08,1.15,-26.90
3453,SZSE.300151,昌红科技,29.67,30.05,30.05,29.08,29.79,0.40,3.27,2951528,87419651.04,2021-04-27,0.96,14969475000.00,9181689995.70,14.00,78.43
3454,SZSE.300152,新动力,3.37,3.35,3.41,3.30,3.33,-1.19,3.26,13633100,45779620.94,2021-04-27,1.91,2373624000.00,2372034174.75,3.21,-19.88
3455,SZSE.300153,科泰电源,6.26,6.06,6.14,5.65,5.82,-7.03,7.83,28639193,167542069.30,2021-04-27,9.02,1862400000.00,1846961786.52,2.46,-58.17
3456,SZSE.300154,瑞凌股份,5.52,5.56,5.73,5.53,5.59,1.27,3.62,4404897,24845798.90,2021-04-27,1.37,2545104640.00,1796358518.50,1.56,29.86
3457,SZSE.300155,安居宝,6.17,6.23,6.27,6.05,6.13,-0.65,3.57,3545300,21706914.00,2021-04-27,1.26,3330861790.26,1728103218.23,2.53,31.86
3458,SZSE.300157,新锦动力,3.31,3.31,3.32,3.18,3.23,-2.42,4.23,6599400,21302179.00,2021-04-27,0.93,2300125820.11,2283805660.48,2.61,-1.90
3459,SZSE.300158,振东制药,5.36,5.33,5.33,5.17,5.26,-1.87,2.99,22322449,116892375.92,2021-04-27,2.21,5404621911.60,5321572539.56,0.94,18.10
3460,SZSE.300159,新研股份,3.09,3.07,3.07,2.92,2.97,-3.88,4.85,32453924,96980090.94,2021-04-27,2.32,4426369799.94,4149724724.64,2.96,-4.59
3461,SZSE.300160,秀强股份,6.18,6.22,6.35,6.12,6.28,1.62,3.72,6842720,42732444.60,2021-04-27,1.17,3884195216.44,3663412842.32,3.78,36.22
3462,SZSE.300161,华中数控,20.29,20.31,24.35,20.30,23.08,13.75,19.96,10188519,234133162.70,2021-04-27,6.06,3987428917.08,3877555192.28,3.46,42.56
3463,SZSE.300162,雷曼光电,6.29,6.29,6.95,6.00,6.14,-2.38,15.10,42384772,270348521.48,2021-04-27,16.04,2145991584.20,1622218693.86,3.50,-6.78
3464,SZSE.300163,先锋新材,3.48,3.46,3.47,3.32,3.37,-3.16,4.31,6528412,22020773.20,2021-04-27,1.38,1597380000.00,1596115239.00,2.67,79.46
3465,SZSE.300164,通源石油,3.40,3.40,3.46,3.36,3.45,1.47,2.94,5780398,19719744.28,2021-04-27,1.30,1771679497.05,1539806697.90,1.92,-1.72
3466,SZSE.300165,天瑞仪器,4.55,4.53,4.53,4.35,4.38,-3.74,3.96,7862820,34584363.40,2021-04-27,2.46,2176820010.60,1399014788.22,1.27,109.51
3467,SZSE.300166,东方国信,8.92,8.93,9.00,8.80,8.89,-0.34,2.24,8953064,79461113.22,2021-04-27,1.09,9389533500.55,7272320535.34,1.60,18.63
3468,SZSE.300167,ST迪威迅,4.08,4.01,4.11,3.88,3.94,-3.43,5.64,4131263,16460501.84,2021-04-27,1.38,1182945600.00,1182945600.00,2.99,-48.14
3469,SZSE.300168,万达信息,15.08,15.06,15.34,14.82,14.86,-1.46,3.45,13320529,200753496.68,2021-04-27,1.12,17647509563.32,17628472328.16,12.08,-15.33
3470,SZSE.300169,天晟新材,8.10,8.14,8.28,8.02,8.25,1.85,3.21,4847439,39439788.20,2021-04-27,1.84,2689370805.00,2172828116.25,4.37,-9.45
3471,SZSE.300170,汉得信息,6.73,6.75,6.76,6.57,6.65,-1.19,2.82,6440036,42641443.43,2021-04-27,0.80,5878712644.35,5337814079.85,1.85,89.47
3472,SZSE.300171,东富龙,27.05,27.47,27.90,26.50,27.63,2.14,5.18,20431592,558125722.34,2021-04-27,4.78,17360952415.20,11822256071.01,4.66,32.96
3473,SZSE.300172,中电环保,6.12,6.11,6.17,5.98,6.12,0.00,3.10,19185937,116331448.87,2021-04-27,5.10,3186748566.00,2301254560.44,1.92,18.00
3474,SZSE.300173,福能东方,5.12,5.09,5.09,4.91,4.93,-3.71,3.52,8539495,42322485.94,2021-04-27,1.35,3622197691.14,3127385970.37,2.37,72.95
3475,SZSE.300174,元力股份,15.55,15.56,15.70,15.21,15.38,-1.09,3.15,683800,10523475.00,2021-04-27,0.22,4766310723.84,4729085587.04,2.79,37.83
3476,SZSE.300175,朗源股份,5.25,5.18,5.60,5.02,5.37,2.29,11.05,23118142,121578869.62,2021-04-27,4.91,2528196000.00,2528196000.00,3.91,-13.33
3477,SZSE.300176,派生科技,6.23,6.20,6.22,6.07,6.11,-1.93,2.41,2765350,16924566.50,2021-04-27,0.74,2366285688.00,2292409458.04,2.46,-13.85
3478,SZSE.300177,中海达,9.46,9.46,9.51,9.20,9.31,-1.59,3.28,10061968,93899459.22,2021-04-27,1.91,6928214004.46,4917380778.73,3.03,-63.14
3479,SZSE.300178,腾邦退,3.30,3.18,3.24,3.03,3.06,-7.27,6.36,39352396,121928497.80,2021-04-27,6.73,1886515376.58,1789245375.66,7.59,-1.01
3480,SZSE.300179,四方达,5.33,5.33,5.33,5.11,5.17,-3.00,4.13,8628573,44610885.40,2021-04-27,2.54,2555680924.83,1753828343.96,2.74,41.93
3481,SZSE.300180,华峰超纤,5.60,5.60,5.61,5.42,5.51,-1.61,3.39,13915419,76263308.14,2021-04-27,1.04,9703441454.05,7359072529.01,1.88,-22.62
3482,SZSE.300181,佐力药业,7.14,7.17,7.27,7.00,7.19,0.70,3.78,10998605,78717585.15,2021-04-27,2.37,4376012657.12,3334761099.22,2.49,35.96
3483,SZSE.300182,捷成股份,3.68,3.71,3.73,3.52,3.53,-4.08,5.71,58847963,211553757.20,2021-04-27,2.99,9089611648.71,6940473144.53,1.44,-3.74
3484,SZSE.300183,东软载波,14.81,14.75,14.84,14.23,14.49,-2.16,4.12,7911040,114574871.86,2021-04-27,2.79,6703206395.13,4115002595.13,2.22,32.83
3485,SZSE.300184,力源信息,3.96,3.96,3.98,3.80,3.85,-2.78,4.55,28717893,110789257.36,2021-04-27,2.85,4535909154.70,3879606438.40,1.51,-2.64
3486,SZSE.300185,通裕重工,3.12,3.11,3.11,3.02,3.05,-2.24,2.88,43491650,132610834.00,2021-04-27,1.42,11885188824.05,9350453512.15,1.80,31.17
3487,SZSE.300187,永清环保,6.54,6.51,6.58,6.31,6.40,-2.14,4.13,5177200,33098934.00,2021-04-27,0.81,4124801056.00,4065601926.40,2.82,55.09
3488,SZSE.300188,国投智能,17.29,17.31,17.37,16.94,17.01,-1.62,2.49,6373173,108645613.66,2021-04-27,1.06,13722423123.15,10227618332.19,4.22,36.63
3489,SZSE.300189,神农科技,4.67,4.70,4.83,4.66,4.72,1.07,3.64,28866208,137127456.26,2021-04-27,3.00,4833280000.00,4545594810.56,5.21,-23.37
3490,SZSE.300190,维尔利,6.95,6.95,6.99,6.84,6.98,0.43,2.16,5258807,36334363.07,2021-04-27,0.70,5455470335.84,5207022128.82,1.26,15.27
3491,SZSE.300191,潜能恒信,17.50,17.49,17.49,17.12,17.30,-1.14,2.11,1006960,17362916.09,2021-04-27,0.49,5536000000.00,3581446000.00,4.57,244.60
3492,SZSE.300192,科德教育,13.42,13.43,13.45,13.06,13.18,-1.79,2.91,3404062,44776860.16,2021-04-27,1.74,3914768609.70,2579356603.96,4.19,29.91
3493,SZSE.300193,佳士科技,9.08,9.08,9.23,8.90,9.09,0.11,3.63,8395036,75976140.22,2021-04-27,1.85,4607732907.90,4134032509.95,1.98,24.19
3494,SZSE.300194,福安药业,4.24,4.20,4.48,4.10,4.41,4.01,8.96,53678561,231021410.85,2021-04-27,5.70,5246631604.62,4149631880.10,1.26,25.06
3495,SZSE.300195,长荣股份,5.30,5.28,5.40,5.16,5.31,0.19,4.53,7932100,41855225.54,2021-04-27,2.53,2248186860.36,1664488163.61,0.82,-33.04
3496,SZSE.300196,长海股份,16.91,16.94,17.55,16.94,17.38,2.78,3.61,4671508,81006266.63,2021-04-27,1.90,7103212587.02,4272549297.50,2.39,22.15
3497,SZSE.300197,节能铁汉,3.15,3.13,3.22,3.10,3.18,0.95,3.81,11316925,35624550.52,2021-04-27,0.64,8976729280.74,5648870283.54,1.37,152.64
3498,SZSE.300198,纳川股份,3.92,3.97,4.01,3.91,3.94,0.51,2.55,5419540,21384379.20,2021-04-27,0.62,4064301247.60,3425342657.46,2.80,-48.93
3499,SZSE.300199,翰宇药业,4.50,4.51,5.28,4.39,4.86,8.00,19.78,31214828,149910597.01,2021-04-27,4.96,4456265414.40,3057413436.90,2.67,-5.95
3500,SZSE.300200,高盟新材,9.30,9.28,9.30,8.97,9.06,-2.58,3.55,6055022,54805686.76,2021-04-27,1.46,3861635401.38,3759626270.22,2.10,15.68
3501,SZSE.300201,海伦哲,2.62,2.62,2.62,2.51,2.56,-2.29,4.20,10808294,27580715.34,2021-04-27,1.14,2664759086.08,2422495239.68,2.30,58.91
3502,SZSE.300202,聚龙退,6.24,6.21,6.55,6.12,6.51,4.33,6.89,26506425,169561654.71,2021-04-27,5.94,3577271040.00,2906534061.06,2.20,136.66
3503,SZSE.300203,聚光科技,12.73,12.81,13.07,12.58,12.99,2.04,3.85,5387217,68862233.59,2021-04-27,1.19,5878201026.00,5871821637.00,1.59,-25.24
3504,SZSE.300204,舒泰神,8.15,8.15,8.25,8.03,8.16,0.12,2.70,2985652,24300584.54,2021-04-27,0.64,3884441879.04,3811441866.24,2.52,-30.30
3505,SZSE.300205,ST天喻,8.61,8.50,9.04,8.48,8.97,4.18,6.50,8777613,77156439.30,2021-04-27,2.06,3857602320.00,3821119428.36,2.94,-131.60
3506,SZSE.300206,理邦仪器,18.21,18.10,19.06,17.96,19.06,4.67,6.04,9810824,181913031.25,2021-04-27,2.91,11087618384.76,6422273956.90,5.85,15.92
3507,SZSE.300207,欣旺达,21.81,21.77,22.00,21.00,21.41,-1.83,4.59,18737878,400903831.70,2021-04-27,1.33,33712763663.21,30117594579.13,4.82,42.04
3508,SZSE.300208,青岛中程,8.39,8.39,8.42,7.98,8.24,-1.79,5.24,12494250,101941080.50,2021-04-27,1.82,6175674000.00,5664129213.28,4.60,-14.12
3509,SZSE.300209,ST有棵树,7.29,7.25,7.32,6.97,7.01,-3.84,4.80,7684974,54443150.00,2021-04-27,2.29,2970361488.24,2355458076.91,0.96,-78.33
3510,SZSE.300210,森远股份,4.23,4.23,4.25,4.08,4.18,-1.18,4.02,6625584,27467890.60,2021-04-27,1.69,2024039403.54,1643388092.28,2.02,16.27
3511,SZSE.300211,亿通科技,9.53,9.53,9.58,9.14,9.18,-3.67,4.62,2528627,23383891.31,2021-04-27,0.85,2778565432.14,2726243599.86,6.03,301.01
3512,SZSE.300212,易华录,27.20,26.50,26.50,24.82,25.26,-7.13,6.18,11605432,295847277.25,2021-04-27,1.87,16410030754.98,15653568221.46,4.07,23.80
3513,SZSE.300213,佳讯飞鸿,6.11,6.09,6.13,6.00,6.04,-1.15,2.13,6504663,39287195.33,2021-04-27,1.19,3601009633.92,3297274970.08,1.70,29.72
3514,SZSE.300214,日科化学,7.61,7.61,7.68,7.53,7.60,-0.13,1.97,1326053,10042433.74,2021-04-27,0.36,3236175866.40,2770001153.60,1.68,15.63
3515,SZSE.300215,电科院,6.84,6.81,7.13,6.75,7.07,3.36,5.56,14129100,98889773.72,2021-04-27,2.52,5361339983.09,3960374765.34,2.89,61.89
3516,SZSE.300217,东方电热,2.93,2.93,2.93,2.84,2.86,-2.39,3.07,19045700,54677434.40,2021-04-27,2.17,3642191999.16,2514392586.42,1.76,-33.79
3517,SZSE.300218,安利股份,10.06,10.18,10.36,10.08,10.17,1.09,2.78,2086710,21370086.56,2021-04-27,0.96,2206757790.00,2199530926.98,2.01,25.66
3518,SZSE.300219,鸿利智汇,10.68,10.58,10.78,10.42,10.59,-0.84,3.37,3500226,36989859.90,2021-04-27,0.56,7497121728.54,6647291839.71,3.79,52.25
3519,SZSE.300220,ST金运,11.85,11.70,11.78,11.23,11.46,-3.29,4.64,3150823,36046611.42,2021-04-27,2.10,1732752000.00,1723483495.80,8.33,417.40
3520,SZSE.300221,银禧科技,6.80,6.76,6.78,6.51,6.58,-3.24,3.97,16541612,109347604.48,2021-04-27,3.77,2960628644.54,2885782763.22,2.63,29.30
3521,SZSE.300222,科大智能,7.93,7.93,8.66,7.92,8.53,7.57,9.33,50358687,419067810.35,2021-04-27,9.27,6173690627.70,4635814837.85,3.38,-31059.93
3522,SZSE.300223,北京君正,63.15,63.14,63.15,60.40,60.87,-3.61,4.35,5119058,314175330.20,2021-04-27,3.68,28546653911.91,8465562267.87,3.42,389.98
3523,SZSE.300224,正海磁材,11.15,11.15,11.21,10.85,11.03,-1.08,3.23,7102150,78290894.53,2021-04-27,0.87,9046988612.68,8954845426.58,3.41,60.90
3524,SZSE.300225,金力泰,15.53,15.48,16.42,15.45,16.39,5.54,6.25,22892498,367828427.87,2021-04-27,4.89,8018074867.00,7668330558.24,7.73,87.83
3525,SZSE.300226,上海钢联,65.55,65.37,66.45,64.40,66.23,1.04,3.13,1566787,103056226.92,2021-04-27,0.85,12645334962.60,12172879879.87,8.98,58.36
3526,SZSE.300227,光韵达,9.85,9.77,9.77,9.41,9.53,-3.25,3.65,10583212,101268748.17,2021-04-27,2.88,4735137678.29,3505904157.42,3.41,36.48
3527,SZSE.300228,富瑞特装,6.92,6.83,7.21,6.67,7.20,4.05,7.80,28236597,197480720.47,2021-04-27,6.72,4142925712.80,3024600782.40,2.14,58.01
3528,SZSE.300229,拓尔思,8.50,8.46,8.59,8.33,8.36,-1.65,3.06,3791947,31882227.78,2021-04-27,0.54,5994260698.80,5897835915.40,2.75,18.55
3529,SZSE.300230,永利股份,4.29,4.28,4.36,4.12,4.31,0.47,5.59,8093736,34102200.28,2021-04-27,1.46,3517848036.71,2388257372.40,1.58,17.79
3530,SZSE.300231,银信科技,7.66,7.65,7.70,7.41,7.48,-2.35,3.79,5600357,42016290.89,2021-04-27,1.53,3306909645.60,2741668343.48,2.43,20.03
3531,SZSE.300232,洲明科技,8.12,8.16,8.17,7.94,8.04,-0.99,2.83,9999842,80210188.98,2021-04-27,1.37,8796479395.08,5861053727.28,2.43,31.29
3532,SZSE.300233,金城医药,23.70,23.00,23.92,22.50,23.88,0.76,5.99,6855316,160512902.83,2021-04-27,1.87,9320109391.44,8758100182.32,2.67,-17.29
3533,SZSE.300234,开尔新材,8.26,8.25,8.25,7.70,7.80,-5.57,6.66,37912306,297881420.03,2021-04-27,11.98,3989107870.80,2468032015.80,4.41,53.21
3534,SZSE.300235,方直科技,10.82,10.75,10.88,10.55,10.64,-1.66,3.05,1840511,19605450.75,2021-04-27,1.63,1785722797.60,1200294793.04,2.69,53.74
3535,SZSE.300236,上海新阳,38.38,38.41,38.57,36.70,36.93,-3.78,4.87,4362094,162344662.66,2021-04-27,1.52,11573175175.86,10596757424.16,3.05,42.19
3536,SZSE.300237,美晨生态,2.58,2.55,2.55,2.39,2.42,-6.20,6.20,44073850,107439117.35,2021-04-27,3.06,3516435474.20,3484432767.42,1.12,87.22
3537,SZSE.300238,冠昊生物,19.76,19.55,20.17,18.81,20.08,1.62,6.88,11748346,227698097.08,2021-04-27,4.56,5324326476.08,5169613088.08,7.12,99.91
3538,SZSE.300239,东宝生物,6.62,6.65,7.27,6.55,7.11,7.40,10.88,69240252,482655489.07,2021-04-27,13.71,3710069867.88,3590569125.90,3.73,188.42
3539,SZSE.300240,飞力达,5.29,5.57,6.05,5.50,5.53,4.54,10.40,21756672,124287144.00,2021-04-27,6.02,2021545417.50,1999659469.22,1.68,71.72
3540,SZSE.300241,瑞丰光电,6.59,6.56,6.56,6.20,6.27,-4.86,5.46,10687100,67531950.00,2021-04-27,2.51,3359434418.01,2670860183.97,2.66,69.77
3541,SZSE.300242,佳云科技,4.05,4.03,4.20,4.01,4.15,2.47,4.69,11193400,45920275.00,2021-04-27,1.88,2633404179.60,2466974546.70,3.63,-7.15
3542,SZSE.300243,瑞丰高材,13.27,13.45,13.69,13.20,13.40,0.98,3.69,5934044,79648626.98,2021-04-27,3.16,3113126203.40,2515923043.40,4.00,29.51
3543,SZSE.300244,迪安诊断,37.03,37.04,39.18,36.37,38.82,4.83,7.59,18494137,710286493.78,2021-04-27,4.04,24086191050.72,17761862078.46,4.71,30.00
3544,SZSE.300245,天玑科技,8.75,8.73,8.75,8.42,8.48,-3.09,3.77,3726650,31767145.83,2021-04-27,1.21,2658119540.64,2611503403.36,1.79,100.38
3545,SZSE.300246,宝莱特,23.10,22.98,22.98,21.61,22.10,-4.33,5.93,4899924,108348379.80,2021-04-27,4.48,3228553595.80,2419690789.10,3.63,9.96
3546,SZSE.300247,融捷健康,3.16,3.20,3.20,3.03,3.10,-1.90,5.38,23703378,73344213.24,2021-04-27,2.95,2492524970.30,2489386220.30,3.06,-59.16
3547,SZSE.300248,新开普,10.01,10.12,10.19,9.55,9.81,-2.00,6.39,22863126,223755604.80,2021-04-27,5.70,4719517375.95,3937928983.56,2.69,28.91
3548,SZSE.300249,依米康,7.53,7.50,7.54,7.24,7.45,-1.06,3.98,8045750,59135539.50,2021-04-27,2.64,3259152945.30,2274263362.50,5.03,-33.51
3549,SZSE.300250,初灵信息,9.12,9.13,9.22,9.01,9.21,0.99,2.30,1914582,17472590.86,2021-04-27,1.20,2026106997.42,1467503689.17,3.02,-5.50
3550,SZSE.300251,光线传媒,12.22,12.35,12.55,12.25,12.38,1.31,2.45,11599650,144001832.92,2021-04-27,0.42,36318072388.16,34466039244.16,3.93,78.95
3551,SZSE.300252,金信诺,7.11,7.11,7.22,6.86,6.89,-3.09,5.06,6390324,44379185.96,2021-04-27,1.55,3978829166.26,2834577335.72,1.70,61.76
3552,SZSE.300253,卫宁健康,17.95,17.95,18.00,17.49,17.82,-0.72,2.84,19867283,353078916.42,2021-04-27,1.11,38161766845.62,31997896240.86,8.35,77.71
3553,SZSE.300254,仟源医药,6.18,6.24,6.76,6.01,6.48,4.85,12.14,11810434,76298605.12,2021-04-27,5.56,1477251568.08,1375664828.40,2.15,-6.79
3554,SZSE.300255,常山药业,7.05,6.94,7.53,6.84,7.47,5.96,9.79,49892785,362295633.46,2021-04-27,7.32,6984202578.66,5092262023.50,2.40,29.64
3555,SZSE.300256,星星科技,5.23,5.21,5.36,5.05,5.14,-1.72,5.93,23130673,120019348.39,2021-04-27,2.42,4923793075.44,4923084721.76,-1.75,18.43
3556,SZSE.300257,开山股份,14.18,14.08,14.30,13.99,14.01,-1.20,2.19,1640326,23161369.96,2021-04-27,0.20,13920826602.18,11456196018.33,2.88,54.38
3557,SZSE.300258,精锻科技,11.32,11.32,11.41,11.10,11.21,-0.97,2.74,2295368,25670704.11,2021-04-27,0.61,5400650141.13,4225940564.93,1.76,30.40
3558,SZSE.300259,新天科技,4.32,4.30,4.32,4.18,4.21,-2.55,3.24,8106474,34290772.86,2021-04-27,1.00,4949520003.18,3427601605.71,1.90,11.67
3559,SZSE.300260,新莱应材,14.50,15.00,15.20,14.06,14.11,-2.69,7.86,5853288,84711313.16,2021-04-27,3.86,3196751821.77,2142089938.33,2.79,30.76
3560,SZSE.300261,雅本化学,5.32,5.29,5.55,5.18,5.46,2.63,6.95,16929309,91113877.02,2021-04-27,1.79,5259669711.66,5159816609.22,2.50,32.67
3561,SZSE.300262,巴安水务,3.32,3.29,3.31,3.24,3.28,-1.20,2.11,6815341,22290557.49,2021-04-27,1.49,2196835756.72,1503815380.72,1.19,-22.77
3562,SZSE.300263,隆华科技,6.33,6.33,6.33,6.20,6.25,-1.26,2.05,7391926,46154849.66,2021-04-27,0.97,5714958150.00,4739768875.00,2.09,26.82
3563,SZSE.300264,佳创视讯,3.59,3.58,3.61,3.43,3.44,-4.18,5.01,8637262,30095639.90,2021-04-27,2.59,1421064000.00,1147697602.56,5.73,-37.95
3564,SZSE.300265,通光线缆,8.39,8.40,8.41,8.21,8.37,-0.24,2.38,2564488,21230366.88,2021-04-27,0.70,3054671818.29,3047520180.60,2.35,51.54
3565,SZSE.300266,兴源环境,2.98,2.98,3.00,2.90,2.92,-2.01,3.36,13717577,40269005.39,2021-04-27,0.89,4601244717.88,4522076734.72,2.45,-8.93
3566,SZSE.300267,尔康制药,3.87,3.85,4.01,3.76,4.00,3.36,6.46,40526822,158691148.47,2021-04-27,2.85,8250419480.00,5680699716.00,1.41,46.39
3567,SZSE.300268,*ST佳沃,9.85,9.76,9.86,9.53,9.60,-2.54,3.35,1558100,14985787.00,2021-04-27,1.16,1672320000.00,1284651120.00,-3.22,-3.30
3568,SZSE.300269,联建光电,3.29,3.25,3.28,3.13,3.15,-4.26,4.56,10450986,33238728.19,2021-04-27,2.49,1756731623.85,1319810486.40,21.30,-1.13
3569,SZSE.300270,中威电子,4.71,4.69,4.74,4.58,4.74,0.64,3.40,2873209,13383506.48,2021-04-27,1.45,1435300572.72,938962787.10,1.82,-13.26
3570,SZSE.300271,华宇软件,19.08,18.95,19.15,18.65,18.77,-1.62,2.62,5777867,108743861.38,2021-04-27,0.80,15562341637.21,13499462195.82,2.39,43.04
3571,SZSE.300272,开能健康,6.40,6.18,6.61,5.70,6.42,0.31,14.22,46773598,289421286.08,2021-04-27,11.39,3703514830.98,2636679355.98,3.14,72.80
3572,SZSE.300273,和佳退,5.59,5.70,6.14,5.45,5.98,6.98,12.34,71287434,414568532.65,2021-04-27,11.36,4738278211.68,3753951398.60,1.80,75.77
3573,SZSE.300274,阳光电源,81.03,81.10,85.20,81.00,83.38,2.90,5.18,40983757,3410702190.15,2021-04-27,3.77,121479603003.00,90577353345.38,11.18,62.16
3574,SZSE.300275,梅安森,8.45,8.47,8.47,8.08,8.27,-2.13,4.62,2798900,23038372.54,2021-04-27,2.22,1557644203.85,1041411146.06,2.24,56.91
3575,SZSE.300276,三丰智能,3.31,3.29,3.32,3.19,3.23,-2.42,3.93,11376966,36722295.62,2021-04-27,1.27,4622680915.26,2887423919.62,1.98,28.29
3576,SZSE.300277,海联讯,7.89,7.86,7.86,7.61,7.66,-2.92,3.17,3653394,28022892.22,2021-04-27,1.09,2566100000.00,2561771142.50,5.28,108.48
3577,SZSE.300278,华昌达,2.99,3.00,3.03,2.83,2.89,-3.34,6.69,20682718,59770889.66,2021-04-27,4.74,1663820430.68,1261599192.57,-4.41,-2.84
3578,SZSE.300279,和晶科技,5.11,5.12,5.14,4.86,4.97,-2.74,5.48,12113219,59969497.13,2021-04-27,2.76,2231241730.06,2184495197.29,2.44,146.78
3579,SZSE.300280,紫天科技,48.26,47.85,50.30,46.20,47.00,-2.61,8.50,5374146,257535858.30,2021-04-27,3.48,7617089968.00,7257935943.00,3.70,17.39
3580,SZSE.300281,金明精机,5.32,5.34,5.34,5.02,5.08,-4.51,6.02,6493770,33161829.61,2021-04-27,1.63,2128131786.40,2018415632.96,1.67,49.16
3581,SZSE.300282,*ST三盛,4.18,4.16,4.19,4.01,4.07,-2.63,4.31,11443300,46619225.00,2021-04-27,3.06,1523427271.85,1520591320.27,0.88,-13.44
3582,SZSE.300283,温州宏丰,4.71,4.71,4.71,4.52,4.60,-2.34,4.03,8889025,40766594.01,2021-04-27,3.22,2010592058.00,1269096783.00,2.59,72.18
3583,SZSE.300284,苏交科,5.59,5.56,5.58,5.45,5.49,-1.79,2.33,4221284,23229114.23,2021-04-27,0.61,5333018830.20,3814472433.78,1.04,12.84
3584,SZSE.300285,国瓷材料,49.57,49.35,50.20,48.80,49.50,-0.14,2.82,4311758,213309219.18,2021-04-27,0.57,49688611731.00,37466305816.50,9.59,77.07
3585,SZSE.300286,安科瑞,13.91,14.00,14.00,13.45,13.79,-0.86,3.95,1539020,21052890.90,2021-04-27,0.89,2964017428.75,2375573430.86,3.49,24.41
3586,SZSE.300287,飞利信,3.84,3.80,3.89,3.71,3.74,-2.60,4.69,115408140,438768567.82,2021-04-27,9.95,5367924041.92,4339614018.96,2.21,-4.15
3587,SZSE.300288,朗玛信息,9.28,9.26,9.78,9.19,9.69,4.42,6.36,10207868,97724712.02,2021-04-27,4.11,3274652185.38,2406214898.79,2.28,57.07
3588,SZSE.300289,利德曼,6.22,6.18,6.36,5.85,6.35,2.09,8.20,13052830,79691597.64,2021-04-27,3.13,2673680104.75,2651849281.00,2.11,-52.44
3589,SZSE.300290,荣科科技,7.28,7.29,7.42,7.23,7.31,0.41,2.61,9768300,71353128.00,2021-04-27,1.77,4367929168.30,4024357238.46,3.19,54.35
3590,SZSE.300291,百纳千成,5.15,5.15,5.15,5.06,5.13,-0.39,1.75,3778818,19286409.60,2021-04-27,0.50,4714452137.34,3911475942.72,1.30,41.98
3591,SZSE.300292,吴通控股,3.31,3.31,3.32,3.20,3.22,-2.72,3.63,16975978,54889077.51,2021-04-27,1.62,4105018532.72,3377877614.30,3.81,188.32
3592,SZSE.300293,蓝英装备,12.10,12.11,12.18,11.64,11.83,-2.23,4.46,6576041,77614923.93,2021-04-27,2.44,3194100000.00,3194100000.00,5.61,-65.92
3593,SZSE.300294,博雅生物,33.46,32.99,34.12,32.00,33.71,0.75,6.34,9548570,318205302.44,2021-04-27,2.29,14607381131.73,14048977307.72,3.47,44.05
3594,SZSE.300295,三六五网,10.10,10.25,10.85,10.25,10.68,5.74,5.94,9697717,103328292.71,2021-04-27,6.00,2053633170.00,1727406151.32,1.56,20.57
3595,SZSE.300296,利亚德,7.36,7.26,7.35,7.06,7.11,-3.40,3.94,68845632,493762950.61,2021-04-27,3.46,18080029508.58,14139671689.26,2.48,-20.37
3596,SZSE.300297,蓝盾退,3.78,3.76,3.79,3.61,3.64,-3.70,4.76,33256103,121984081.01,2021-04-27,3.25,4549402970.84,3725127001.96,1.74,-3.96
3597,SZSE.300298,三诺生物,36.13,35.58,37.03,35.50,36.70,1.58,4.23,3883658,140348386.12,2021-04-27,0.85,20747050737.80,16701406676.70,7.78,123.26
3598,SZSE.300299,富春股份,5.69,5.72,5.73,5.52,5.59,-1.76,3.69,11416696,63819902.72,2021-04-27,1.79,3863972821.15,3575043368.78,8.40,105.25
3599,SZSE.300300,海峡创新,4.46,4.41,4.49,4.31,4.33,-2.91,4.04,17297545,75800770.08,2021-04-27,2.58,2907148620.30,2906168355.93,3.19,-2.39
3600,SZSE.300301,*ST长方,3.15,3.10,3.11,2.88,2.92,-7.30,7.30,32473214,96474089.80,2021-04-27,4.11,2307117605.48,2307117605.48,2.03,-89.45
3601,SZSE.300302,同有科技,9.70,9.37,9.65,9.20,9.30,-4.12,4.64,20901687,195855086.40,2021-04-27,6.05,4462802439.00,3214610546.40,3.14,119.70
3602,SZSE.300303,聚飞光电,4.94,4.90,4.93,4.78,4.83,-2.23,3.04,13172180,63718117.50,2021-04-27,1.15,6173325313.89,5553779866.32,2.51,20.17
3603,SZSE.300304,云意电气,5.09,5.11,5.14,5.00,5.14,0.98,2.75,14570364,73796394.72,2021-04-27,1.73,4451425132.52,4337490432.76,2.03,22.53
3604,SZSE.300305,裕兴股份,10.59,10.60,10.69,10.06,10.07,-4.91,5.95,5744740,58938958.60,2021-04-27,2.47,2907742710.00,2342234862.33,1.67,15.02
3605,SZSE.300306,远方信息,8.81,8.76,8.76,8.22,8.30,-5.79,6.13,4964612,41606196.17,2021-04-27,3.27,2232357857.40,1259027041.50,1.55,27.51
3606,SZSE.300307,慈星股份,7.71,7.74,7.88,7.70,7.83,1.56,2.33,4692261,36603426.42,2021-04-27,0.61,6111642106.08,6042920318.01,2.35,-13.43
3607,SZSE.300308,中际旭创,33.13,32.88,32.98,31.31,32.50,-1.90,5.04,10550593,338257671.77,2021-04-27,1.55,23173029132.50,22148866805.00,2.88,27.43
3608,SZSE.300309,吉艾退,2.21,2.19,2.22,2.16,2.18,-1.36,2.71,11992800,26125518.00,2021-04-27,1.43,1931749807.70,1825569644.24,541.67,-3.45
3609,SZSE.300310,宜通世纪,4.37,4.38,4.38,4.18,4.23,-3.20,4.58,11995409,50995148.91,2021-04-27,1.73,3729415586.13,2926098253.08,2.14,179.86
3610,SZSE.300311,任子行,5.49,5.42,5.47,5.27,5.32,-3.10,3.64,15244236,81396065.53,2021-04-27,2.99,3583712398.00,2715435006.48,4.07,87.64
3611,SZSE.300312,邦讯退,4.06,4.10,4.13,3.66,3.84,-5.42,11.58,17277361,66773706.88,2021-04-27,7.61,1228953600.00,871429059.84,-5.57,-16.29
3612,SZSE.300314,戴维医疗,16.26,16.12,16.95,15.55,16.86,3.69,8.61,13158575,216001191.97,2021-04-27,6.95,4855680000.00,3192519365.28,5.21,33.82
3613,SZSE.300315,掌趣科技,4.88,4.84,4.89,4.65,4.72,-3.28,4.92,50130486,238218728.60,2021-04-27,1.90,13015325386.24,12424058793.12,2.31,41.07
3614,SZSE.300316,晶盛机电,36.39,36.57,37.34,36.00,36.24,-0.41,3.68,11955742,436568035.74,2021-04-27,0.99,46593382551.36,43762881487.20,8.42,54.29
3615,SZSE.300317,珈伟新能,5.01,4.92,4.94,4.75,4.79,-4.39,3.79,12307237,59100218.07,2021-04-27,1.60,3948319713.35,3684031391.50,2.02,-3.94
3616,SZSE.300318,博晖创新,9.55,9.30,9.31,8.80,9.06,-5.13,5.34,38328169,346644263.62,2021-04-27,4.81,7401118484.70,7216319354.40,5.74,705.80
3617,SZSE.300319,麦捷科技,8.97,9.11,9.43,9.01,9.03,0.67,4.68,17254836,158027554.92,2021-04-27,2.62,6284841496.08,5945691618.30,2.91,72.85
3618,SZSE.300320,海达股份,5.45,5.50,5.53,5.25,5.29,-2.94,5.14,11496660,61416017.42,2021-04-27,2.36,3180528870.39,2582323762.60,1.67,14.50
3619,SZSE.300321,同大股份,16.72,16.63,16.85,16.26,16.29,-2.57,3.53,364400,5991080.43,2021-04-27,0.44,1446552000.00,1361968944.30,2.27,78.84
3620,SZSE.300322,硕贝德,11.01,10.95,11.07,10.64,10.83,-1.63,3.91,3893560,42047141.48,2021-04-27,1.02,5044033804.41,4145876822.13,3.72,213.55
3621,SZSE.300323,华灿光电,9.55,9.55,9.58,9.28,9.35,-2.09,3.14,9497676,88913756.93,2021-04-27,0.89,11596210835.55,10032690380.90,1.85,635.77
3622,SZSE.300324,旋极信息,3.41,3.40,3.42,3.23,3.26,-4.40,5.57,29924242,98262114.64,2021-04-27,2.69,5713802961.70,3628189117.22,1.43,-4.59
3623,SZSE.300325,德威退,1.82,1.70,1.79,1.52,1.58,-13.19,14.84,134735555,220173153.98,2021-04-27,13.52,1589074074.30,1574523353.44,-291.25,-2.47
3624,SZSE.300326,凯利泰,11.21,11.34,11.36,10.66,11.01,-1.78,6.24,33027446,362354988.45,2021-04-27,4.61,7959969426.33,7880860814.73,2.94,-65.11
3625,SZSE.300327,中颖电子,47.62,47.60,48.48,47.15,48.05,0.90,2.79,4381460,209572008.19,2021-04-27,1.57,13591142772.40,13396489531.60,12.02,57.85
3626,SZSE.300328,宜安科技,6.85,6.85,6.91,6.65,6.75,-1.46,3.80,4060301,27417754.40,2021-04-27,0.60,4660359300.00,4595508675.00,3.61,57.97
3627,SZSE.300329,海伦钢琴,6.45,6.45,6.59,6.32,6.59,2.17,4.19,7067004,45754391.50,2021-04-27,2.80,1670959609.20,1661928679.79,1.65,52.48
3628,SZSE.300330,计通退,8.97,8.88,8.92,8.58,8.63,-3.79,3.79,1772254,15416170.02,2021-04-27,1.06,1477092677.00,1449448016.77,3.84,192.67
3629,SZSE.300331,苏大维格,21.37,21.31,21.31,20.63,20.69,-3.18,3.18,1820400,37940897.00,2021-04-27,1.10,4676950520.29,3422603338.99,2.98,88.55
3630,SZSE.300332,天壕能源,4.73,4.74,4.74,4.61,4.66,-1.48,2.75,3661786,17043969.94,2021-04-27,0.44,4101736002.94,3916028711.94,1.22,73.49
3631,SZSE.300333,兆日科技,7.00,7.00,7.04,6.77,6.82,-2.57,3.86,7034541,48183959.76,2021-04-27,2.12,2291520000.00,2265399856.94,2.86,-114.37
3632,SZSE.300334,津膜科技,5.89,5.87,5.98,5.63,5.71,-3.06,5.94,4324048,24758638.17,2021-04-27,1.44,1724793182.76,1713619466.48,2.32,-43.61
3633,SZSE.300335,迪森股份,4.64,4.71,4.73,4.55,4.62,-0.43,3.88,6013542,27809562.04,2021-04-27,2.13,1722982264.08,1304752199.52,1.24,30.72
3634,SZSE.300336,新文退,2.74,2.74,2.74,2.64,2.66,-2.92,3.65,12612550,33622764.00,2021-04-27,1.71,2144572310.72,1961822782.92,6.78,-1.78
3635,SZSE.300337,银邦股份,4.63,4.60,4.64,4.42,4.53,-2.16,4.75,13199720,59619465.20,2021-04-27,1.86,3723297600.00,3208765962.21,2.49,84.97
3636,SZSE.300338,开元教育,4.66,4.73,4.73,4.55,4.57,-1.93,3.86,4348866,20024527.81,2021-04-27,1.44,1559213128.44,1378463102.48,3.73,-2.14
3637,SZSE.300339,润和软件,9.71,9.69,9.73,9.19,9.29,-4.33,5.56,32599286,305718363.04,2021-04-27,4.23,7398656712.89,7166893518.18,2.54,44.29
3638,SZSE.300340,科恒股份,9.65,9.45,9.52,8.80,9.07,-6.01,7.46,6547211,59874830.06,2021-04-27,3.75,1924152610.40,1584748557.49,2.77,-2.56
3639,SZSE.300341,麦克奥迪,8.98,9.04,9.06,8.90,9.06,0.89,1.78,1499700,13494926.00,2021-04-27,0.29,4622079824.16,4619685945.66,4.12,28.66
3640,SZSE.300342,天银机电,11.89,11.75,12.02,11.35,11.52,-3.11,5.63,14791808,170912433.01,2021-04-27,3.53,4974085693.44,4826751194.88,3.26,38.18
3641,SZSE.300343,联创股份,2.89,2.85,2.87,2.77,2.78,-3.81,3.46,27819702,77857418.32,2021-04-27,3.23,3218088985.48,2393063606.66,4.40,-72.81
3642,SZSE.300344,立方数科,4.97,4.76,5.48,4.70,4.78,-3.82,15.69,31849530,160464929.05,2021-04-27,9.59,2371429049.92,1587537858.98,24.58,-4.48
3643,SZSE.300345,华民股份,4.30,4.29,4.33,4.17,4.22,-1.86,3.72,6610800,27934616.00,2021-04-27,1.50,1862266938.26,1862266938.26,3.70,156.67
3644,SZSE.300346,南大光电,28.92,28.79,28.94,27.54,27.55,-4.74,4.84,9194797,257324879.17,2021-04-27,2.44,11209842779.75,10393489169.25,8.19,118.32
3645,SZSE.300347,泰格医药,152.60,151.68,156.28,151.00,153.98,0.90,3.46,5379677,829929571.84,2021-04-27,0.95,134345010561.84,87343524967.72,8.18,76.78
3646,SZSE.300348,长亮科技,19.24,19.39,19.50,18.75,18.89,-1.82,3.90,18928338,360135062.33,2021-04-27,3.25,13628747339.42,11017555985.63,9.84,98.81
3647,SZSE.300349,金卡智能,11.49,11.30,11.47,11.06,11.11,-3.31,3.57,3034726,33976026.10,2021-04-27,0.80,4766793550.75,4225781012.97,1.35,51.47
3648,SZSE.300350,华鹏飞,6.12,6.04,6.17,5.72,5.85,-4.41,7.35,25400174,149711321.41,2021-04-27,7.79,2788837933.05,1907307271.35,5.28,-5.12
3649,SZSE.300351,永贵电器,8.44,8.34,8.38,8.24,8.28,-1.90,1.66,1057630,8787591.70,2021-04-27,0.42,3176554575.96,2062716017.76,1.58,30.26
3650,SZSE.300352,北信源,5.20,5.15,5.32,5.01,5.02,-3.46,5.96,55561919,284610167.18,2021-04-27,4.71,7278116916.74,5925227860.50,3.37,225.51
3651,SZSE.300353,东土科技,6.27,6.27,6.31,6.10,6.21,-0.96,3.35,5697300,35205953.00,2021-04-27,1.49,3173191370.37,2368579573.80,4.09,-5.09
3652,SZSE.300354,东华测试,14.08,14.00,14.04,13.50,13.58,-3.55,3.84,1410000,19342772.00,2021-04-27,1.94,1878388329.58,984818979.06,4.38,35.89
3653,SZSE.300355,蒙草生态,4.29,4.29,4.29,4.06,4.17,-2.80,5.36,44938566,186197628.89,2021-04-27,3.44,6689689477.77,5453048651.76,1.66,25.80
3654,SZSE.300356,光一退,4.83,4.76,4.84,4.43,4.47,-7.45,8.49,23077799,106040366.71,2021-04-27,6.03,1823333651.40,1711809869.16,1.89,-71.71
3655,SZSE.300357,我武生物,66.20,65.32,69.30,64.70,68.90,4.08,6.95,3710192,251987424.83,2021-04-27,0.79,36074937600.00,32328161112.00,23.63,129.56
3656,SZSE.300358,楚天科技,16.38,15.90,16.33,15.20,15.97,-2.50,6.90,30558423,484612341.38,2021-04-27,6.53,9042767232.74,7472161187.11,2.83,26.81
3657,SZSE.300359,全通教育,5.62,5.66,6.05,5.64,5.85,4.09,7.30,14940236,87631638.99,2021-04-27,2.80,3706931018.70,3120801693.75,5.50,74.11
3658,SZSE.300360,炬华科技,7.72,7.76,7.82,7.71,7.77,0.65,1.42,2209560,17163465.59,2021-04-27,0.51,3919087969.02,3382358497.98,1.59,12.86
3659,SZSE.300363,博腾股份,51.90,52.00,54.33,50.50,54.33,4.68,7.38,7820308,413181897.36,2021-04-27,1.75,29476879117.89,24282957413.61,8.49,90.86
3660,SZSE.300364,中文在线,6.89,6.83,6.95,6.76,6.93,0.58,2.76,9117455,62259521.64,2021-04-27,1.44,5040156498.30,4378586875.74,3.52,103.02
3661,SZSE.300365,恒华科技,8.20,8.22,8.23,7.97,8.00,-2.44,3.17,4047220,32513217.22,2021-04-27,1.24,4845703752.00,2616864304.00,2.28,55.54
3662,SZSE.300366,创意信息,7.43,7.43,7.48,7.12,7.16,-3.63,4.85,10997777,79381713.22,2021-04-27,3.25,3763125234.00,2423206843.60,2.24,-5.27
3663,SZSE.300367,网力退,2.76,2.75,2.76,2.67,2.70,-2.17,3.26,5927925,16025018.79,2021-04-27,0.58,3228585793.20,2749897012.50,46.69,-0.97
3664,SZSE.300368,汇金股份,13.35,13.51,13.70,13.23,13.59,1.80,3.52,21001148,283319315.08,2021-04-27,4.08,7229111825.25,6997961730.42,8.15,96.07
3665,SZSE.300369,绿盟科技,17.38,16.50,17.38,16.00,16.27,-6.39,7.94,20828826,345426978.37,2021-04-27,2.84,12985708074.71,11924133039.41,4.03,41.03
3666,SZSE.300370,安控科技,1.78,1.73,1.75,1.65,1.66,-6.74,5.62,62507245,105517264.49,2021-04-27,6.64,1588862931.04,1563705315.64,4.25,-3.85
3667,SZSE.300371,汇中股份,12.26,12.31,12.38,11.98,12.11,-1.22,3.26,500236,6054170.14,2021-04-27,0.46,2031543567.20,1326524289.58,2.46,15.87
3668,SZSE.300373,扬杰科技,44.85,44.86,45.55,43.90,44.50,-0.78,3.68,14387269,641368151.64,2021-04-27,3.05,22801804850.50,21009201738.50,5.03,47.69
3669,SZSE.300374,中铁装配,13.84,13.60,13.68,13.22,13.39,-3.25,3.32,3601980,48384947.20,2021-04-27,2.11,3292766192.43,2281878608.75,2.14,239.35
3670,SZSE.300375,鹏翎股份,4.08,4.03,4.03,3.83,3.90,-4.41,4.90,17098031,66907967.62,2021-04-27,4.28,2773380347.40,1559686767.60,1.34,-46.05
3671,SZSE.300376,易事特,6.69,6.59,6.63,6.38,6.40,-4.33,3.74,39357360,254052984.56,2021-04-27,1.70,14805801446.40,14774318886.40,2.55,32.62
3672,SZSE.300377,赢时胜,8.00,7.99,8.09,7.91,8.02,0.25,2.25,6476585,51761688.82,2021-04-27,1.14,6031658181.60,4555769886.16,2.05,43.07
3673,SZSE.300378,鼎捷软件,20.29,20.29,20.67,19.70,19.94,-1.72,4.78,4832333,96693707.19,2021-04-27,1.82,5309371018.82,5301355138.82,3.51,43.74
3674,SZSE.300379,东方通,38.39,39.00,39.49,38.26,39.18,2.06,3.20,6976456,271483769.29,2021-04-27,2.62,11117290051.44,10442489502.78,5.37,45.49
3675,SZSE.300380,安硕信息,18.78,18.62,18.71,17.01,17.26,-8.09,9.05,4290907,75256299.69,2021-04-27,3.45,2433828285.00,2145412942.82,5.02,39.62
3676,SZSE.300381,溢多利,9.27,9.23,9.73,9.23,9.71,4.75,5.39,9205262,87698357.33,2021-04-27,1.96,4758483269.99,4551175051.58,1.58,29.43
3677,SZSE.300382,斯莱克,9.89,9.83,10.22,9.74,9.90,0.10,4.85,9109952,90338571.15,2021-04-27,1.61,5589244554.30,5588672086.80,5.38,83.66
3678,SZSE.300383,光环新网,16.27,16.19,16.24,15.81,15.84,-2.64,2.64,16603817,264731938.17,2021-04-27,1.10,24443336348.64,23855394546.72,2.58,26.69
3679,SZSE.300384,三联虹普,14.90,14.78,14.95,14.56,14.90,0.00,2.62,1788870,26415934.72,2021-04-27,0.81,4779224885.20,3292291916.10,2.30,27.79
3680,SZSE.300385,雪浪环境,6.97,7.08,7.24,6.80,7.17,2.87,6.31,5578828,39248016.64,2021-04-27,2.31,2388656332.44,1729752698.61,2.70,-8.35
3681,SZSE.300386,飞天诚信,19.35,19.34,19.77,19.27,19.68,1.71,2.58,7451421,145770073.60,2021-04-27,3.13,8227105920.00,4679346072.00,4.41,131.21
3682,SZSE.300387,富邦股份,6.59,6.50,6.53,6.31,6.33,-3.95,3.34,2783853,17757925.62,2021-04-27,0.96,1840023503.94,1829730923.94,1.47,35.93
3683,SZSE.300388,节能国祯,7.69,7.74,7.74,7.59,7.61,-1.04,1.95,2311315,17617261.87,2021-04-27,0.33,5319088271.11,5261580939.40,1.44,16.05
3684,SZSE.300389,艾比森,8.15,7.75,8.35,7.68,8.28,1.60,8.22,6737747,53794301.60,2021-04-27,4.11,2641271752.44,1356895292.04,2.26,-20.61
3685,SZSE.300390,天华新能,29.34,29.36,29.70,28.90,29.53,0.65,2.73,11479479,335818341.27,2021-04-27,2.95,17212462287.14,11489198533.82,12.49,44.75
3686,SZSE.300391,长药控股,13.19,13.19,13.79,13.06,13.71,3.94,5.53,6761374,91088939.10,2021-04-27,1.93,4803108095.52,4803108095.52,5.74,-6.90
3687,SZSE.300392,腾信退,8.33,8.25,8.36,8.14,8.23,-1.20,2.64,2629870,21618130.60,2021-04-27,0.89,3160320000.00,2432129600.00,8.11,134.68
3688,SZSE.300393,中来股份,7.74,7.78,7.78,7.49,7.57,-2.20,3.75,10643936,80703192.50,2021-04-27,1.91,5891770787.92,4216375859.54,1.60,46.07
3689,SZSE.300394,天孚通信,45.77,45.80,47.26,45.70,46.11,0.74,3.41,4763023,221029853.62,2021-04-27,2.68,10003595070.93,8195559814.65,4.53,33.04
3690,SZSE.300395,菲利华,38.77,39.60,42.48,38.72,40.39,4.18,9.70,6681349,267895910.26,2021-04-27,2.14,13649753809.16,12583328278.43,6.22,45.96
3691,SZSE.300396,迪瑞医疗,24.69,25.00,25.15,23.89,24.46,-0.93,5.10,5260253,128400428.05,2021-04-27,2.09,6751693800.00,6147848679.30,3.94,23.48
3692,SZSE.300397,天和防务,13.40,13.40,13.45,12.80,12.90,-3.73,4.85,6587684,85545025.06,2021-04-27,1.52,6179737698.60,5572800000.00,4.15,66.38
3693,SZSE.300398,飞凯材料,15.01,14.92,14.95,14.41,14.50,-3.40,3.60,4834420,70521531.80,2021-04-27,0.95,7479941261.00,7350635089.50,2.79,32.55
3694,SZSE.300399,天利科技,12.11,12.11,12.13,11.60,11.72,-3.22,4.38,1850870,21804320.20,2021-04-27,0.95,2315872000.00,2281520304.96,4.96,53.29
3695,SZSE.300400,劲拓股份,18.78,18.78,19.07,18.55,18.91,0.69,2.77,7353324,138345439.32,2021-04-27,4.03,4588053878.00,3449049965.92,6.44,37.38
3696,SZSE.300401,花园生物,13.77,13.75,13.75,13.44,13.54,-1.67,2.25,5876048,79609059.08,2021-04-27,1.11,7460642321.78,7185894369.20,2.49,24.68
3697,SZSE.300402,宝色股份,13.75,13.68,13.70,13.05,13.10,-4.73,4.73,3488598,46118847.56,2021-04-27,1.73,2646200000.00,2646200000.00,3.84,65.41
3698,SZSE.300403,汉宇集团,6.14,6.16,6.23,6.05,6.23,1.47,2.93,6625523,40659030.58,2021-04-27,1.74,3756690000.00,2373269881.08,2.38,18.36
3699,SZSE.300404,博济医药,12.28,12.23,12.25,11.85,12.05,-1.87,3.26,4681010,56168601.72,2021-04-27,3.12,2730764384.55,1808378722.15,6.03,90.36
3700,SZSE.300405,科隆股份,7.02,7.09,7.09,6.72,6.72,-4.27,5.27,6789958,46469691.76,2021-04-27,4.50,1494992728.32,1014915027.84,1.98,-29.91
3701,SZSE.300406,九强生物,19.25,19.27,19.35,18.85,19.20,-0.26,2.60,1941019,37099762.33,2021-04-27,0.59,11308747104.00,6332100307.20,3.42,100.72
3702,SZSE.300407,凯发电气,7.10,7.06,7.06,6.43,6.66,-6.20,8.87,6275045,42018262.40,2021-04-27,2.98,2031914664.72,1404510470.28,1.49,19.81
3703,SZSE.300408,三环集团,41.90,41.62,41.78,40.58,41.00,-2.15,2.86,9302490,381968162.65,2021-04-27,0.56,74493144032.00,68542481071.00,6.59,51.75
3704,SZSE.300409,道氏技术,12.54,12.40,12.76,12.35,12.68,1.12,3.27,8589509,108340589.22,2021-04-27,2.64,7040499448.48,4133231647.88,1.92,72.55
3705,SZSE.300410,正业科技,8.32,8.36,8.38,7.88,8.28,-0.48,6.01,15370537,124664010.34,2021-04-27,4.22,3095440789.68,3017200751.28,4.16,-9.89
3706,SZSE.300411,金盾股份,6.77,6.70,6.78,6.53,6.60,-2.51,3.69,2955320,19575791.20,2021-04-27,1.76,3011910587.40,1106092600.80,1.93,-45.50
3707,SZSE.300412,迦南科技,9.23,9.13,9.14,8.88,9.05,-1.95,2.82,7084146,63585682.76,2021-04-27,3.18,2327885345.00,2013710920.70,2.74,34.28
3708,SZSE.300413,芒果超媒,65.90,65.85,68.92,65.85,68.02,3.22,4.66,12293571,835512122.61,2021-04-27,1.32,121101278298.22,63350879605.08,10.66,53.21
3709,SZSE.300414,中光防雷,8.95,8.98,8.98,8.64,8.77,-2.01,3.80,2870400,25080496.50,2021-04-27,0.94,2847912496.82,2673658385.02,3.10,89.69
3710,SZSE.300415,伊之密,20.04,19.98,20.08,18.92,19.05,-4.94,5.79,14938192,289098351.04,2021-04-27,3.68,8298180000.00,7736367687.00,4.95,19.07
3711,SZSE.300416,苏试试验,19.30,18.80,20.60,18.40,19.68,1.97,11.40,7212786,139645962.25,2021-04-27,2.76,5190355062.72,5151787182.72,5.56,42.06
3712,SZSE.300417,南华仪器,13.43,13.44,13.44,12.77,12.81,-4.62,4.99,5875430,76300519.20,2021-04-27,7.77,1755077296.56,968914696.89,3.32,14.56
3713,SZSE.300418,昆仑万维,19.92,19.84,20.08,19.60,19.62,-1.51,2.41,11647034,230370911.15,2021-04-27,1.16,23021705986.20,19659333018.42,2.22,4.61
3714,SZSE.300419,浩丰科技,6.11,6.07,6.10,5.92,5.98,-2.13,2.95,9417840,56478423.00,2021-04-27,2.56,2199167544.60,2199167544.60,2.63,98.70
3715,SZSE.300420,五洋停车,5.27,5.24,5.26,5.15,5.22,-0.95,2.09,7755940,40314571.00,2021-04-27,1.21,4482709378.92,3354668877.06,1.72,30.20
3716,SZSE.300421,力星股份,11.42,11.50,11.55,11.16,11.42,0.00,3.42,3294920,37362823.60,2021-04-27,1.77,2828681513.68,2121288136.92,2.32,46.68
3717,SZSE.300422,博世科,8.33,8.40,8.40,8.20,8.29,-0.48,2.40,3283023,27106690.26,2021-04-27,0.87,3363389005.74,3122452134.79,1.38,18.61
3718,SZSE.300423,昇辉科技,11.17,10.70,10.70,9.90,10.16,-9.04,7.16,7786280,79750063.24,2021-04-27,2.50,5063989770.40,3158412834.80,1.24,8.98
3719,SZSE.300424,航新科技,12.19,12.22,12.23,11.83,11.86,-2.71,3.28,3013980,35936304.19,2021-04-27,1.50,2844917606.74,2378119795.58,4.27,-8.85
3720,SZSE.300425,中建环能,4.46,4.46,4.46,4.27,4.31,-3.36,4.26,6955600,30170226.00,2021-04-27,1.04,2912304867.66,2894617075.90,1.54,16.56
3721,SZSE.300426,唐德影视,6.35,6.31,6.35,6.15,6.23,-1.89,3.15,1938910,12066431.20,2021-04-27,0.75,2609865370.00,1615841919.02,125.64,-33.08
3722,SZSE.300427,*ST红相,12.56,12.56,12.57,12.23,12.30,-2.07,2.71,3486863,43021476.18,2021-04-27,1.09,4430743810.20,3916891470.30,1.89,25.50
3723,SZSE.300428,立中集团,13.20,13.23,13.37,12.77,12.94,-1.97,4.55,3236645,41940237.25,2021-04-27,1.51,7760814922.52,2766139066.42,1.70,16.38
3724,SZSE.300429,强力新材,10.67,10.75,10.75,10.40,10.42,-2.34,3.28,5103052,53470505.94,2021-04-27,1.61,5368940302.96,3299955377.08,3.04,50.57
3725,SZSE.300430,诚益通,7.53,7.60,7.71,7.40,7.67,1.86,4.12,4535147,34248874.35,2021-04-27,1.77,2086308232.32,1968269141.28,1.18,34.55
3726,SZSE.300432,富临精工,9.31,9.45,9.53,8.86,8.90,-4.40,7.20,16164493,146262051.93,2021-04-27,2.23,6577387007.20,6454223298.10,3.02,18.87
3727,SZSE.300433,蓝思科技,28.78,28.50,29.19,28.09,28.90,0.42,3.82,35708271,1023040862.08,2021-04-27,0.82,143733571942.20,126286814619.70,3.31,29.36
3728,SZSE.300434,金石亚药,8.99,8.99,9.20,8.99,9.03,0.44,2.34,2162660,19624184.20,2021-04-27,0.93,3627747164.16,2089178957.88,1.73,-5.77
3729,SZSE.300435,中泰股份,12.18,12.11,12.21,11.74,11.87,-2.55,3.86,3865200,46202776.00,2021-04-27,1.34,4489118861.00,3419709716.33,1.91,20.36
3730,SZSE.300436,广生堂,35.92,35.80,36.89,35.11,36.78,2.39,4.96,2335800,84720634.00,2021-04-27,2.05,5149200000.00,4193336570.28,8.88,348.86
3731,SZSE.300437,清水源,8.61,8.30,8.36,7.91,8.26,-4.07,5.23,11828831,96070053.99,2021-04-27,8.66,1827398869.80,1127973044.80,1.64,-4.69
3732,SZSE.300438,鹏辉能源,18.35,18.15,18.45,17.47,18.28,-0.38,5.34,10156163,182019660.47,2021-04-27,3.22,7669142849.40,5764959157.96,3.24,197.14
3733,SZSE.300439,美康生物,23.56,23.12,23.39,21.27,21.47,-8.87,9.00,8516917,187016781.35,2021-04-27,3.59,8223006028.05,5092392265.64,3.57,39.27
3734,SZSE.300440,运达科技,7.72,7.68,8.00,7.59,7.81,1.17,5.31,4213709,32856445.03,2021-04-27,0.95,3498099000.00,3455622089.15,2.57,24.04
3735,SZSE.300441,鲍斯股份,10.72,10.80,11.02,10.71,10.80,0.75,2.89,7488813,81211500.08,2021-04-27,1.19,7097648846.40,6810337396.80,5.06,44.73
3736,SZSE.300442,润泽科技,46.60,46.00,47.10,46.00,46.18,-0.90,2.36,623930,29028052.50,2021-04-27,0.63,4618000000.00,4580853962.50,8.99,-20.32
3737,SZSE.300443,金雷股份,28.70,28.66,28.89,27.77,28.45,-0.87,3.90,3305000,93258332.00,2021-04-27,2.07,7446886619.80,4536386156.35,2.58,14.26
3738,SZSE.300444,双杰电气,5.11,5.05,5.08,4.89,5.00,-2.15,3.72,13520858,67249511.79,2021-04-27,3.58,3626277625.00,1887255575.00,2.46,-5.58
3739,SZSE.300445,康斯特,12.52,12.76,12.77,12.06,12.10,-3.35,5.67,1237448,15139203.80,2021-04-27,0.89,2618199016.40,1687452133.40,2.82,41.27
3740,SZSE.300447,全信股份,12.24,12.22,12.27,11.95,12.03,-1.72,2.61,2822017,34025885.93,2021-04-27,1.64,3501563137.65,2070518704.29,2.74,24.63
3741,SZSE.300448,浩云科技,6.56,6.54,6.54,6.22,6.35,-3.20,4.88,9407286,60009655.12,2021-04-27,2.05,4397347688.65,2919895360.35,3.08,69.31
3742,SZSE.300449,汉邦高科,7.62,7.56,7.62,7.40,7.50,-1.57,2.89,7074024,53014763.72,2021-04-27,2.90,2236941742.50,1832651542.50,2.47,46.89
3743,SZSE.300450,先导智能,83.03,83.66,84.64,81.13,82.17,-1.04,4.23,4349661,359807993.21,2021-04-27,0.48,74554691550.57,74428487140.59,12.82,85.30
3744,SZSE.300451,创业慧康,10.93,10.88,11.18,10.75,10.83,-0.91,3.93,9867752,107742994.19,2021-04-27,0.98,12915945766.32,10907575636.56,3.05,35.41
3745,SZSE.300452,山河药辅,19.10,18.55,18.95,18.00,18.55,-2.88,4.97,5880400,108800182.80,2021-04-27,4.18,3347664148.50,2609703151.30,5.42,33.08
3746,SZSE.300453,三鑫医疗,18.53,18.50,18.69,17.94,18.65,0.65,4.05,9100232,167648514.32,2021-04-27,5.09,4899075250.00,3331994434.35,5.97,35.62
3747,SZSE.300454,深信服,272.53,267.50,275.39,266.00,271.42,-0.41,3.45,929690,252834647.78,2021-04-27,0.44,112315859099.96,57997237307.60,17.20,138.77
3748,SZSE.300455,航天智装,9.85,9.87,9.87,9.48,9.61,-2.44,3.96,6912466,66434755.58,2021-04-27,1.24,6897749864.96,5341717068.11,4.40,45.02
3749,SZSE.300456,赛微电子,22.33,22.00,22.00,20.38,20.45,-8.42,7.25,14147816,297191298.71,2021-04-27,4.14,13070035431.65,6989706523.00,4.31,57.24
3750,SZSE.300457,赢合科技,17.21,16.60,16.86,15.99,16.20,-5.87,5.06,15756083,257236776.64,2021-04-27,3.63,10522515000.60,7028127826.20,2.00,175.65
3751,SZSE.300458,全志科技,43.62,43.63,45.15,43.06,43.80,0.41,4.79,15221434,669861171.33,2021-04-27,5.84,14497833156.60,11408045989.80,5.97,54.70
3752,SZSE.300459,汤姆猫,3.25,3.23,3.24,3.15,3.19,-1.85,2.77,36576035,116485983.85,2021-04-27,1.25,11215436895.41,9362353601.15,3.79,14.90
3753,SZSE.300460,惠伦晶体,16.13,16.08,16.30,15.69,16.02,-0.68,3.78,7780720,124081703.00,2021-04-27,3.30,3774053757.60,3774053757.60,6.25,53.33
3754,SZSE.300461,田中精机,18.58,18.65,18.78,18.13,18.32,-1.40,3.50,1158016,21235076.68,2021-04-27,1.80,2378045920.00,1179865121.76,14.05,-24.40
3755,SZSE.300462,华铭智能,12.00,11.80,12.14,11.38,11.60,-3.33,6.33,6150414,71304357.84,2021-04-27,5.40,2183874290.00,1321952251.60,1.29,33.75
3756,SZSE.300463,迈克生物,43.31,42.90,44.66,42.90,44.32,2.33,4.06,4272897,188594793.22,2021-04-27,1.06,24678657291.20,17807115277.44,6.14,31.08
3757,SZSE.300464,星徽股份,12.76,12.55,13.30,12.40,13.05,2.27,7.05,14083885,183485295.70,2021-04-27,4.85,4608244383.75,3789105697.35,2.29,19.25
3758,SZSE.300465,高伟达,13.01,12.90,13.88,12.80,13.69,5.23,8.30,45227258,609251960.54,2021-04-27,10.12,6116175298.33,6116175298.33,10.43,-9.39
3759,SZSE.300466,赛摩智能,5.01,4.98,5.06,4.93,4.98,-0.60,2.59,3029936,15102485.35,2021-04-27,0.80,2666938941.84,1879783956.84,3.10,70.08
3760,SZSE.300467,迅游科技,11.89,11.89,11.95,11.58,11.69,-1.68,3.11,1818700,21305213.00,2021-04-27,1.21,2375465245.93,1759879291.45,3.09,-1.89
3761,SZSE.300468,四方精创,18.75,18.75,19.38,18.71,19.24,2.61,3.57,9418496,179777297.33,2021-04-27,3.34,5450519955.92,5433195413.36,4.64,71.68
3762,SZSE.300469,信息发展,9.96,10.00,10.15,9.80,10.12,1.61,3.51,3838370,38390185.82,2021-04-27,2.22,2075970005.12,1749803255.20,9.83,-13.25
3763,SZSE.300470,中密控股,37.87,37.88,37.88,36.18,36.55,-3.49,4.49,2212546,81560367.15,2021-04-27,1.20,7609211165.60,6715798353.15,3.70,36.07
3764,SZSE.300471,厚普股份,11.29,11.02,11.06,10.42,10.54,-6.64,5.67,15373638,163425534.78,2021-04-27,4.56,3844148800.00,3553958621.50,3.65,-22.92
3765,SZSE.300472,新元科技,11.93,12.29,12.32,11.78,11.83,-0.84,4.53,7288271,87234349.69,2021-04-27,3.58,3154127861.43,2407652471.77,2.68,57.54
3766,SZSE.300473,德尔股份,17.91,17.75,18.05,17.20,17.35,-3.13,4.75,714337,12450692.69,2021-04-27,0.64,1976431860.35,1940037077.65,1.06,-35.03
3767,SZSE.300474,景嘉微,75.78,75.30,75.80,72.83,74.73,-1.39,3.92,4049455,300629313.56,2021-04-27,2.62,22512283814.94,11571336532.14,8.73,108.43
3768,SZSE.300475,香农芯创,13.84,13.83,15.99,13.71,15.31,10.62,16.47,9210916,139018320.16,2021-04-27,2.99,6430200000.00,4718983616.95,4.65,99.89
3769,SZSE.300476,胜宏科技,23.84,23.93,24.03,23.01,23.83,-0.04,4.28,7280211,171461530.33,2021-04-27,0.95,18529289472.65,18183327796.50,4.73,35.71
3770,SZSE.300477,合纵科技,5.35,5.42,5.42,5.10,5.13,-4.11,5.98,21154230,109862674.14,2021-04-27,3.51,4272375310.74,3093410561.04,3.31,-28.41
3771,SZSE.300478,杭州高新,7.92,7.87,8.02,7.82,7.97,0.63,2.53,1468345,11604315.32,2021-04-27,1.23,1009583810.00,953217738.40,17.13,-5.33
3772,SZSE.300479,神思电子,10.79,10.69,10.79,10.45,10.57,-2.04,3.15,1470825,15546093.25,2021-04-27,0.88,1792198855.09,1774815813.61,2.88,194.10
3773,SZSE.300480,光力科技,17.63,18.00,18.10,17.32,17.95,1.82,4.42,2661826,47175852.67,2021-04-27,1.72,4475721389.50,2776896968.95,5.73,72.06
3774,SZSE.300481,濮阳惠成,23.70,23.55,24.10,23.32,23.67,-0.13,3.29,2814350,66562127.00,2021-04-27,1.09,6084598365.00,6084598365.00,5.80,31.56
3775,SZSE.300482,万孚生物,101.39,101.90,104.14,100.21,100.64,-0.74,3.88,3073878,312651629.49,2021-04-27,1.25,34476372612.80,24819972965.92,11.86,49.84
3776,SZSE.300483,首华燃气,15.38,15.35,15.90,15.09,15.58,1.30,5.27,1262760,19638233.00,2021-04-27,0.59,4183724135.28,3314497379.50,1.50,38.83
3777,SZSE.300484,蓝海华腾,11.47,11.53,11.53,11.07,11.18,-2.53,4.01,3621700,40538611.00,2021-04-27,2.37,2325440000.00,1711042854.04,3.82,45.97
3778,SZSE.300485,赛升药业,12.41,12.26,12.95,12.11,12.88,3.79,6.77,12902811,162137579.90,2021-04-27,5.09,6203863232.00,3264018134.16,2.18,40.05
3779,SZSE.300486,东杰智能,15.68,15.68,15.70,15.05,15.06,-3.95,4.15,909721,13894559.15,2021-04-27,0.36,4081354185.24,3781652113.08,2.72,38.18
3780,SZSE.300487,蓝晓科技,39.13,39.80,40.84,38.46,38.77,-0.92,6.08,3243607,128400188.64,2021-04-27,2.56,8520435871.99,4920343812.24,4.62,32.41
3781,SZSE.300488,恒锋工具,15.23,15.26,15.35,15.00,15.22,-0.07,2.30,474498,7183865.98,2021-04-27,0.35,2521638656.82,2080857122.44,2.31,30.49
3782,SZSE.300489,光智科技,19.54,19.69,20.65,19.69,20.34,4.09,4.91,5521163,111828956.33,2021-04-27,4.08,2768782500.00,2752764750.00,7.21,116.28
3783,SZSE.300490,华自科技,9.13,9.16,9.16,8.62,8.70,-4.71,5.91,9624443,84591355.07,2021-04-27,3.93,2228692450.20,2131516712.70,1.27,46.53
3784,SZSE.300491,通合科技,14.46,14.34,14.93,14.18,14.28,-1.24,5.19,9024268,131602749.82,2021-04-27,7.12,2295674262.84,1808964039.12,3.21,55.32
3785,SZSE.300492,华图山鼎,68.71,68.71,70.58,67.70,68.68,-0.04,4.19,1081292,74972232.36,2021-04-27,0.99,9687133371.60,7528655172.32,33.51,683.94
3786,SZSE.300493,润欣科技,6.45,6.39,6.42,6.16,6.21,-3.72,4.03,7348814,46098512.21,2021-04-27,1.54,3021593254.02,2962598254.02,3.95,67.11
3787,SZSE.300494,盛天网络,12.18,12.18,12.27,11.80,12.01,-1.40,3.86,2890116,34682254.32,2021-04-27,1.79,2882400000.00,1941348030.99,3.63,38.55
3788,SZSE.300495,*ST美尚,5.57,5.62,5.62,5.43,5.45,-2.15,3.41,8536175,46825181.90,2021-04-27,1.85,3674823209.60,2520515051.70,0.96,29.91
3789,SZSE.300496,中科创达,133.77,133.73,136.53,132.60,134.16,0.29,2.94,4856372,652998593.08,2021-04-27,1.53,56769818355.12,42713822832.72,12.80,128.02
3790,SZSE.300497,富祥药业,12.41,12.10,12.13,11.70,11.91,-4.03,3.46,9285456,110490080.01,2021-04-27,2.51,6550557572.94,4399366631.88,2.13,21.14
3791,SZSE.300498,温氏股份,14.60,14.54,14.54,14.12,14.21,-2.67,2.88,32568263,464039266.75,2021-04-27,0.67,90566921166.40,68773169981.74,1.97,14.90
3792,SZSE.300499,高澜股份,8.43,8.34,8.57,8.34,8.44,0.12,2.73,4522903,38239001.71,2021-04-27,1.97,2348847501.48,1940198906.28,2.80,28.28
3793,SZSE.300500,启迪设计,11.70,11.84,11.86,11.42,11.46,-2.05,3.76,899250,10354548.00,2021-04-27,0.57,1999542931.56,1815059851.56,1.36,15.85
3794,SZSE.300501,海顺新材,17.64,17.50,17.50,16.84,17.01,-3.57,3.74,3388588,57989993.10,2021-04-27,3.91,2662571898.00,1475321526.00,3.14,21.80
3795,SZSE.300502,新易盛,40.79,41.06,41.06,39.31,39.90,-2.18,4.29,6074021,241657528.04,2021-04-27,2.60,14451958193.40,9310525709.10,4.06,26.37
3796,SZSE.300503,昊志机电,11.91,12.00,12.02,11.70,11.84,-0.59,2.69,2816675,33212979.42,2021-04-27,1.42,3362430813.76,2348673236.48,3.41,45.05
3797,SZSE.300504,天邑股份,15.30,15.30,15.41,15.01,15.40,0.65,2.61,2827894,43050986.92,2021-04-27,1.06,4118083200.00,4118083200.00,2.15,34.16
3798,SZSE.300505,川金诺,16.80,15.67,15.67,14.01,14.39,-14.35,9.88,5816841,84932061.48,2021-04-27,7.17,1880542155.62,1166774671.14,1.99,93.86
3799,SZSE.300506,名家汇,4.30,4.35,4.44,4.24,4.40,2.33,4.65,8601934,37463477.56,2021-04-27,1.86,2882201414.40,2030004433.60,2.08,-16.04
3800,SZSE.300507,苏奥传感,10.46,10.61,11.15,10.57,10.90,4.21,5.54,8712988,94978124.18,2021-04-27,4.60,3338339860.80,2066407361.30,2.98,32.01
3801,SZSE.300508,维宏股份,22.61,22.50,22.88,22.22,22.26,-1.55,2.92,743640,16699149.98,2021-04-27,1.77,2023701120.00,933533958.84,3.52,27.34
3802,SZSE.300509,新美星,6.29,6.25,6.33,5.94,6.21,-1.27,6.20,7262685,44570900.10,2021-04-27,4.36,1840644000.00,1034441928.00,2.98,51.18
3803,SZSE.300510,金冠股份,5.49,5.53,5.67,5.42,5.64,2.73,4.55,17722225,98503904.32,2021-04-27,2.16,4673438576.04,4637358898.20,1.79,64.15
3804,SZSE.300511,雪榕生物,9.65,9.65,9.70,9.41,9.44,-2.18,3.01,5110470,48595879.82,2021-04-27,1.64,4172961666.56,2947183972.48,2.01,16.88
3805,SZSE.300512,中亚股份,11.95,11.91,12.02,11.68,11.96,0.08,2.85,830900,9843957.00,2021-04-27,0.38,3271538400.00,2591919138.12,2.22,63.45
3806,SZSE.300513,恒实科技,8.59,8.63,8.73,8.49,8.63,0.47,2.79,1946444,16727470.32,2021-04-27,0.82,2707154667.65,2042854782.26,1.06,24.83
3807,SZSE.300514,友讯达,9.07,8.80,8.90,8.23,8.29,-8.60,7.39,5718400,48084368.00,2021-04-27,3.74,1658000000.00,1267640480.00,2.81,50.61
3808,SZSE.300515,三德科技,9.38,9.35,9.43,8.93,9.10,-2.99,5.33,1863479,16975753.31,2021-04-27,1.07,1873412450.00,1590263902.50,3.25,24.95
3809,SZSE.300516,久之洋,28.28,28.01,28.15,27.15,27.68,-2.12,3.54,2365067,65112243.00,2021-04-27,1.31,4982400000.00,4982400000.00,4.35,73.12
3810,SZSE.300517,海波重科,24.44,24.61,25.22,23.83,24.79,1.43,5.69,2345500,58321536.49,2021-04-27,3.76,2645737540.00,1547625445.75,3.19,50.97
3811,SZSE.300518,新迅达,51.32,50.11,52.29,49.88,51.26,-0.12,4.70,2439754,123859807.42,2021-04-27,4.72,5215223156.00,2649292006.68,5.82,-29.65
3812,SZSE.300519,新光药业,15.72,15.73,16.55,15.33,16.45,4.64,7.76,6837046,108673831.64,2021-04-27,5.99,2632000000.00,1876945000.00,3.04,26.59
3813,SZSE.300520,科大国创,15.76,15.84,17.48,15.84,17.05,8.19,10.41,15334473,258151377.93,2021-04-27,7.51,4254231858.25,3482222350.75,3.16,54.23
3814,SZSE.300521,爱司凯,19.80,19.70,19.96,19.33,19.53,-1.36,3.18,468301,9142132.55,2021-04-27,0.33,2812320000.00,2812301544.15,5.61,-231.53
3815,SZSE.300522,世名科技,30.88,30.98,31.36,30.36,31.19,1.00,3.24,1889610,58694240.80,2021-04-27,1.55,5634870922.98,3798276311.83,7.41,60.77
3816,SZSE.300523,辰安科技,27.16,27.29,27.40,26.08,26.10,-3.90,4.86,1372745,36299905.21,2021-04-27,0.60,6071842351.80,5946645402.00,4.03,66.04
3817,SZSE.300525,博思软件,25.50,25.42,25.64,24.81,25.22,-1.10,3.25,2379126,59881661.73,2021-04-27,1.11,7093604835.72,5421517700.82,5.20,41.58
3818,SZSE.300526,中潜退,21.95,21.77,22.87,21.66,21.92,-0.14,5.51,23243795,517968079.97,2021-04-27,11.38,4477137378.56,4476663643.52,12.50,-42.65
3819,SZSE.300527,中船应急,8.43,8.47,8.58,8.30,8.53,1.19,3.32,10659246,89810269.84,2021-04-27,1.11,8215770324.60,8215733219.10,3.09,70.97
3820,SZSE.300528,幸福蓝海,6.45,6.45,6.49,6.22,6.35,-1.55,4.19,2987340,18900883.20,2021-04-27,1.17,2366061142.90,1620314380.65,3.18,-6.09
3821,SZSE.300529,健帆生物,90.05,89.80,94.40,89.18,93.85,4.22,5.80,6230144,577296938.94,2021-04-27,1.23,74942361748.55,47668846090.40,24.23,76.93
3822,SZSE.300530,领湃科技,16.19,16.15,16.15,13.89,14.38,-11.18,13.96,3187175,46485750.15,2021-04-27,3.29,2277986130.00,1392693466.06,8.40,-1278.65
3823,SZSE.300531,优博讯,15.64,15.60,15.99,15.00,15.30,-2.17,6.33,8158430,126034804.81,2021-04-27,2.73,5069855873.70,4576710190.50,3.21,42.54
3824,SZSE.300532,今天国际,8.67,8.20,8.28,7.60,7.64,-11.88,7.84,8020593,62479856.72,2021-04-27,4.90,2087495719.36,1249874555.44,2.68,50.45
3825,SZSE.300533,冰川网络,19.66,19.71,19.84,19.33,19.77,0.56,2.59,708800,13863589.50,2021-04-27,0.72,2985345126.00,1957985273.31,1.74,34.83
3826,SZSE.300535,达威股份,12.90,12.90,12.98,12.66,12.85,-0.39,2.48,1521631,19491555.53,2021-04-27,1.80,1335544100.05,1085143089.05,1.60,18.11
3827,SZSE.300536,农尚环境,14.08,13.93,14.16,13.80,13.84,-1.70,2.56,1986100,27711836.23,2021-04-27,0.91,4059107760.72,3033015959.68,6.65,567.54
3828,SZSE.300537,广信材料,12.29,12.29,12.47,11.91,12.27,-0.16,4.56,6235928,75833191.28,2021-04-27,4.97,2368448455.68,1538426465.10,2.13,-11.17
3829,SZSE.300538,同益股份,17.31,17.15,17.45,17.13,17.30,-0.06,1.85,1008700,17411448.00,2021-04-27,1.30,2622659430.30,1339983160.20,5.70,117.35
3830,SZSE.300539,横河精密,6.89,6.89,6.99,6.72,6.82,-1.02,3.92,1286540,8767144.80,2021-04-27,1.14,1513995165.32,771628399.08,3.05,104.33
3831,SZSE.300540,蜀道装备,18.72,18.84,19.48,18.32,19.25,2.83,6.20,2443900,46416874.00,2021-04-27,2.77,2400320865.25,1697576784.75,4.27,254.62
3832,SZSE.300541,先进数通,16.01,15.90,16.18,15.42,15.54,-2.94,4.75,6859476,107666055.61,2021-04-27,3.68,3664394672.82,2895903770.76,3.58,31.57
3833,SZSE.300542,新晨科技,11.96,11.88,12.71,11.88,12.53,4.77,6.94,10290906,126553989.00,2021-04-27,4.29,3760045991.87,3003219883.09,5.59,66.96
3834,SZSE.300543,朗科智能,16.98,16.90,17.08,16.48,16.70,-1.65,3.53,8074737,134974720.92,2021-04-27,5.11,3444870990.00,2638208101.10,3.68,23.26
3835,SZSE.300545,联得装备,23.25,23.15,24.33,23.15,24.11,3.70,5.08,1597842,38081753.70,2021-04-27,2.01,4285260624.34,1915822334.41,5.39,58.08
3836,SZSE.300546,雄帝科技,13.36,13.33,13.35,12.88,13.06,-2.25,3.52,1723600,22508082.00,2021-04-27,2.02,1784097215.00,1116568422.10,2.13,64.90
3837,SZSE.300547,川环科技,9.33,9.25,9.34,8.86,9.03,-3.22,5.14,7339071,66345040.70,2021-04-27,3.92,1958662751.22,1688697861.90,2.15,19.01
3838,SZSE.300548,博创科技,35.63,35.20,35.20,32.50,32.83,-7.86,7.58,6498534,217668924.97,2021-04-27,5.48,5682231895.76,3895877629.77,4.12,46.89
3839,SZSE.300549,优德精密,16.26,16.22,16.42,15.68,15.88,-2.34,4.55,2526700,40333958.00,2021-04-27,2.54,2117439200.00,1581131900.00,3.98,93.53
3840,SZSE.300550,和仁科技,16.81,17.00,19.25,16.68,18.41,9.52,15.29,2214175,40522668.09,2021-04-27,1.39,3484690051.78,2940443414.23,3.16,72.72
3841,SZSE.300551,古鳌科技,26.16,25.80,26.35,25.52,25.80,-1.38,3.17,2358706,61104179.57,2021-04-27,1.64,5231001600.00,3717719963.40,8.55,218.04
3842,SZSE.300552,万集科技,36.92,37.18,37.20,35.13,35.48,-3.90,5.61,3833358,137070090.55,2021-04-27,3.58,7022319393.60,3798570368.52,3.26,5.84
3843,SZSE.300553,集智股份,28.17,28.38,28.38,27.02,27.49,-2.41,4.83,467500,12830125.00,2021-04-27,1.55,1319520000.00,830141370.60,3.79,72.90
3844,SZSE.300554,三超新材,15.52,15.39,15.52,14.75,14.99,-3.41,4.96,3113080,46718493.80,2021-04-27,5.64,1403203586.88,826749960.67,2.68,60.19
3845,SZSE.300555,ST路通,8.02,8.02,8.09,7.74,7.83,-2.37,4.36,2381900,18647376.00,2021-04-27,1.37,1566000000.00,1361720514.78,2.44,131.39
3846,SZSE.300556,丝路视觉,16.93,17.15,17.37,16.42,16.53,-2.36,5.61,4992400,84220196.00,2021-04-27,5.63,1950156917.25,1464935495.61,2.97,32.18
3847,SZSE.300557,理工光科,24.99,24.99,25.50,24.91,25.10,0.44,2.36,572200,14381653.00,2021-04-27,1.03,1397280354.00,1390079791.50,2.91,85.04
3848,SZSE.300558,贝达药业,99.20,98.71,100.68,97.60,100.29,1.10,3.10,2231015,222791380.09,2021-04-27,0.56,41436108544.77,40282469264.91,9.66,68.34
3849,SZSE.300559,佳发教育,9.99,9.98,9.98,9.45,9.50,-4.90,5.31,8132926,78061055.57,2021-04-27,2.72,3795537299.00,2837617871.00,3.78,20.20
3850,SZSE.300560,中富通,12.49,12.42,12.58,12.30,12.31,-1.44,2.24,987640,12223284.10,2021-04-27,0.52,2785381385.72,2330578440.00,2.63,40.68
3851,SZSE.300561,汇金科技,14.02,13.94,14.18,13.81,14.07,0.36,2.64,2438865,34170391.62,2021-04-27,1.81,3551981109.81,1891775476.29,5.28,203.81
3852,SZSE.300562,乐心医疗,17.91,17.89,17.89,17.19,17.34,-3.18,3.91,2737716,47584588.44,2021-04-27,2.22,3722088378.06,2142556219.26,3.52,47.66
3853,SZSE.300563,神宇股份,22.75,22.75,23.81,19.90,20.84,-8.40,17.19,34555845,754141752.97,2021-04-27,28.48,3724997159.44,2528280499.28,4.15,58.42
3854,SZSE.300564,筑博设计,23.78,23.85,23.85,22.75,23.07,-2.99,4.63,1168380,27014824.60,2021-04-27,3.46,2307000000.00,778612500.00,2.01,16.67
3855,SZSE.300565,科信技术,15.42,15.27,15.60,15.24,15.55,0.84,2.33,2529780,39221266.20,2021-04-27,1.65,3234400000.00,2382807235.60,4.69,94.90
3856,SZSE.300566,激智科技,43.31,43.00,43.76,42.33,43.10,-0.48,3.30,922668,39665424.45,2021-04-27,0.80,6689141550.00,4984452720.50,7.73,44.20
3857,SZSE.300567,精测电子,63.50,60.00,61.50,54.68,61.19,-3.64,10.74,14274594,830919930.13,2021-04-27,8.39,15094574623.96,10405992755.31,8.57,50.04
3858,SZSE.300568,星源材质,30.50,30.36,30.70,29.77,30.69,0.62,3.05,5163648,156717275.47,2021-04-27,1.40,13765679249.85,11321347315.41,4.55,113.62
3859,SZSE.300569,天能重工,13.41,13.80,13.98,13.67,13.90,3.65,2.31,10616396,146856028.96,2021-04-27,3.81,5553504015.70,3878198690.00,2.34,12.99
3860,SZSE.300570,太辰光,14.82,14.73,14.88,14.41,14.69,-0.88,3.17,1315955,19211500.95,2021-04-27,0.69,3378652992.00,2818298770.04,2.82,44.68
3861,SZSE.300571,平治信息,33.40,33.19,33.38,32.11,32.71,-2.07,3.80,1367100,44546459.50,2021-04-27,1.42,4075591257.65,3152165747.56,5.26,17.34
3862,SZSE.300572,安车检测,32.20,33.16,35.10,33.16,34.78,8.01,6.02,6890777,236842818.87,2021-04-27,4.89,6734838153.60,4897774517.62,6.50,36.21
3863,SZSE.300573,兴齐眼药,135.83,134.60,144.80,130.10,140.89,3.73,10.82,3982415,549867722.61,2021-04-27,6.55,11604461206.00,8562677806.25,16.21,88.17
3864,SZSE.300575,中旗股份,40.65,40.40,41.20,40.18,40.94,0.71,2.51,1136220,46328310.66,2021-04-27,1.37,5651746530.00,3397375235.94,3.71,27.43
3865,SZSE.300576,容大感光,36.95,37.54,37.73,36.25,36.60,-0.95,4.01,2011394,74234566.16,2021-04-27,2.58,5737172573.40,2857144083.60,10.34,108.78
3866,SZSE.300577,开润股份,24.99,24.74,25.39,24.60,24.80,-0.76,3.16,773926,19277945.17,2021-04-27,0.73,5956097183.20,2636803753.60,3.89,76.41
3867,SZSE.300578,会畅通讯,29.34,28.50,28.98,27.30,27.31,-6.92,5.73,3847223,107002065.19,2021-04-27,2.97,4748618967.45,3542466372.29,3.59,35.37
3868,SZSE.300579,数字认证,42.70,42.50,44.15,42.41,42.82,0.28,4.07,4346125,188238471.75,2021-04-27,2.49,7707600000.00,7464170697.92,10.26,74.85
3869,SZSE.300580,贝斯特,17.19,17.53,17.82,17.26,17.35,0.93,3.26,1857417,32350810.32,2021-04-27,1.00,3470000000.00,3236067781.25,2.01,16.93
3870,SZSE.300581,晨曦航空,31.24,31.57,31.57,30.30,30.68,-1.79,4.07,3884300,118944404.00,2021-04-27,2.26,5269596800.00,5269596800.00,7.33,71.37
3871,SZSE.300582,英飞特,18.81,18.58,18.70,17.82,17.92,-4.73,4.68,7112530,128594785.60,2021-04-27,5.22,3543240064.00,2442012357.12,2.79,19.42
3872,SZSE.300583,赛托生物,22.03,21.78,22.39,21.55,22.30,1.23,3.81,1375472,30267245.14,2021-04-27,1.64,2391732244.10,1867757506.60,1.46,-14.86
3873,SZSE.300584,海辰药业,18.58,18.51,18.89,18.12,18.77,1.02,4.14,838450,15494369.50,2021-04-27,1.31,2252400000.00,1202129361.27,3.25,43.67
3874,SZSE.300585,奥联电子,12.13,12.12,12.28,11.82,11.92,-1.73,3.79,2453607,29388906.01,2021-04-27,1.53,1907200000.00,1907200000.00,3.47,45.55
3875,SZSE.300586,美联新材,7.95,7.93,7.93,7.65,7.72,-2.89,3.52,3626775,28075890.45,2021-04-27,1.25,3520353520.24,2230932679.24,4.75,48.71
3876,SZSE.300587,天铁股份,15.87,16.19,16.19,15.05,15.81,-0.38,7.18,8457214,131273369.24,2021-04-27,3.06,5362222965.78,4369788049.11,3.32,27.34
3877,SZSE.300588,熙菱信息,7.96,8.11,8.26,7.51,7.71,-3.14,9.42,5488660,42868461.60,2021-04-27,5.23,1276806840.00,809202857.25,4.27,-14.00
3878,SZSE.300589,江龙船艇,24.35,24.28,24.51,23.39,24.51,0.66,4.60,7791146,186071970.52,2021-04-27,7.61,4970819178.00,2509502771.94,13.31,142.59
3879,SZSE.300590,移为通信,22.29,22.60,22.63,21.71,22.00,-1.30,4.13,2755264,60605839.38,2021-04-27,1.61,5328774000.00,3764223100.00,4.84,55.52
3880,SZSE.300591,万里马,6.23,6.20,6.33,6.10,6.17,-0.96,3.69,6953500,43059352.70,2021-04-27,3.38,2034399609.70,1270519674.70,4.13,-36.19
3881,SZSE.300592,华凯易佰,19.75,19.95,20.27,19.76,20.05,1.52,2.58,1405177,28066503.85,2021-04-27,1.47,2453741055.00,1910774523.75,5.64,-39.27
3882,SZSE.300593,新雷能,46.41,46.34,46.61,45.42,46.15,-0.56,2.56,3484068,160429658.98,2021-04-27,2.81,7641027810.00,5719343932.90,8.90,44.82
3883,SZSE.300594,朗进科技,21.64,21.64,21.65,21.06,21.44,-0.92,2.73,750600,15951641.00,2021-04-27,1.11,1929207648.00,1455169248.00,2.11,22.20
3884,SZSE.300595,欧普康视,106.48,108.25,115.18,105.00,114.11,7.17,9.56,9791119,1087749345.71,2021-04-27,2.24,69335844098.16,49936064503.45,36.51,129.98
3885,SZSE.300596,利安隆,38.80,39.80,40.00,38.23,39.12,0.82,4.56,1869664,72926693.54,2021-04-27,1.03,8020007630.40,7129656655.44,3.57,27.37
3886,SZSE.300597,吉大通信,8.24,8.23,8.31,7.97,8.10,-1.70,4.13,2746200,22144417.00,2021-04-27,1.24,1944000000.00,1787978934.00,2.33,60.71
3887,SZSE.300598,诚迈科技,69.60,70.00,70.46,66.40,67.18,-3.48,5.83,2708970,183561009.21,2021-04-27,2.57,7091473774.00,7091473774.00,6.87,120.48
3888,SZSE.300599,雄塑科技,11.19,11.19,11.80,10.97,11.78,5.27,7.42,4320311,49336869.55,2021-04-27,2.88,3581120000.00,1765889146.00,2.01,16.85
3889,SZSE.300600,国瑞科技,11.88,11.95,12.54,11.52,12.29,3.45,8.59,8083012,96733851.97,2021-04-27,3.55,3648258478.80,2798714502.45,3.11,56.38
3890,SZSE.300601,康泰生物,146.01,147.50,152.50,146.00,152.00,4.10,4.45,7907016,1189058651.33,2021-04-27,1.61,104328324968.00,74721824400.00,13.77,180.81
3891,SZSE.300602,飞荣达,16.91,16.06,16.38,15.51,15.59,-7.81,5.14,5962184,95164619.53,2021-04-27,1.93,7894953367.43,4824985783.27,3.21,39.26
3892,SZSE.300603,立昂技术,9.06,8.92,9.00,8.52,8.85,-2.32,5.30,6790568,59400033.66,2021-04-27,2.81,3730535729.85,2135868088.95,2.54,-3.87
3893,SZSE.300604,长川科技,39.07,39.90,39.90,38.70,39.39,0.82,3.07,3433133,135042898.20,2021-04-27,1.58,12360207873.78,8564058544.86,10.78,145.66
3894,SZSE.300605,恒锋信息,11.23,11.16,11.29,10.70,10.80,-3.83,5.25,2801150,30528811.69,2021-04-27,2.72,1784791465.20,1111315431.60,3.64,29.87
3895,SZSE.300606,金太阳,18.23,18.31,18.31,17.36,17.71,-2.85,5.21,976100,17229159.00,2021-04-27,1.82,1655123470.00,949886599.97,3.27,24.72
3896,SZSE.300607,拓斯达,34.95,35.00,35.21,34.18,34.58,-1.06,2.95,1983351,68371210.41,2021-04-27,1.19,9204103479.48,5768153139.84,4.10,20.10
3897,SZSE.300608,思特奇,12.72,12.78,13.06,12.56,12.60,-0.94,3.93,2068428,26446440.24,2021-04-27,1.70,1986435246.60,1533426451.20,2.59,28.10
3898,SZSE.300609,汇纳科技,14.41,14.40,14.41,13.90,14.16,-1.73,3.54,2018400,28428304.85,2021-04-27,2.22,1726421042.40,1285638792.00,1.63,569.33
3899,SZSE.300610,晨化股份,17.33,17.33,17.72,17.23,17.54,1.21,2.83,3636097,63673170.24,2021-04-27,3.29,2642804420.00,1940447235.74,2.64,15.74
3900,SZSE.300611,美力科技,9.08,9.09,9.12,8.84,8.90,-1.98,3.08,2247637,20087941.93,2021-04-27,1.85,1592659895.00,1083421475.00,2.39,29.68
3901,SZSE.300612,宣亚国际,15.10,15.36,15.39,14.75,14.93,-1.13,4.24,1744225,25984117.50,2021-04-27,1.74,2418660000.00,1493185788.92,8.56,-84.06
3902,SZSE.300613,富瀚微,139.92,139.00,139.79,136.66,138.30,-1.16,2.24,678591,93572568.12,2021-04-27,0.90,11064088512.00,10429478217.00,8.06,120.24
3903,SZSE.300615,欣天科技,10.07,9.95,10.17,9.79,9.98,-0.89,3.77,1522097,15054460.87,2021-04-27,1.60,1868256000.00,951114319.28,3.89,393.42
3904,SZSE.300616,尚品宅配,67.37,66.50,68.20,66.50,67.39,0.03,2.52,275981,18648433.87,2021-04-27,0.21,13388708250.00,8769141406.18,3.81,53.36
3905,SZSE.300617,安靠智电,41.90,41.31,42.67,41.31,41.79,-0.26,3.25,919850,38644607.20,2021-04-27,1.42,5405269252.95,2703196806.45,5.85,33.59
3906,SZSE.300618,寒锐钴业,69.07,68.62,70.60,68.10,70.23,1.68,3.62,12354311,859324857.42,2021-04-27,5.57,21744411671.97,15574482981.03,5.06,52.81
3907,SZSE.300619,金银河,18.37,18.39,18.55,17.93,18.32,-0.27,3.38,1029579,18707210.75,2021-04-27,1.82,1368240265.28,1037333946.24,2.80,71.81
3908,SZSE.300620,光库科技,37.79,38.98,39.49,38.29,38.31,1.38,3.18,1679409,65122877.96,2021-04-27,1.93,4157273895.87,3336156127.77,2.91,54.72
3909,SZSE.300621,维业股份,8.78,8.81,8.81,8.52,8.67,-1.25,3.30,2390000,20607052.50,2021-04-27,1.23,1803851589.00,1680238942.62,2.03,39.16
3910,SZSE.300622,博士眼镜,17.52,17.41,18.47,17.41,18.32,4.57,6.05,3050021,55100714.24,2021-04-27,2.92,3131466857.04,1910318769.44,4.96,45.27
3911,SZSE.300623,捷捷微电,40.06,39.83,41.17,39.20,41.09,2.57,4.92,14475259,583797753.37,2021-04-27,3.40,20175115996.91,17478069807.03,7.76,71.17
3912,SZSE.300624,万兴科技,41.90,41.80,41.89,40.32,40.90,-2.39,3.75,1445374,59065776.90,2021-04-27,1.45,5314833936.00,4084442548.90,5.98,43.58
3913,SZSE.300625,三雄极光,15.07,15.13,15.13,14.75,14.91,-1.06,2.52,1029550,15316206.00,2021-04-27,0.74,4174800000.00,2063481407.82,1.74,17.52
3914,SZSE.300626,华瑞股份,7.74,7.73,7.83,7.37,7.51,-2.97,5.94,3013000,22618053.08,2021-04-27,2.49,1351800000.00,909502305.00,2.41,78.70
3915,SZSE.300627,华测导航,25.58,25.58,25.72,24.40,25.08,-1.95,5.16,6283832,156605727.74,2021-04-27,2.35,8608343531.04,6706564575.48,7.28,37.84
3916,SZSE.300628,亿联网络,70.50,70.51,71.47,69.36,71.10,0.85,2.99,1764266,124495375.99,2021-04-27,0.37,64152359694.00,34166115145.80,11.50,49.84
3917,SZSE.300629,新劲刚,18.63,18.73,18.74,18.06,18.24,-2.09,3.65,1493250,27212035.50,2021-04-27,1.73,2399040459.84,1574494748.16,2.68,44.19
3918,SZSE.300630,普利制药,49.10,49.51,50.81,48.60,50.55,2.95,4.50,6953907,346965069.69,2021-04-27,2.16,22091830053.45,16243072419.15,10.12,49.25
3919,SZSE.300631,久吾高科,18.81,18.71,18.94,18.16,18.56,-1.33,4.15,2454560,45415954.36,2021-04-27,2.31,2016081299.20,1971892259.20,2.44,24.37
3920,SZSE.300632,光莆股份,16.38,16.45,16.55,14.70,15.41,-5.92,11.29,12511900,193733733.62,2021-04-27,9.56,4734356404.63,2017593052.38,2.42,30.98
3921,SZSE.300633,开立医疗,27.71,28.50,29.87,27.86,29.37,5.99,7.25,16117230,465569205.42,2021-04-27,4.03,11860648635.00,11748293700.00,8.54,-6320.04
3922,SZSE.300634,彩讯股份,14.25,14.30,14.83,14.19,14.59,2.39,4.49,3039804,44138577.49,2021-04-27,0.78,5836145900.00,5716708512.50,3.94,41.59
3923,SZSE.300635,中达安,18.51,18.86,19.30,18.45,19.06,2.97,4.59,871894,16504277.68,2021-04-27,1.01,2598297320.00,1639678622.60,4.05,47.84
3924,SZSE.300636,同和药业,29.34,28.06,29.43,27.40,28.75,-2.01,6.92,3632993,102960475.64,2021-04-27,3.33,3697822700.00,3132470452.50,4.71,49.70
3925,SZSE.300637,扬帆新材,8.25,8.19,8.21,7.88,8.02,-2.79,4.00,2230383,17891876.30,2021-04-27,0.95,1882696042.60,1878316641.40,2.43,41.85
3926,SZSE.300638,广和通,57.43,57.47,58.00,55.97,56.83,-1.04,3.53,1592215,90346169.75,2021-04-27,1.05,13747417618.22,8604200210.56,8.37,44.07
3927,SZSE.300639,凯普生物,38.98,38.47,39.35,37.77,38.99,0.03,4.05,5131801,199150507.68,2021-04-27,2.22,9177538253.52,9014711451.69,3.56,17.83
3928,SZSE.300640,德艺文创,6.67,6.71,6.71,6.40,6.49,-2.70,4.65,1433223,9315337.27,2021-04-27,1.21,1861658148.46,769102382.40,2.75,54.90
3929,SZSE.300641,正丹股份,6.87,6.73,6.94,6.41,6.57,-4.37,7.71,15768892,103746452.00,2021-04-27,3.22,3216672000.00,3216672000.00,2.31,46.39
3930,SZSE.300642,透景生命,62.28,62.35,65.56,62.00,64.78,4.01,5.72,2195300,140469709.00,2021-04-27,2.97,5899733232.50,4787289937.20,4.57,36.28
3931,SZSE.300643,万通智控,10.64,10.70,10.74,10.34,10.70,0.56,3.76,3485766,36616424.64,2021-04-27,1.74,2140000000.00,2140000000.00,4.48,58.86
3932,SZSE.300644,南京聚隆,33.63,33.58,34.92,33.58,33.84,0.62,3.98,1336865,45811904.53,2021-04-27,2.99,2165760000.00,1514984448.96,2.93,30.43
3933,SZSE.300645,正元智慧,15.42,15.43,15.60,14.81,15.05,-2.40,5.12,3198890,48451613.60,2021-04-27,2.51,1916084624.65,1916084624.65,2.98,45.64
3934,SZSE.300647,超频三,8.88,8.79,8.80,8.57,8.57,-3.49,2.59,3730600,32269074.00,2021-04-27,1.70,3690402730.35,1877222814.52,5.66,238.99
3935,SZSE.300648,星云股份,28.28,28.31,28.31,25.63,26.39,-6.68,9.48,4080816,108781928.44,2021-04-27,5.11,3900017015.44,2108355791.36,3.92,48.76
3936,SZSE.300649,杭州园林,13.99,13.90,14.10,13.47,13.50,-3.50,4.50,811028,11057824.60,2021-04-27,0.79,1728000000.00,1394164575.00,3.70,33.85
3937,SZSE.300650,太龙股份,18.11,18.05,18.81,18.05,18.66,3.04,4.20,1749739,32433991.17,2021-04-27,3.08,2003180856.00,1060065083.40,3.36,29.74
3938,SZSE.300651,金陵体育,45.34,45.22,45.62,44.60,44.74,-1.32,2.25,444400,19976782.00,2021-04-27,0.65,5760130937.20,3071086075.14,8.35,128.58
3939,SZSE.300652,雷迪克,18.44,18.69,19.94,18.44,19.02,3.15,8.13,1764613,33792425.31,2021-04-27,2.11,1789403787.30,1588285470.42,1.89,30.16
3940,SZSE.300653,正海生物,50.09,49.46,50.37,49.31,49.86,-0.46,2.12,1668120,83185364.76,2021-04-27,1.39,5983200000.00,5983200000.00,8.66,50.56
3941,SZSE.300654,世纪天鸿,8.50,8.29,8.32,7.76,7.81,-8.12,6.59,5940728,46764506.23,2021-04-27,3.44,1421673825.00,1350698723.99,2.89,40.37
3942,SZSE.300655,晶瑞电材,35.90,36.01,36.18,34.81,35.41,-1.36,3.82,4818138,170304362.82,2021-04-27,3.04,6681890653.88,5614475643.97,5.03,69.80
3943,SZSE.300656,民德电子,25.72,25.75,26.68,25.53,26.55,3.23,4.47,1524840,39764668.67,2021-04-27,2.07,2891295000.00,1954108594.35,5.28,70.72
3944,SZSE.300657,弘信电子,16.53,16.43,16.43,16.21,16.38,-0.91,1.33,1498377,24408256.25,2021-04-27,0.46,5597654615.28,5294853558.54,3.99,42.70
3945,SZSE.300658,延江股份,24.69,24.46,25.29,24.02,25.25,2.27,5.14,4773700,118252926.62,2021-04-27,5.36,3832192500.00,2248146375.00,3.47,12.79
3946,SZSE.300659,中孚信息,41.85,41.27,42.35,40.90,41.15,-1.67,3.46,1915630,79150461.86,2021-04-27,1.29,9328258152.15,6092266264.95,6.06,38.59
3947,SZSE.300660,江苏雷利,20.00,19.78,19.78,18.95,19.03,-4.85,4.15,3068817,58870711.05,2021-04-27,2.47,4935289069.04,2361697159.91,1.89,16.07
3948,SZSE.300661,圣邦股份,257.64,256.94,266.80,252.00,265.21,2.94,5.74,1909817,499348659.10,2021-04-27,1.32,41492753468.87,38433435978.74,26.30,124.27
3949,SZSE.300662,科锐国际,56.00,55.75,58.78,55.55,58.20,3.93,5.77,1267471,72809661.54,2021-04-27,0.70,10642219200.00,10519611588.00,9.71,57.12
3950,SZSE.300663,科蓝软件,19.71,20.16,20.66,19.74,20.24,2.69,4.67,8159214,165536991.42,2021-04-27,3.59,6294483706.72,4594623177.76,5.72,69.60
3951,SZSE.300664,鹏鹞环保,6.87,6.87,6.96,6.82,6.89,0.29,2.04,4859165,33422630.58,2021-04-27,0.69,4925280672.00,4853819314.50,1.37,12.43
3952,SZSE.300665,飞鹿股份,11.39,11.54,11.56,11.11,11.49,0.88,3.95,1792160,20337474.80,2021-04-27,1.99,1397586931.32,1035045282.30,2.99,46.51
3953,SZSE.300666,江丰电子,41.11,41.00,41.01,39.80,40.01,-2.68,2.94,3398655,136536304.58,2021-04-27,2.50,8978575882.95,5430506647.34,8.23,60.65
3954,SZSE.300667,必创科技,22.25,22.20,22.74,21.86,22.43,0.81,3.96,1537900,34212870.50,2021-04-27,1.27,4458776686.57,2724756003.57,3.88,115.60
3955,SZSE.300668,杰恩设计,12.13,12.12,12.18,11.79,11.90,-1.90,3.22,763350,9103355.50,2021-04-27,1.34,1254260000.00,676785213.30,2.69,91.78
3956,SZSE.300669,沪宁股份,20.94,21.00,21.00,20.23,20.33,-2.91,3.68,2596730,53124623.60,2021-04-27,2.66,2257684964.36,1987005773.94,3.97,41.63
3957,SZSE.300670,大烨智能,7.24,7.25,7.30,7.07,7.21,-0.41,3.18,3998630,28591867.70,2021-04-27,1.35,2277570353.59,2128706146.91,2.46,35.99
3958,SZSE.300671,富满微,59.03,58.61,59.49,54.48,55.60,-5.81,8.49,10989970,617600253.94,2021-04-27,7.02,8765660534.00,8708291397.60,7.98,87.25
3959,SZSE.300672,国科微,52.50,52.58,54.32,52.29,53.89,2.65,3.87,3098121,165792230.77,2021-04-27,1.80,9717317727.38,9300468984.96,7.70,141.05
3960,SZSE.300673,佩蒂股份,32.29,32.07,32.69,31.80,31.93,-1.11,2.76,1799597,57910523.29,2021-04-27,1.67,5420650731.00,3442700965.66,3.31,47.21
3961,SZSE.300674,宇信科技,34.09,34.25,34.78,33.53,34.02,-0.21,3.67,4295796,146417954.72,2021-04-27,1.56,14062684104.00,9392680968.30,6.02,31.05
3962,SZSE.300675,建科院,15.85,15.61,15.93,15.36,15.47,-2.40,3.60,3216107,50050683.69,2021-04-27,2.19,2268933849.00,2268933849.00,4.64,45.18
3963,SZSE.300676,华大基因,134.18,133.01,133.30,131.03,132.13,-1.53,1.69,3797709,501519077.01,2021-04-27,1.53,54690499762.25,32811051044.91,6.48,22.09
3964,SZSE.300677,英科医疗,174.45,172.02,174.00,163.50,167.00,-4.27,6.02,13259586,2217170928.81,2021-04-27,5.55,58959197529.00,39927951844.00,4.50,5.56
3965,SZSE.300678,中科信息,17.65,17.65,17.70,17.06,17.39,-1.47,3.63,1952810,33777088.10,2021-04-27,1.08,3130200000.00,3130200000.00,5.07,96.14
3966,SZSE.300679,电连技术,45.74,45.45,45.50,42.86,44.45,-2.82,5.77,5349058,234803530.90,2021-04-27,2.61,12481560000.00,9098452675.55,3.39,46.45
3967,SZSE.300680,隆盛科技,25.50,25.28,26.56,25.25,26.02,2.04,5.14,3611396,94482987.75,2021-04-27,3.68,3751552229.26,2554044229.30,4.48,69.90
3968,SZSE.300681,英搏尔,32.01,32.41,32.43,28.22,30.38,-5.09,13.15,662800,20593262.00,2021-04-27,1.52,2296728000.00,1326770550.00,3.92,115.02
3969,SZSE.300682,朗新集团,16.95,17.06,17.14,16.20,16.55,-2.36,5.55,9316227,154763242.28,2021-04-27,1.32,16899706564.30,11697664720.80,3.21,23.90
3970,SZSE.300683,海特生物,40.12,40.58,41.35,39.41,41.20,2.69,4.84,1150008,46598619.85,2021-04-27,1.21,4258227648.00,3916380948.00,2.47,-288.75
3971,SZSE.300684,中石科技,20.30,20.30,20.46,19.50,19.78,-2.56,4.73,5317040,105570027.12,2021-04-27,3.10,5557224764.46,3392884248.12,3.23,28.04
3972,SZSE.300685,艾德生物,83.16,82.60,84.18,82.19,83.98,0.99,2.39,1544623,128826041.49,2021-04-27,0.71,18627435840.00,18298043185.50,15.79,94.15
3973,SZSE.300686,智动力,16.70,16.46,16.81,16.16,16.36,-2.04,3.89,1606760,26212529.00,2021-04-27,1.17,4347706646.40,2251578456.20,2.52,38.01
3974,SZSE.300687,赛意信息,27.00,28.00,29.14,27.10,28.78,6.59,7.56,5868832,164722081.96,2021-04-27,3.78,6250422326.16,4471573293.24,6.36,35.50
3975,SZSE.300688,创业黑马,17.85,17.77,18.20,17.45,17.87,0.11,4.20,827584,14660543.48,2021-04-27,1.12,1951564401.12,1324478063.09,3.28,126.38
3976,SZSE.300689,澄天伟业,35.36,35.15,37.89,35.14,36.70,3.79,7.78,2119005,77422378.87,2021-04-27,3.70,2495600000.00,2099927831.40,4.05,105.48
3977,SZSE.300690,双一科技,25.86,25.60,26.06,24.02,24.13,-6.69,7.89,4293250,105633343.90,2021-04-27,3.95,4013247476.41,2623191821.17,3.00,12.14
3978,SZSE.300691,联合光电,13.59,13.62,14.24,13.51,13.83,1.77,5.37,4883500,67822721.70,2021-04-27,2.67,3114545430.24,2531694186.84,3.21,41.46
3979,SZSE.300692,中环环保,17.02,17.10,17.25,16.50,16.53,-2.88,4.41,6295442,105734515.81,2021-04-27,4.02,3686628821.91,2591793199.41,2.00,20.93
3980,SZSE.300693,盛弘股份,29.20,29.60,30.14,28.88,29.17,-0.10,4.32,3959350,116711986.50,2021-04-27,4.22,3991924096.93,2735908322.84,5.09,37.62
3981,SZSE.300694,蠡湖股份,9.51,9.48,9.50,9.10,9.18,-3.47,4.21,3538105,32659938.85,2021-04-27,2.72,1976609848.86,1192995565.92,1.59,43.14
3982,SZSE.300695,兆丰股份,53.06,52.87,53.26,51.88,52.05,-1.90,2.60,206200,10789928.00,2021-04-27,0.31,3470574285.00,3470574285.00,1.86,21.71
3983,SZSE.300696,爱乐达,46.77,46.66,47.65,46.05,47.50,1.56,3.42,2384131,112020123.87,2021-04-27,2.18,8491575000.00,5188436020.00,8.41,62.09
3984,SZSE.300697,电工合金,11.90,11.80,13.50,11.80,12.43,4.45,14.29,25824482,327690779.48,2021-04-27,17.74,4136704000.00,1809808000.00,4.40,29.12
3985,SZSE.300698,万马科技,18.55,18.56,18.60,17.94,18.35,-1.08,3.56,4636900,84539262.00,2021-04-27,4.39,2458900000.00,1938296242.05,6.75,-238.58
3986,SZSE.300699,光威复材,67.63,67.20,68.09,65.50,65.99,-2.42,3.83,4935753,327525320.83,2021-04-27,0.96,34205916500.00,34074728380.00,8.87,49.67
3987,SZSE.300700,岱勒新材,15.60,15.75,16.00,15.15,15.70,0.64,5.45,1822300,28155904.00,2021-04-27,3.07,1293833169.20,932619736.70,2.67,860.38
3988,SZSE.300701,森霸传感,29.37,29.31,29.99,29.21,29.85,1.63,2.66,903400,26739366.00,2021-04-27,0.75,3582000000.00,3582000000.00,5.07,21.96
3989,SZSE.300702,天宇股份,78.98,78.00,78.00,74.60,75.52,-4.38,4.30,3575104,269838032.02,2021-04-27,3.39,14599800462.08,7965615034.88,3.95,23.03
3990,SZSE.300703,创源股份,9.84,9.89,10.13,9.64,10.06,2.24,4.98,3569476,35393211.47,2021-04-27,2.24,1849245094.80,1606478583.20,2.59,15.68
3991,SZSE.300705,九典制药,30.23,30.33,30.63,29.39,30.57,1.12,4.10,3490522,104780077.89,2021-04-27,2.62,7174167600.00,4074964461.63,8.13,87.21
3992,SZSE.300706,阿石创,19.07,19.00,19.16,18.36,18.49,-3.04,4.20,1637260,30469955.60,2021-04-27,2.01,2609308800.00,1509041565.70,5.88,705.81
3993,SZSE.300707,威唐工业,14.45,14.55,14.75,14.46,14.75,2.08,2.01,1557605,22740067.00,2021-04-27,1.40,2316671875.00,1638361058.50,3.36,89.84
3994,SZSE.300708,聚灿光电,21.71,21.64,21.81,20.30,20.60,-5.11,6.96,9340491,197287288.06,2021-04-27,5.18,5361520800.00,3715005503.80,6.86,516.42
3995,SZSE.300709,精研科技,40.62,40.95,40.95,39.42,40.00,-1.53,3.77,793361,31612173.41,2021-04-27,0.89,4622394400.00,3549331800.00,2.91,32.59
3996,SZSE.300710,万隆光电,30.20,30.23,30.37,28.07,29.69,-1.69,7.62,1538478,44712646.54,2021-04-27,2.24,2037149660.00,2037149660.00,3.16,31.58
3997,SZSE.300711,广哈通信,12.77,12.80,12.90,12.35,12.44,-2.58,4.31,2250296,28171585.72,2021-04-27,1.09,2583068619.68,2562860959.28,4.37,83.80
3998,SZSE.300712,永福股份,33.89,34.26,35.40,33.58,34.81,2.71,5.37,6185512,214819573.16,2021-04-27,3.40,6339040240.00,6339040240.00,6.10,106.49
3999,SZSE.300713,英可瑞,16.84,16.96,16.96,15.86,16.05,-4.69,6.53,3714027,60044820.63,2021-04-27,4.62,2302171875.00,1291533195.90,3.19,70.93
4000,SZSE.300715,凯伦股份,52.08,49.49,51.57,48.28,48.98,-5.95,6.32,4619245,228793984.29,2021-04-27,3.05,8363432960.00,7415498334.08,6.01,27.32
4001,SZSE.300716,泉为科技,7.47,7.58,7.58,7.19,7.29,-2.41,5.22,2018950,14759199.49,2021-04-27,1.26,1166545800.00,1166545800.00,2.22,44.94
4002,SZSE.300717,华信新材,13.68,13.78,13.79,13.42,13.48,-1.46,2.70,991400,13383483.00,2021-04-27,0.98,1380352000.00,1367928832.00,2.26,38.06
4003,SZSE.300718,长盛轴承,19.51,19.50,19.83,19.31,19.67,0.82,2.67,1285701,25218857.59,2021-04-27,1.19,3897571160.00,2127458025.00,2.93,24.38
4004,SZSE.300719,安达维尔,13.33,13.31,13.31,12.55,12.65,-5.10,5.70,4191700,53699730.50,2021-04-27,2.32,3214456712.50,2282260907.30,3.06,30.22
4005,SZSE.300720,海川智能,22.32,24.20,26.20,23.05,23.40,4.84,14.11,7253422,175349292.32,2021-04-27,12.81,2527200000.00,1324853010.00,4.63,31.70
4006,SZSE.300721,怡达股份,34.19,33.90,34.42,33.23,33.63,-1.64,3.48,552887,18600470.20,2021-04-27,0.70,2904800229.21,2668540500.00,2.88,-748.29
4007,SZSE.300722,新余国科,43.53,43.40,43.40,41.00,41.98,-3.56,5.51,2768970,116377582.00,2021-04-27,2.06,6112288000.00,5653866400.00,12.81,124.23
4008,SZSE.300723,一品红,49.78,49.78,50.60,49.50,50.47,1.39,2.21,1016036,50994792.20,2021-04-27,1.45,8118013701.00,3535997242.96,5.23,32.42
4009,SZSE.300724,捷佳伟创,113.84,113.35,114.00,108.26,109.50,-3.81,5.04,3106849,341582035.29,2021-04-27,1.83,38073176827.50,18615206736.00,11.70,77.45
4010,SZSE.300725,药石科技,141.60,141.60,145.16,139.19,143.01,1.00,4.22,3669583,520285710.84,2021-04-27,2.42,28559053524.96,21689275147.47,14.46,126.50
4011,SZSE.300726,宏达电子,65.17,65.50,67.93,63.95,67.00,2.81,6.11,4397409,291038353.86,2021-04-27,2.41,26806700000.00,12246184625.00,11.72,55.41
4012,SZSE.300727,润禾材料,23.66,23.65,23.65,22.68,22.69,-4.10,4.10,2637206,60534645.36,2021-04-27,2.34,2878907200.00,2555547835.04,4.65,42.65
4013,SZSE.300729,乐歌股份,37.17,36.30,36.85,34.74,36.17,-2.69,5.68,3221000,114960057.20,2021-04-27,2.43,5023871213.60,4789715495.25,4.90,21.37
4014,SZSE.300730,科创信息,14.48,14.40,14.51,14.20,14.38,-0.69,2.14,849150,12159981.20,2021-04-27,0.77,2292361787.24,1595922986.26,5.23,70.66
4015,SZSE.300731,科创新源,25.60,25.55,25.87,24.86,25.28,-1.25,3.95,968731,24492769.26,2021-04-27,0.82,3182066077.76,2969446741.76,5.13,100.98
4016,SZSE.300732,设研院,13.38,13.50,13.75,13.40,13.57,1.42,2.62,1269102,17192320.26,2021-04-27,0.58,3115877992.60,2991574526.41,1.27,10.17
4017,SZSE.300733,西菱动力,18.99,19.46,19.46,18.38,18.55,-2.32,5.69,4232820,79508139.38,2021-04-27,3.56,3179458332.05,2205207175.15,2.45,214.42
4018,SZSE.300735,光弘科技,11.47,11.47,11.59,11.10,11.40,-0.61,4.27,7445079,84380211.74,2021-04-27,0.99,8830680768.00,8608608847.80,2.08,21.25
4019,SZSE.300736,百邦科技,7.28,7.38,7.60,7.08,7.34,0.82,7.14,2738520,20018845.68,2021-04-27,2.15,956206462.40,934894911.86,5.17,-13.67
4020,SZSE.300737,科顺股份,34.93,34.61,35.22,33.71,34.12,-2.32,4.32,14284489,488337959.45,2021-04-27,3.05,21678878992.00,15980824627.48,4.75,24.35
4021,SZSE.300738,奥飞数据,18.85,18.63,18.94,18.10,18.21,-3.40,4.46,3870725,71168428.52,2021-04-27,1.09,6949749149.34,6486043772.88,5.24,57.07
4022,SZSE.300739,明阳电路,15.70,15.64,15.64,15.08,15.26,-2.80,3.57,2457765,37659467.79,2021-04-27,0.90,4260897200.00,4148955562.50,3.01,32.04
4023,SZSE.300740,水羊股份,25.66,25.57,26.43,24.75,25.22,-1.71,6.55,15562153,394060958.46,2021-04-27,4.13,10366945229.94,9514004628.18,7.48,61.65
4024,SZSE.300741,华宝股份,42.85,42.76,45.29,42.55,43.92,2.50,6.39,3094588,136179461.23,2021-04-27,2.67,27049449600.00,5089324428.00,3.38,22.82
4025,SZSE.300742,*ST越博,23.43,23.88,23.90,22.28,22.56,-3.71,6.91,2193500,50124823.00,2021-04-27,5.09,1770927739.20,972561757.92,4.85,204.63
4026,SZSE.300743,天地数码,14.30,14.29,15.77,14.25,14.76,3.22,10.63,5495450,80783329.00,2021-04-27,7.83,1459585404.00,1035283698.72,3.64,64.27
4027,SZSE.300745,欣锐科技,19.20,19.49,19.93,19.10,19.50,1.56,4.32,3040006,59332821.38,2021-04-27,4.73,2234550864.00,1252261042.50,2.70,-7.85
4028,SZSE.300746,汉嘉设计,9.85,9.92,9.94,9.65,9.89,0.41,2.94,1387899,13589058.58,2021-04-27,1.92,2232552063.92,716430195.62,1.78,31.00
4029,SZSE.300747,锐科激光,86.17,85.91,87.58,84.68,86.88,0.82,3.37,1254007,108048854.05,2021-04-27,0.82,25021440000.00,13276047657.60,9.35,111.24
4030,SZSE.300748,金力永磁,38.11,38.00,38.88,37.87,38.17,0.16,2.65,9004818,345348587.86,2021-04-27,3.47,16478164543.83,9895470471.59,7.85,53.13
4031,SZSE.300749,顶固集创,8.21,8.16,8.23,8.07,8.21,0.00,1.95,1056940,8603456.80,2021-04-27,1.24,1684440774.00,699945192.00,2.05,77.48
4032,SZSE.300750,宁德时代,349.00,350.00,350.80,340.26,348.60,-0.11,3.02,15180979,5243699574.44,2021-04-27,1.12,812054646160.80,473049547420.80,12.37,182.37
4033,SZSE.300751,迈为股份,605.00,595.01,607.84,577.21,585.00,-3.31,5.06,606737,356918268.52,2021-04-27,2.08,33507176625.00,17055492480.00,13.40,84.95
4034,SZSE.300752,隆利科技,25.77,26.50,27.67,26.01,26.60,3.22,6.44,4775804,128263677.02,2021-04-27,14.01,3205893712.00,906811290.00,3.70,-3635.75
4035,SZSE.300753,爱朋医疗,30.84,30.40,31.22,30.12,30.67,-0.55,3.57,1856790,56841848.70,2021-04-27,3.78,3221576800.00,1507495735.09,4.23,30.01
4036,SZSE.300755,华致酒行,33.44,33.17,34.50,33.00,34.17,2.18,4.49,4416661,149755963.29,2021-04-27,3.69,14242001328.00,4086951713.10,4.74,38.17
4037,SZSE.300756,金马游乐,24.00,25.40,28.80,25.22,28.80,20.00,14.92,4001725,110348324.14,2021-04-27,12.00,2936626560.00,960489158.40,2.74,61.09
4038,SZSE.300757,罗博特科,38.33,39.02,40.01,38.07,39.50,3.05,5.06,504640,19952218.62,2021-04-27,0.92,4108000000.00,2167278100.00,5.76,-86.63
4039,SZSE.300758,七彩化学,21.94,21.80,21.96,21.40,21.50,-2.01,2.55,1019450,21932521.40,2021-04-27,0.85,4128516000.00,2581662165.00,3.24,22.12
4040,SZSE.300759,康龙化成,155.00,153.19,166.00,152.80,166.00,7.10,8.52,4080716,649617367.35,2021-04-27,1.44,131868318692.00,47016735934.00,14.50,112.48
4041,SZSE.300760,迈瑞医疗,439.00,439.01,451.07,435.13,450.80,2.69,3.63,4397832,1957086835.80,2021-04-27,0.88,548033622712.80,225009726211.20,21.92,86.00
4042,SZSE.300761,立华股份,37.14,36.87,37.29,35.91,36.15,-2.67,3.72,3314217,120225192.86,2021-04-27,2.77,14600262000.00,4329366476.25,2.10,19.76
4043,SZSE.300762,上海瀚讯,43.60,44.30,44.44,42.90,43.87,0.62,3.53,1674993,73169001.46,2021-04-27,1.55,9396932065.00,4738924087.12,6.79,51.70
4044,SZSE.300763,锦浪科技,183.72,185.19,194.00,183.01,187.34,1.97,5.98,3271246,615810364.49,2021-04-27,5.94,27288092211.26,10314890942.24,14.05,74.63
4045,SZSE.300765,新诺威,18.13,18.00,18.11,17.51,17.88,-1.38,3.31,1957605,34779417.80,2021-04-27,1.86,7509600000.00,1877400000.00,2.72,24.18
4046,SZSE.300766,每日互动,13.83,13.86,13.88,13.37,13.41,-3.04,3.69,7277645,98318298.35,2021-04-27,2.35,5365341000.00,4150437026.94,3.36,85.09
4047,SZSE.300767,震安科技,82.48,82.44,84.38,82.00,84.03,1.88,2.89,1070990,89415153.27,2021-04-27,1.30,12100320000.00,6939769392.21,10.62,72.05
4048,SZSE.300768,迪普科技,36.55,36.43,36.90,35.67,35.81,-2.02,3.37,513058,18531216.70,2021-04-27,0.37,14324358100.00,4963158999.72,7.27,50.57
4049,SZSE.300769,德方纳米,130.91,131.00,134.00,128.81,132.93,1.54,3.96,1039023,136255124.59,2021-04-27,2.43,11913811105.14,5691171304.35,5.50,476.95
4050,SZSE.300770,新媒股份,48.84,48.73,48.79,47.32,48.37,-0.96,3.01,3239681,155179223.50,2021-04-27,2.29,11176282522.02,6845902936.74,4.02,19.44
4051,SZSE.300771,智莱科技,30.57,30.94,31.50,29.70,31.02,1.47,5.89,1368394,41994427.29,2021-04-27,1.83,4963200000.00,2315270760.00,2.74,20.73
4052,SZSE.300772,运达股份,15.86,16.25,16.49,15.90,16.30,2.77,3.72,5049580,81980381.03,2021-04-27,3.27,4791548000.00,2518808437.50,2.84,22.57
4053,SZSE.300773,拉卡拉,33.37,33.38,34.30,32.85,33.78,1.23,4.35,14626102,490930476.83,2021-04-27,3.82,27024675600.00,12937997133.36,5.66,27.19
4054,SZSE.300775,三角防务,29.50,29.78,29.82,28.74,29.02,-1.63,3.66,3666840,106623942.07,2021-04-27,1.39,14379410000.00,7661280000.00,7.19,70.35
4055,SZSE.300776,帝尔激光,119.52,119.00,123.21,117.21,117.98,-1.29,5.02,891917,106825510.80,2021-04-27,1.96,12482312315.20,5362600036.66,6.65,33.45
4056,SZSE.300777,中简科技,38.24,37.90,38.50,37.29,37.77,-1.23,3.16,2619437,98941826.05,2021-04-27,1.00,15108377700.00,9905512156.56,12.41,65.03
4057,SZSE.300778,新城市,22.61,22.60,23.69,22.60,23.52,4.02,4.82,908776,21070643.25,2021-04-27,1.97,2352000000.00,1084227312.00,2.35,22.39
4058,SZSE.300779,惠城环保,17.50,17.48,17.49,16.36,16.60,-5.14,6.46,1491047,24920834.16,2021-04-27,2.15,1660000000.00,1149992605.80,2.48,61.45
4059,SZSE.300780,德恩精工,14.31,14.44,14.52,14.02,14.40,0.63,3.49,1097600,15632567.00,2021-04-27,1.72,2112048000.00,919454400.00,1.98,22.78
4060,SZSE.300781,因赛集团,26.30,26.26,26.28,25.31,25.68,-2.36,3.69,2018107,51885590.69,2021-04-27,7.33,2171023665.60,707396688.00,3.42,61.01
4061,SZSE.300782,卓胜微,738.00,745.00,751.51,736.50,750.88,1.75,2.03,1331438,991141239.75,2021-04-27,1.25,139146732158.72,79720329646.88,22.69,98.45
4062,SZSE.300783,三只松鼠,55.87,56.00,57.58,53.18,56.44,1.02,7.88,7656410,423139684.44,2021-04-27,3.37,22632440000.00,12810525440.00,9.88,52.84
4063,SZSE.300785,值得买,77.39,77.30,77.30,75.89,76.01,-1.78,1.82,172828,13182635.12,2021-04-27,0.75,6752215788.56,1740097158.03,3.99,43.07
4064,SZSE.300786,国林科技,21.28,21.28,22.39,20.68,22.12,3.95,8.04,2510982,54445526.56,2021-04-27,4.83,1889932800.00,1150094008.00,2.24,23.63
4065,SZSE.300787,海能实业,33.51,33.24,33.75,32.01,32.51,-2.98,5.19,1166275,38218810.62,2021-04-27,2.69,4139173200.00,1410760624.17,3.35,36.47
4066,SZSE.300788,中信出版,42.84,43.30,43.44,40.10,42.29,-1.28,7.80,2401990,100690066.91,2021-04-27,4.77,8041507569.35,2130999485.79,4.16,25.04
4067,SZSE.300789,唐源电气,43.90,43.91,45.39,43.37,44.93,2.35,4.60,585989,26127611.95,2021-04-27,3.46,2066005361.87,761912111.87,2.75,31.86
4068,SZSE.300790,宇瞳光学,24.95,25.04,25.24,24.42,24.96,0.04,3.29,2822300,69995797.00,2021-04-27,2.62,5244573834.24,2692634131.20,3.90,31.55
4069,SZSE.300791,仙乐健康,83.14,82.85,85.37,80.00,80.95,-2.63,6.46,1052923,85840006.99,2021-04-27,3.07,9714000000.00,2775872640.00,4.33,37.74
4070,SZSE.300792,壹网壹创,84.50,83.90,83.90,73.42,75.70,-10.41,12.40,3184213,246586926.79,2021-04-27,5.20,10923964200.00,4639854059.20,6.97,38.10
4071,SZSE.300793,佳禾智能,14.34,14.18,14.26,13.75,13.83,-3.56,3.56,2718761,37926086.99,2021-04-27,2.67,3688295040.00,1409111040.00,3.06,46.33
4072,SZSE.300796,贝斯美,21.22,21.18,21.18,20.59,20.79,-2.03,2.78,1020000,21265717.00,2021-04-27,1.65,2518708500.00,1285919254.62,2.39,40.73
4073,SZSE.300797,钢研纳克,15.30,15.21,15.23,14.29,14.42,-5.75,6.14,3215574,47093339.38,2021-04-27,4.21,3579044000.00,1101211894.86,4.50,40.98
4074,SZSE.300798,锦鸡股份,9.03,8.96,8.98,8.63,8.76,-2.99,3.88,2591024,22760491.78,2021-04-27,1.23,3659480758.20,1841543038.08,2.97,159.86
4075,SZSE.300799,*ST左江,54.22,54.22,58.48,54.22,54.81,1.09,7.86,1809604,101878723.12,2021-04-27,5.55,5595004800.00,1788648986.25,7.69,50.99
4076,SZSE.300800,力合科技,28.56,28.43,28.72,28.01,28.67,0.39,2.49,1037700,29382094.00,2021-04-27,1.08,4587200000.00,2760347600.00,2.48,17.56
4077,SZSE.300801,泰和科技,18.97,18.97,18.97,18.28,18.38,-3.11,3.64,1216553,22490538.08,2021-04-27,1.48,3970080000.00,1507578328.80,2.08,21.56
4078,SZSE.300802,矩子科技,33.96,34.00,34.19,32.35,33.01,-2.80,5.42,1957557,64781862.89,2021-04-27,2.41,5362556430.82,2684372638.83,5.11,60.14
4079,SZSE.300803,指南针,26.64,26.54,27.70,26.50,27.30,2.48,4.50,6537021,178467924.14,2021-04-27,2.97,11056499972.70,6008906740.20,9.08,70.19
4080,SZSE.300805,电声股份,14.88,14.95,14.95,14.49,14.64,-1.61,3.09,1291050,18896617.50,2021-04-27,1.01,6196087200.00,1874359200.00,3.68,36.78
4081,SZSE.300806,斯迪克,54.98,54.98,55.26,53.63,54.57,-0.75,2.96,651386,35407753.04,2021-04-27,0.99,6480426462.03,3584288076.87,5.09,31.63
4082,SZSE.300807,天迈科技,26.75,25.76,25.97,23.38,23.78,-11.10,9.68,3815700,92883704.00,2021-04-27,12.90,1613496780.00,703149821.24,2.58,-446.65
4083,SZSE.300808,久量股份,13.54,13.40,13.49,13.07,13.19,-2.58,3.10,1117610,14751880.00,2021-04-27,2.25,2110400000.00,654224000.00,1.94,55.05
4084,SZSE.300809,华辰装备,17.28,17.45,17.63,17.10,17.36,0.46,3.07,3668500,63710338.00,2021-04-27,8.06,2724131200.00,789793200.00,1.91,36.12
4085,SZSE.300810,中科海讯,33.32,33.32,33.32,31.70,32.19,-3.39,4.86,1007700,32574542.00,2021-04-27,1.94,2533353000.00,1676222208.78,2.51,132.94
4086,SZSE.300811,铂科新材,64.80,65.00,66.46,63.70,64.03,-1.19,4.26,797399,51683158.45,2021-04-27,2.84,3688128000.00,1795613779.60,4.18,31.27
4087,SZSE.300812,易天股份,38.01,37.60,37.96,36.72,37.45,-1.47,3.26,1049143,39052644.42,2021-04-27,3.21,2902812528.35,1222337403.35,3.67,49.24
4088,SZSE.300813,泰林生物,45.56,45.23,45.51,42.22,43.00,-5.62,7.22,1066512,46310461.60,2021-04-27,6.13,2234710000.00,747770000.00,4.92,44.13
4089,SZSE.300815,玉禾田,86.79,86.50,86.75,82.72,82.78,-4.62,4.64,1264166,106110959.61,2021-04-27,2.17,11456752000.00,4824816406.24,4.23,18.16
4090,SZSE.300816,艾可蓝,81.27,81.00,81.27,77.31,78.00,-4.02,4.87,490900,38771516.00,2021-04-27,1.04,6240000000.00,3696531384.00,7.77,49.76
4091,SZSE.300817,双飞集团,25.32,25.16,25.32,24.28,24.55,-3.04,4.11,1720825,42491707.41,2021-04-27,3.88,2481121200.00,1087663200.00,2.73,33.24
4092,SZSE.300818,耐普矿机,27.22,26.90,27.22,26.70,26.80,-1.54,1.91,401908,10814343.40,2021-04-27,1.23,1876000000.00,874832400.00,2.12,36.32
4093,SZSE.300819,聚杰微纤,37.65,37.74,39.50,36.60,38.29,1.70,7.70,8280200,318314081.59,2021-04-27,28.10,3808706300.00,1128406300.00,4.69,655.59
4094,SZSE.300820,英杰电气,41.95,42.00,42.00,40.49,40.90,-2.50,3.60,1318370,54055044.30,2021-04-27,4.42,3885909000.00,1218819263.80,3.57,37.19
4095,SZSE.300821,东岳硅材,10.02,10.02,10.09,9.71,9.78,-2.40,3.79,7806937,76665216.32,2021-04-27,1.87,11736000000.00,4078260000.00,2.79,33.58
4096,SZSE.300822,贝仕达克,29.19,28.95,29.78,28.78,28.90,-0.99,3.43,1395350,40856411.00,2021-04-27,3.03,4624144500.00,1329544500.00,3.91,27.34
4097,SZSE.300823,建科机械,26.73,26.67,27.17,26.18,27.06,1.23,3.70,882445,23538190.08,2021-04-27,2.31,2531709002.46,1033002808.86,2.68,28.21
4098,SZSE.300824,北鼎股份,24.71,24.86,26.19,24.32,25.68,3.93,7.57,3348529,85370893.60,2021-04-27,6.16,5582832000.00,1395708000.00,8.10,52.00
4099,SZSE.300825,阿尔特,24.70,24.83,25.66,23.50,25.31,2.47,8.74,9417287,232605447.71,2021-04-27,3.85,7736222785.33,6192116126.63,5.09,59.70
4100,SZSE.300826,测绘股份,29.22,28.96,29.15,28.20,28.99,-0.79,3.25,1216956,34848622.68,2021-04-27,3.35,2319200000.00,1053006582.03,2.25,30.79
4101,SZSE.300827,上能电气,57.30,56.29,57.01,55.22,55.65,-2.88,3.12,1430600,79885202.00,2021-04-27,4.78,4081014840.00,1667196090.00,4.74,55.01
4102,SZSE.300828,锐新科技,21.91,21.90,22.12,21.06,21.15,-3.47,4.84,1442977,30770702.06,2021-04-27,2.60,2332422000.00,1175403318.75,3.12,34.00
4103,SZSE.300829,金丹科技,67.07,65.00,66.96,63.85,65.27,-2.68,4.64,2347244,152658478.99,2021-04-27,8.29,7369576434.84,1847141000.00,5.54,66.86
4104,SZSE.300830,金现代,10.32,10.34,10.36,10.05,10.16,-1.55,3.00,2415500,24533442.39,2021-04-27,2.81,4370070000.00,874014000.00,3.92,60.16
4105,SZSE.300831,派瑞股份,13.01,13.01,13.02,12.40,12.49,-4.00,4.77,2250379,28345145.06,2021-04-27,2.81,3996800000.00,999200000.00,5.26,136.77
4106,SZSE.300832,新产业,126.30,129.60,141.20,125.00,138.13,9.37,12.83,2626703,354538184.70,2021-04-27,6.38,56957905500.00,5690956000.00,11.29,57.16
4107,SZSE.300833,浩洋股份,45.29,45.23,47.68,44.75,46.99,3.75,6.47,500159,23211948.55,2021-04-27,2.37,3962525730.00,990643180.00,2.24,35.11
4108,SZSE.300835,龙磁科技,50.95,51.05,51.29,48.90,49.28,-3.28,4.69,990300,49116352.00,2021-04-27,5.60,3482617600.00,870777600.00,4.02,51.05
4109,SZSE.300836,佰奥智能,39.17,39.39,39.39,37.50,37.91,-3.22,4.83,557987,21442117.35,2021-04-27,4.53,1867284345.20,466821086.30,3.03,112.35
4110,SZSE.300837,浙矿股份,45.91,46.33,46.70,45.23,46.37,1.00,3.20,421335,19335285.62,2021-04-27,1.69,4637000000.00,1159250000.00,4.74,35.77
4111,SZSE.300838,浙江力诺,18.63,18.38,18.56,17.86,17.90,-3.92,3.76,1009722,18295085.80,2021-04-27,2.96,2440486000.00,610121500.00,3.10,34.57
4112,SZSE.300839,博汇股份,22.52,22.50,22.50,21.51,21.88,-2.84,4.40,1271859,27843429.43,2021-04-27,4.89,2275520000.00,568880000.00,2.69,43.99
4113,SZSE.300840,酷特智能,14.02,14.01,14.36,13.83,14.23,1.50,3.78,3073726,43461262.90,2021-04-27,5.12,3415200000.00,853798577.00,3.53,70.93
4114,SZSE.300841,康华生物,456.00,453.10,462.87,448.00,455.85,-0.03,3.26,482075,219310529.50,2021-04-27,3.21,27351000000.00,6837750000.00,13.17,61.65
4115,SZSE.300842,帝科股份,47.05,47.80,47.80,45.10,45.17,-4.00,5.74,1293696,59338803.24,2021-04-27,5.17,4517000000.00,1129250000.00,5.22,58.20
4116,SZSE.300843,胜蓝股份,25.75,25.62,25.72,24.90,25.00,-2.91,3.18,1347370,33901716.00,2021-04-27,3.62,3722500000.00,930750000.00,4.23,31.96
4117,SZSE.300845,捷安高科,23.87,24.01,24.01,22.62,22.97,-3.77,5.82,958434,22057476.58,2021-04-27,4.15,2121417320.00,530377300.00,3.00,35.44
4118,SZSE.300846,首都在线,19.66,19.55,19.74,18.95,18.95,-3.61,4.02,2034128,38993123.42,2021-04-27,4.07,7794443449.15,947500000.00,10.30,194.46
4119,SZSE.300847,中船汉光,21.87,21.78,21.80,21.22,21.39,-2.19,2.65,1792855,38393786.15,2021-04-27,3.63,4221102600.00,1055382600.00,3.85,45.60
4120,SZSE.300848,美瑞新材,34.85,35.00,37.01,34.47,35.20,1.00,7.29,6760094,240336348.56,2021-04-27,20.28,4693568000.00,1173568000.00,5.83,40.94
4121,SZSE.300849,锦盛新材,21.69,21.69,22.47,21.51,22.33,2.95,4.43,2469367,54535584.40,2021-04-27,9.88,2233000000.00,558205340.00,3.17,75.53
4122,SZSE.300850,新强联,137.36,137.76,140.78,136.00,138.31,0.69,3.48,624745,86282876.50,2021-04-27,2.36,14660860000.00,3665215000.00,9.24,31.16
4123,SZSE.300851,交大思诺,34.44,34.20,34.40,32.94,33.05,-4.04,4.24,684336,22898355.74,2021-04-27,3.15,2873148870.00,718288870.00,2.43,21.58
4124,SZSE.300852,四会富仕,87.50,86.41,87.98,85.60,86.33,-1.34,2.72,632400,54761292.00,2021-04-27,4.47,4888712506.00,1222432800.00,5.34,38.60
4125,SZSE.300853,申昊科技,59.48,61.95,62.48,59.47,59.47,-0.02,5.06,1406585,85507909.63,2021-04-27,6.89,4854417160.00,1213604290.00,4.15,28.89
4126,SZSE.300855,图南股份,36.00,35.70,35.99,34.80,35.40,-1.67,3.31,979032,34555483.56,2021-04-27,1.96,7080000000.00,1770000000.00,6.45,53.72
4127,SZSE.300856,科思股份,52.85,52.59,52.67,50.47,51.28,-2.97,4.16,1391341,71415601.28,2021-04-27,4.93,5788486400.00,1447121600.00,3.80,35.22
4128,SZSE.300857,协创数据,26.80,27.00,27.03,25.45,25.66,-4.25,5.90,2237390,57870822.51,2021-04-27,4.33,5300272686.12,1325068184.36,4.40,59.50
4129,SZSE.300858,科拓生物,57.52,57.28,57.28,55.50,55.73,-3.11,3.09,869578,48825958.72,2021-04-27,4.22,4598710975.16,1149709900.00,4.82,44.62
4130,SZSE.300860,锋尚文化,64.30,61.50,61.90,57.98,58.12,-9.61,6.10,3211619,191057436.67,2021-04-27,9.38,7958993948.96,1989912560.00,2.55,29.61
4131,SZSE.300861,美畅股份,55.85,55.79,56.50,55.50,56.34,0.88,1.79,746642,41818605.02,2021-04-27,1.87,22536563400.00,2254163400.00,6.18,50.12
4132,SZSE.300862,蓝盾光电,36.90,36.68,37.12,35.31,35.74,-3.14,4.91,1522943,54684838.10,2021-04-27,4.62,4713031298.20,1178347800.00,2.62,35.30
4133,SZSE.300863,卡倍亿,89.10,88.50,88.86,84.80,85.53,-4.01,4.56,1206098,103835211.06,2021-04-27,8.73,4723821900.00,1181169300.00,7.98,83.39
4134,SZSE.300864,南大环境,97.61,97.16,104.98,96.58,103.40,5.93,8.61,1303137,130920418.59,2021-04-27,10.86,4963200000.00,1240800000.00,4.55,37.76
4135,SZSE.300865,大宏立,31.60,31.61,31.61,30.11,30.41,-3.77,4.75,1121011,34310214.58,2021-04-27,4.69,2909628800.00,727407200.00,3.23,45.54
4136,SZSE.300866,安克创新,164.98,163.51,166.08,161.57,164.94,-0.02,2.73,292291,47931079.23,2021-04-27,0.77,67036103522.58,6280096272.90,11.95,78.32
4137,SZSE.300867,圣元环保,29.60,30.15,30.30,29.28,29.78,0.61,3.45,3029766,90064798.74,2021-04-27,4.84,8092448558.34,1864730001.46,2.84,21.75
4138,SZSE.300868,杰美特,31.82,31.47,31.76,30.52,30.70,-3.52,3.90,2082053,64494760.90,2021-04-27,6.51,3929600000.00,982400000.00,2.16,42.45
4139,SZSE.300869,康泰医学,91.40,91.55,91.78,87.31,90.30,-1.20,4.89,5541812,495588997.94,2021-04-27,13.52,36282251040.00,3702300000.00,21.55,59.15
4140,SZSE.300870,欧陆通,54.75,54.75,55.24,53.80,54.00,-1.37,2.63,1136651,61620742.87,2021-04-27,4.49,5464800000.00,1366200000.00,3.56,28.18
4141,SZSE.300871,回盛生物,48.35,48.45,50.56,47.39,50.05,3.52,6.56,4148972,205094483.00,2021-04-27,14.98,5530876250.90,1386385000.00,3.83,29.37
4142,SZSE.300872,天阳科技,36.51,36.22,37.57,34.01,34.81,-4.66,9.75,6098262,216876066.29,2021-04-27,10.85,7821181464.30,1956322000.00,3.52,46.71
4143,SZSE.300873,海晨股份,44.28,44.31,46.39,44.31,45.55,2.87,4.70,1902920,86637594.14,2021-04-27,5.71,6073333363.70,1518333363.70,3.32,27.53
4144,SZSE.300875,捷强装备,71.08,71.50,71.54,70.08,70.20,-1.24,2.05,507200,35690136.00,2021-04-27,2.64,5391076602.60,1347769800.00,3.94,49.00
4145,SZSE.300876,蒙泰高新,32.90,33.04,33.92,33.04,33.46,1.70,2.67,1034124,34620907.14,2021-04-27,4.31,3212160000.00,803040000.00,4.08,35.09
4146,SZSE.300877,金春股份,41.34,41.50,42.83,41.50,42.25,2.20,3.22,1545370,65163310.63,2021-04-27,5.15,5070000000.00,1267500000.00,3.04,16.96
4147,SZSE.300878,维康药业,49.27,48.01,48.97,47.50,48.20,-2.17,2.98,1173325,56609394.35,2021-04-27,5.83,3877163077.60,969302000.00,2.77,27.62
4148,SZSE.300879,大叶股份,25.82,25.50,25.66,24.39,24.66,-4.49,4.92,1974082,48958343.47,2021-04-27,4.94,3945600000.00,986400000.00,4.11,53.00
4149,SZSE.300880,迦南智能,30.24,30.58,30.58,29.40,29.46,-2.58,3.90,1323266,39255212.77,2021-04-27,3.97,3928785600.00,982196400.00,5.96,47.40
4150,SZSE.300881,盛德鑫泰,37.50,35.87,35.87,32.00,32.26,-13.97,10.32,6803324,227039645.60,2021-04-27,27.21,3226000000.00,806500000.00,4.31,61.41
4151,SZSE.300882,万胜智能,22.42,22.40,22.50,21.62,21.80,-2.77,3.93,1779118,38885404.76,2021-04-27,4.53,3428124120.00,857032120.00,4.18,37.34
4152,SZSE.300883,龙利得,12.44,12.34,12.54,12.18,12.45,0.08,2.89,2972835,36684768.77,2021-04-27,3.44,4307700000.00,1076925000.00,3.12,65.97
4153,SZSE.300884,狄耐克,40.75,40.30,40.72,39.50,39.90,-2.09,2.99,1459798,58280307.11,2021-04-27,5.13,4788000000.00,1135263767.40,3.87,31.03
4154,SZSE.300885,海昌新材,39.68,41.01,44.98,38.50,40.04,0.91,16.33,7950001,334900695.00,2021-04-27,39.75,3203200000.00,800800000.00,4.38,41.75
4155,SZSE.300886,华业香料,47.82,46.49,50.00,45.30,47.71,-0.23,9.83,3067308,145350205.38,2021-04-27,21.38,2736168500.00,684638500.00,5.23,72.08
4156,SZSE.300887,谱尼测试,61.60,57.00,57.00,50.50,51.17,-16.93,10.55,6796986,361919985.78,2021-04-27,22.08,7000056000.00,1575412442.38,3.94,42.32
4157,SZSE.300888,稳健医疗,146.85,147.00,147.10,138.70,142.30,-3.10,5.72,2799711,395110197.07,2021-04-27,5.98,60689855428.40,6666171000.80,5.55,15.28
4158,SZSE.300889,爱克股份,27.10,27.11,27.30,26.45,26.55,-2.03,3.14,1373342,36735553.62,2021-04-27,3.52,4141800000.00,1035450000.00,2.70,42.00
4159,SZSE.300890,翔丰华,41.23,40.80,40.80,39.18,39.26,-4.78,3.93,2035683,80804961.65,2021-04-27,8.14,3926000000.00,981500000.00,3.76,63.38
4160,SZSE.300891,惠云钛业,18.90,18.91,18.99,18.05,18.54,-1.90,4.97,12564463,231883300.17,2021-04-27,12.56,7416000000.00,1854000000.00,6.26,67.96
4161,SZSE.300892,品渥食品,50.21,49.88,50.13,47.42,47.64,-5.12,5.40,3281045,158045205.45,2021-04-27,13.12,4764000000.00,1191000000.00,4.31,33.67
4162,SZSE.300893,松原股份,35.03,35.01,35.25,33.06,33.46,-4.48,6.25,2058584,69496523.63,2021-04-27,8.23,3346000000.00,836500000.00,4.54,37.16
4163,SZSE.300894,火星人,56.23,56.31,57.88,55.18,57.20,1.73,4.80,2559075,145301098.48,2021-04-27,6.73,23166000000.00,2175224537.20,16.67,70.55
4164,SZSE.300895,铜牛信息,37.53,37.68,37.68,35.88,36.15,-3.68,4.80,1259269,45778995.51,2021-04-27,5.19,3505470922.50,876637500.00,3.11,62.44
4165,SZSE.300896,爱美客,582.00,588.00,600.00,549.90,587.02,0.86,8.61,5243046,3015352851.02,2021-04-27,10.62,127007647200.00,28986276842.74,29.65,223.83
4166,SZSE.300897,山科智能,36.13,36.10,36.12,35.30,35.43,-1.94,2.27,823000,29237876.00,2021-04-27,4.84,2409240000.00,602310000.00,2.81,33.44
4167,SZSE.300898,熊猫乳品,39.64,39.90,41.30,39.68,40.20,1.41,4.09,3258641,131715305.54,2021-04-27,11.68,4984800000.00,1121580000.00,6.36,52.12
4168,SZSE.300899,上海凯鑫,39.80,39.98,40.00,38.08,38.69,-2.79,4.82,883072,34180639.88,2021-04-27,5.54,2467782299.54,617105500.00,4.00,49.77
4169,SZSE.300900,广联航空,36.39,36.30,36.30,33.90,34.40,-5.47,6.60,4001036,138364233.17,2021-04-27,9.00,7232256000.00,1529564214.40,4.76,71.93
4170,SZSE.300901,中胤时尚,17.01,16.89,18.17,16.89,17.89,5.17,7.52,6546162,115576129.05,2021-04-27,11.51,4293600000.00,1017726033.76,4.39,41.11
4171,SZSE.300902,国安达,28.83,28.24,28.28,24.98,25.13,-12.83,11.45,5064710,131435640.39,2021-04-27,16.69,3216137400.00,762612269.44,3.83,58.03
4172,SZSE.300903,科翔股份,33.64,33.56,34.00,32.70,33.19,-1.34,3.86,2723554,90055446.03,2021-04-27,6.66,5719888063.86,1357027747.55,4.93,53.60
4173,SZSE.300905,宝丽迪,66.26,66.01,67.80,66.01,67.46,1.81,2.70,1536436,103031077.77,2021-04-27,8.54,4857120000.00,1214280000.00,3.79,41.51
4174,SZSE.300906,日月明,40.85,40.85,40.99,39.34,39.40,-3.55,4.04,1954526,77799736.84,2021-04-27,9.77,3152000000.00,788000000.00,3.82,50.77
4175,SZSE.300907,康平科技,31.30,31.06,31.77,29.00,30.21,-3.48,8.85,1512551,46155383.27,2021-04-27,6.65,2900160000.00,687639687.69,3.82,39.18
4176,SZSE.300908,仲景食品,72.44,72.15,74.37,71.90,72.66,0.30,3.41,1585883,115682774.35,2021-04-27,6.69,7266000000.00,1722786765.00,4.84,52.03
4177,SZSE.300909,汇创达,44.34,44.10,44.40,43.65,43.91,-0.97,1.69,935355,41078969.52,2021-04-27,3.91,4430811572.33,1050554126.88,3.84,46.82
4178,SZSE.300910,瑞丰新材,92.48,92.41,94.79,90.88,92.77,0.31,4.23,1034792,95942650.32,2021-04-27,2.91,13915500000.00,3299456706.76,6.52,64.72
4179,SZSE.300911,亿田智能,58.21,58.18,58.73,55.02,57.61,-1.03,6.37,1323937,75082235.81,2021-04-27,5.24,6145068587.00,1456953328.18,5.82,36.68
4180,SZSE.300912,凯龙高科,36.00,34.99,34.99,33.30,33.65,-6.53,4.69,2550009,86561289.96,2021-04-27,9.60,3767723200.00,893860698.20,3.07,36.51
4181,SZSE.300913,兆龙互连,26.23,26.21,26.40,25.00,25.37,-3.28,5.34,2862853,72692106.35,2021-04-27,9.86,3107825000.00,736936216.65,3.88,39.69
4182,SZSE.300915,海融科技,71.12,71.00,71.49,70.01,70.22,-1.27,2.08,660168,46540358.48,2021-04-27,4.40,4213200000.00,1053300000.00,3.15,48.52
4183,SZSE.300916,朗特智能,95.02,95.04,98.98,94.51,98.90,4.08,4.70,1345745,130574197.02,2021-04-27,12.64,4211162000.00,1053285000.00,4.86,39.33
4184,SZSE.300917,特发服务,43.44,42.99,43.00,41.89,42.40,-2.39,2.56,802722,34004140.20,2021-04-27,3.37,4240000000.00,1010517080.00,5.23,42.70
4185,SZSE.300918,南山智尚,11.13,11.07,11.64,11.05,11.63,4.49,5.30,11607307,132727506.47,2021-04-27,13.60,4186800000.00,992776423.41,2.69,47.84
4186,SZSE.300919,中伟股份,96.74,96.74,98.60,94.18,97.55,0.84,4.57,1933712,185816334.84,2021-04-27,4.51,55569357500.00,4178853728.50,13.71,97.65
4187,SZSE.300920,润阳科技,38.72,39.51,39.52,37.56,37.73,-2.56,5.06,1435673,54917493.61,2021-04-27,6.05,3773000000.00,894602598.12,3.28,29.72
4188,SZSE.300921,南凌科技,42.63,42.84,43.47,42.49,43.15,1.22,2.30,1432623,61686179.01,2021-04-27,7.86,3146482897.50,786624500.00,3.83,43.80
4189,SZSE.300922,天秦装备,32.75,32.51,32.75,31.14,32.00,-2.29,4.92,2132577,67752684.85,2021-04-27,8.03,3584256000.00,849800608.00,4.21,55.66
4190,SZSE.300923,研奥股份,33.42,33.47,33.47,31.80,32.20,-3.65,5.00,1417316,45904004.55,2021-04-27,7.21,2530920000.00,632730000.00,2.34,38.11
4191,SZSE.300925,法本信息,35.51,35.51,35.52,34.35,34.57,-2.65,3.29,1504049,52224570.09,2021-04-27,4.90,4475781287.86,1061296234.40,3.93,40.48
4192,SZSE.300926,博俊科技,24.73,24.54,24.54,21.80,21.85,-11.65,11.08,7237510,167676508.67,2021-04-27,21.48,3105614790.00,736315764.70,3.53,46.15
4193,SZSE.300927,江天化学,31.70,31.70,32.00,30.47,30.73,-3.06,4.83,1566126,48423965.55,2021-04-27,8.24,2464546000.00,584332117.74,4.41,38.60
4194,SZSE.300928,华安鑫创,48.14,49.06,49.50,47.16,47.86,-0.58,4.86,1835748,88344591.43,2021-04-27,9.18,3828800000.00,957200000.00,3.08,51.44
4195,SZSE.300929,华骐环保,31.81,31.75,32.25,30.78,31.95,0.44,4.62,1899713,59850293.90,2021-04-27,10.59,2638529981.10,572897974.05,3.44,36.22
4196,SZSE.300930,屹通新材,26.13,26.29,26.66,25.02,25.37,-2.91,6.28,2533136,65027208.85,2021-04-27,10.68,2537000000.00,601562657.75,3.90,33.52
4197,SZSE.300931,通用电梯,15.88,16.20,16.20,14.98,15.35,-3.34,7.68,12737185,196793453.07,2021-04-27,22.37,3686241100.00,874091965.70,4.89,59.24
4198,SZSE.300932,三友联众,37.14,37.21,37.21,36.02,36.08,-2.85,3.20,2325423,84433377.70,2021-04-27,7.78,4532712829.04,1077941017.12,2.83,31.67
4199,SZSE.300933,中辰股份,12.81,12.73,13.14,12.00,12.32,-3.83,8.90,11900688,149969550.17,2021-04-27,13.82,5648720000.00,1060815583.52,4.34,60.27
4200,SZSE.300935,盈建科,80.09,79.95,79.95,76.12,77.11,-3.72,4.78,809223,62923054.16,2021-04-27,5.73,4357100550.00,1089564300.00,4.48,73.88
4201,SZSE.300936,中英科技,55.20,54.28,54.50,45.89,47.36,-14.20,15.60,4659579,231624033.50,2021-04-27,24.79,3561472000.00,890368000.00,4.05,60.60
4202,SZSE.300937,药易购,62.50,63.58,63.63,58.36,59.03,-5.55,8.43,3247008,194853298.09,2021-04-27,14.29,5647204238.46,1340948501.70,7.35,126.57
4203,SZSE.300938,信测标准,48.60,48.52,48.85,46.10,47.21,-2.86,5.66,1629544,76769108.94,2021-04-27,10.01,3073371000.00,768342750.00,3.19,50.30
4204,SZSE.300939,秋田微,63.79,62.28,63.30,57.71,58.21,-8.75,8.76,2323579,138670262.99,2021-04-27,11.62,4656800000.00,1164200000.00,4.18,56.46
4205,SZSE.300940,南极光,47.05,46.00,46.60,43.50,44.17,-6.12,6.59,4147859,185264863.25,2021-04-27,14.77,5230862815.64,1240228537.59,6.25,80.37
4206,SZSE.300941,创识科技,68.75,68.16,72.31,66.40,68.60,-0.22,8.60,6375126,442203451.95,2021-04-27,19.70,9363900000.00,2220284001.60,8.27,63.98
4207,SZSE.300942,易瑞生物,30.97,31.00,35.69,30.01,33.86,9.33,18.34,15617221,519801090.20,2021-04-27,40.71,13573119600.00,1299034701.36,16.73,207.40
4208,SZSE.300943,春晖智控,25.60,25.60,25.72,23.68,24.00,-6.25,7.97,3445631,84238027.38,2021-04-27,11.88,3261120000.00,696349608.00,4.07,41.82
4209,SZSE.300945,曼卡龙,21.28,21.08,21.47,20.04,20.11,-5.50,6.72,5357028,109745221.61,2021-04-27,11.08,4102440000.00,972656428.44,5.62,64.45
4210,SZSE.300946,恒而达,64.89,65.12,65.70,62.43,63.08,-2.79,5.04,1339329,84922180.44,2021-04-27,8.03,4205543600.00,1051543600.00,4.44,37.46
4211,SZSE.300947,德必集团,63.05,62.00,62.00,56.56,56.58,-10.26,8.63,1811778,106772881.96,2021-04-27,13.45,3049435623.42,762358920.00,2.28,30.99
4212,SZSE.300948,冠中生态,42.72,42.00,42.18,40.02,40.50,-5.20,5.06,3227922,131511937.57,2021-04-27,14.58,3780270000.00,896350090.50,5.14,59.26
4213,SZSE.300949,奥雅股份,60.18,60.50,60.60,57.46,57.77,-4.00,5.22,1144615,66755116.02,2021-04-27,7.63,3466200000.00,866550000.00,3.06,33.76
4214,SZSE.300950,德固特,45.40,45.40,45.42,41.20,42.03,-7.42,9.30,4290001,182998082.72,2021-04-27,18.09,4203000000.00,996549583.05,7.65,58.33
4215,SZSE.300951,博硕科技,89.93,89.13,89.13,86.13,86.50,-3.81,3.34,1617510,140589403.39,2021-04-27,8.09,6920000000.00,1730000000.00,3.81,35.36
4216,SZSE.300952,恒辉安防,31.14,31.25,31.56,29.80,30.03,-3.56,5.65,3290610,100571349.53,2021-04-27,9.58,4352177419.59,1031903382.51,4.92,40.14
4217,SZSE.300953,震裕科技,70.50,70.04,70.48,66.66,66.92,-5.08,5.42,2949442,200158150.77,2021-04-27,14.85,6228913600.00,1328887054.32,4.46,36.43
4218,SZSE.300955,嘉亨家化,44.70,44.44,50.48,42.53,46.96,5.06,17.79,8605786,399041890.89,2021-04-27,36.04,4733568000.00,1121349809.84,5.12,50.67
4219,SZSE.300956,英力股份,27.68,27.55,28.87,27.51,28.87,4.30,4.91,4401806,125205334.69,2021-04-27,14.06,3810840000.00,903607528.69,3.53,38.28
4220,SZSE.300957,贝泰妮,215.00,213.01,225.11,210.88,225.08,4.69,6.62,5880517,1287162652.08,2021-04-27,10.94,95343888000.00,12095441772.96,22.91,175.42
4221,SZSE.300958,建工修复,33.89,33.70,34.28,32.20,32.30,-4.69,6.14,3707188,122531244.85,2021-04-27,12.18,4607804271.70,983029634.20,4.61,42.44
4222,SZSE.300959,线上线下,62.14,62.15,62.35,58.90,59.43,-4.36,5.55,2096246,125865944.88,2021-04-27,10.48,4754400000.00,1188600000.00,4.34,55.90
4223,SZSE.300960,通业科技,28.76,28.57,28.73,27.68,28.01,-2.61,3.65,2797980,78725331.28,2021-04-27,11.52,2867826594.12,680037227.73,4.51,38.92
4224,SZSE.300961,深水海纳,30.12,29.95,30.22,28.08,28.16,-6.51,7.10,7134820,205661498.12,2021-04-27,16.97,4992204800.00,1183681664.00,4.90,54.01
4225,SZSE.300962,中金辐照,26.07,25.90,25.95,23.80,23.82,-8.63,8.25,13968466,343736822.40,2021-04-27,22.31,6288525186.54,1491063184.02,7.64,102.19
4226,SZSE.300963,中洲特材,33.00,32.08,32.25,30.44,30.51,-7.55,5.48,5435502,169341740.53,2021-04-27,19.10,3661200000.00,868118664.78,6.89,57.73
4227,SZSE.300965,恒宇信通,80.88,81.03,81.97,79.11,79.31,-1.94,3.54,1361837,109504566.67,2021-04-27,9.08,4758600000.00,1189650000.00,3.61,48.57
4228,SZSE.300966,共同药业,40.22,43.75,48.26,42.10,48.26,19.99,15.32,15881536,720157309.49,2021-04-27,57.74,5563268020.00,1327295214.34,10.13,104.40
4229,SZSE.300967,晓鸣股份,18.85,18.90,19.64,18.77,19.40,2.92,4.62,8406851,161724950.80,2021-04-27,18.86,3637616400.00,864771470.60,5.75,72.39
4230,SZSE.300968,格林精密,18.52,18.37,18.52,17.09,17.23,-6.97,7.72,18114592,319096999.27,2021-04-27,20.74,7122537400.00,1505128390.23,5.93,41.18
4231,SZSE.300969,恒帅股份,41.26,41.57,43.29,41.57,42.00,1.79,4.17,2725385,115305104.71,2021-04-27,13.63,3360000000.00,840000000.00,9.72,50.64
4232,SZSE.300970,华绿生物,62.50,62.20,63.68,61.58,62.18,-0.51,3.36,1710881,107010658.41,2021-04-27,11.73,3628203000.00,907206200.00,4.13,27.38
4233,SZSE.300971,博亚精工,36.80,36.60,36.69,34.63,35.06,-4.73,5.60,3587896,127211933.66,2021-04-27,18.02,2945040000.00,698234309.66,5.66,35.15
4234,SZSE.300972,万辰集团,20.87,20.67,20.84,19.96,20.07,-3.83,4.22,7254022,147533738.10,2021-04-27,19.93,3080745000.00,730519380.18,7.27,32.05
4235,SZSE.300973,立高食品,130.00,128.39,136.20,124.00,127.00,-2.31,9.38,4489649,587554947.64,2021-04-27,12.43,21506180000.00,4588944721.00,29.66,92.66
4236,SZSE.300975,商络电子,27.00,26.30,26.75,20.88,20.98,-22.30,21.74,22604538,531521382.07,2021-04-27,53.08,8811600000.00,893462965.72,7.60,62.20
4237,SZSE.300976,达瑞电子,174.96,173.02,177.68,171.61,172.09,-1.64,3.47,1281696,223087002.10,2021-04-27,9.82,8985622044.03,2246405554.03,9.84,42.01
4238,SZSE.300977,深圳瑞捷,83.86,84.38,86.56,83.00,83.77,-0.11,4.25,993803,84242326.49,2021-04-27,8.87,3752896000.00,938224000.00,10.04,31.16
4239,SZSE.300978,东箭科技,30.18,28.00,28.93,23.18,23.20,-23.13,19.05,23180052,601483066.18,2021-04-27,58.09,9806703544.80,925791499.20,7.21,51.43
4240,SZSE.300979,华利集团,100.00,99.00,99.00,86.10,87.80,-12.20,12.90,30103415,2778278882.27,2021-04-27,39.10,102462600000.00,6759167191.80,16.16,54.54
4241,SZSE.300980,祥源新材,44.41,43.99,44.00,41.28,41.38,-6.82,6.12,3268469,138001537.82,2021-04-27,18.18,2975141557.28,743785389.32,9.06,39.70
4242,SZSE.300981,中红医疗,48.59,152.35,159.80,120.57,120.90,148.82,80.74,25639372,3391895432.26,2021-04-27,64.88,20150403000.00,4778052992.70,5.09,7.57
4243,SZSE.300982,苏文电能,15.83,42.10,46.10,35.87,35.98,127.29,64.62,22040832,897754800.15,2021-04-27,66.25,5048651246.66,1197103532.80,6.51,18.63
4244,SZSE.300983,尤安设计,104.10,103.60,107.98,102.00,104.20,0.10,5.74,2136520,225557870.95,2021-04-27,10.68,8336000000.00,2084000000.00,11.16,28.52
4245,SZSE.300999,金龙鱼,75.50,75.01,76.33,73.66,75.30,-0.26,3.54,16728940,1257861864.87,2021-04-27,4.41,408245842660.80,28577209022.40,4.80,68.03
