,symbol,sec_name,pre_close,open,high,low,close,pct,amp,volume,amount,trade_date,turnrate,tot_mv,a_mv_ex_ltd,pb_mrq,pe_ttm
0,SHSE.600000,浦发银行,6.8,6.79,6.84,6.78,6.82,0.2941176470588225,0.8823529411764649,26173217,178254033.89,2023-10-31,0.0892,200181843020.72,200181843020.72,0.332,5.1733
1,SHSE.600004,白云机场,11.06,11.02,11.03,10.53,10.59,-4.249547920434004,4.520795660036167,29153535,310669777.21,2023-10-31,1.2318,25063546616.97,25063546616.97,1.4351,-147.4775
2,SHSE.600006,东风汽车,6.2,6.19,6.21,6.03,6.09,-1.774193548387104,2.903225806451608,47754926,291977610.19,2023-10-31,2.3877,12180000000.0,12180000000.0,1.4949,54.29
3,SHSE.600007,中国国贸,18.69,18.71,19.91,18.67,19.83,6.099518459068998,6.6345639379347165,4721826,91677558.52,2023-10-31,0.4688,19974412649.22,19974412649.22,2.1152,15.9904
4,SHSE.600008,首创环保,2.77,2.77,2.78,2.74,2.76,-0.3610108303249149,1.4440433212996242,34161544,94262305.5,2023-10-31,0.4654,20260030268.52,20260030268.52,1.0654,17.1833
5,SHSE.600009,上海机场,37.43,37.21,37.36,36.84,37.21,-0.5877638258081741,1.3892599519102218,8215357,304402541.47,2023-10-31,0.4263,92596390661.4,71702123850.08,2.3089,-234.0804
6,SHSE.600010,包钢股份,1.64,1.64,1.65,1.61,1.62,-1.2195121951219412,2.4390243902438913,169227604,275182844.42,2023-10-31,0.5373,73556006441.76,51025336322.94,1.388,149.8048
7,SHSE.600011,华能国际,7.64,7.68,7.72,7.54,7.61,-0.3926701570680535,2.356020942408373,39812766,303040970.26,2023-10-31,0.362,119462490461.99,83692572483.59,2.0678,13.1007
8,SHSE.600012,皖通高速,9.86,9.82,10.24,9.78,10.14,2.8397565922920975,4.665314401622727,6786295,67965856.8,2023-10-31,0.5822,16818305400.0,11819184000.0,1.3621,10.3657
9,SHSE.600015,华夏银行,5.55,5.56,5.61,5.54,5.6,0.9009009009008917,1.2612612612612664,27297770,152368626.98,2023-10-31,0.2129,89123599420.8,71807045256.8,0.3303,3.4392
10,SHSE.600016,民生银行,3.61,3.62,3.73,3.61,3.72,3.0470914127423976,3.3240997229916927,116179129,428485455.8,2023-10-31,0.3276,162870596827.44,131919098352.36,0.3096,4.6444
11,SHSE.600017,日照港,2.86,2.86,2.87,2.84,2.85,-0.34965034965034336,1.0489510489510576,29677398,84723991.37,2023-10-31,0.9649,8765613580.8,8765613580.8,0.6562,16.0648
12,SHSE.600018,上港集团,4.97,4.97,5.02,4.94,5.0,0.6036217303823088,1.6096579476861002,14666721,73067503.94,2023-10-31,0.0633,116420723750.0,115868373250.0,0.9656,8.9319
13,SHSE.600019,宝钢股份,6.28,6.27,6.32,6.24,6.26,-0.31847133757962887,1.2738853503184724,56664670,355108300.12,2023-10-31,0.2592,139361373464.84,136830572839.84,0.7019,12.5851
14,SHSE.600020,中原高速,3.57,3.57,3.58,3.54,3.57,0.0,1.1204481792717098,11047826,39350020.85,2023-10-31,0.4916,8023117440.24,8023117440.24,0.7211,12.3671
15,SHSE.600021,上海电力,8.79,8.8,8.81,8.7,8.74,-0.568828213879391,1.2514220705347123,17200226,150304353.2,2023-10-31,0.6572,24618339457.3,22874015081.78,1.3376,15.8341
16,SHSE.600022,山东钢铁,1.43,1.42,1.44,1.42,1.43,0.0,1.3986013986014,27731372,39564409.75,2023-10-31,0.2592,15299354862.22,15299354862.22,0.7215,-120.7412
17,SHSE.600023,浙能电力,4.55,4.54,4.59,4.49,4.56,0.219780219780219,2.19780219780219,36897509,167310125.27,2023-10-31,0.2752,61143821335.44,61143821335.44,0.9082,16.5818
18,SHSE.600025,华能水电,7.57,7.57,7.72,7.54,7.68,1.4531043593130732,2.3778071334213964,29299229,224136108.53,2023-10-31,0.1628,138240000000.0,138240000000.0,2.5832,19.3793
19,SHSE.600026,中远海能,14.17,13.9,14.55,13.8,14.42,1.7642907551164377,5.29287226534933,36883432,525802951.88,2023-10-31,1.0615,68794595615.9,50106275615.9,1.9734,15.1817
20,SHSE.600027,华电国际,4.98,4.97,5.01,4.84,4.91,-1.4056224899598457,3.4136546184738936,60674155,298417998.13,2023-10-31,0.7129,50217325163.03,41785708187.03,1.2638,22.2075
21,SHSE.600028,中国石化,5.39,5.39,5.49,5.35,5.46,1.2987012987013102,2.597402597402608,150443971,816311629.08,2023-10-31,0.1582,654455909267.16,519330471911.16,0.8191,10.5518
22,SHSE.600029,南方航空,6.13,6.13,6.2,6.08,6.18,0.815660685154973,1.9575856443719433,36525314,225249849.99,2023-10-31,0.2882,111987201057.6,78321226269.12,2.6466,-8.1297
23,SHSE.600030,中信证券,21.6,21.58,21.86,21.5,21.71,0.5092592592592649,1.6666666666666639,67283393,1459095668.27,2023-10-31,0.5919,321754071657.59,246770695419.95,1.2938,15.203
24,SHSE.600031,三一重工,15.03,14.75,14.77,14.36,14.47,-3.725881570192935,2.7278775781769804,83108482,1205082313.88,2023-10-31,0.9819,122801132198.89,122477203161.39,1.8111,26.0012
25,SHSE.600032,浙江新能,8.4,8.38,8.41,8.26,8.29,-1.309523809523827,1.7857142857142898,9447152,78529498.2,2023-10-31,1.7735,19934758435.96,4415878435.96,1.6532,42.4551
26,SHSE.600033,福建高速,3.21,3.22,3.25,3.19,3.24,0.9345794392523477,1.8691588785046744,13468851,43416103.62,2023-10-31,0.4908,8891856000.0,8891856000.0,0.8019,9.8465
27,SHSE.600035,楚天高速,3.88,3.9,3.9,3.86,3.89,0.2577319587628857,1.0309278350515474,10687828,41544089.3,2023-10-31,0.6638,6263350854.89,6263350854.89,0.7772,7.0155
28,SHSE.600036,招商银行,30.9,30.74,30.99,30.61,30.76,-0.45307443365695255,1.2297734627831685,52801599,1624462290.08,2023-10-31,0.256,775762450686.76,634546330636.04,0.8699,5.3508
29,SHSE.600037,歌华有线,7.69,7.7,7.77,7.64,7.66,-0.39011703511053764,1.6905071521456423,9740149,74947084.3,2023-10-31,0.6998,10661018591.44,10661018591.44,0.8255,-138.3029
30,SHSE.600038,中直股份,37.9,37.9,38.29,37.8,37.96,0.15831134564643357,1.2928759894459156,3291800,125207735.0,2023-10-31,0.5584,22376536139.36,22376536139.36,2.2563,35.4446
31,SHSE.600039,四川路桥,7.81,7.67,7.78,7.66,7.71,-1.2804097311139517,1.5364916773367492,22015486,169844465.46,2023-10-31,0.3316,67197107652.15,51188991627.75,1.5116,5.7999
32,SHSE.600048,保利发展,10.9,10.85,11.05,10.82,11.02,1.1009174311926495,2.11009174311927,81833348,896696686.91,2023-10-31,0.6836,131914286466.36,131914286466.36,0.6755,7.1225
33,SHSE.600050,中国联通,4.46,4.46,4.5,4.44,4.46,0.0,1.345291479820619,148906537,665448635.04,2023-10-31,0.4809,141845805711.52,138106809311.52,0.8807,17.631
34,SHSE.600051,宁波联合,7.08,7.05,7.12,7.02,7.09,0.14124293785311437,1.4124293785310809,2204300,15606862.08,2023-10-31,0.7091,2204139200.0,2204139200.0,0.6737,25.3063
35,SHSE.600052,东望时代,4.48,4.5,4.52,4.44,4.49,0.22321428571427937,1.7857142857142672,4565822,20464407.38,2023-10-31,0.5408,3790434387.09,3790434387.09,1.283,-21.3596
36,SHSE.600053,九鼎投资,12.06,11.9,12.14,11.82,12.12,0.4975124378109319,2.6533996683250436,2964500,35543475.52,2023-10-31,0.6838,5254514496.0,5254514496.0,1.8279,63.786
37,SHSE.600054,黄山旅游,11.52,11.58,11.59,11.31,11.42,-0.868055555555558,2.43055555555555,4215605,48124342.25,2023-10-31,0.8213,8329513204.8,5861886000.0,1.8588,24.8141
38,SHSE.600055,万东医疗,18.04,18.03,18.09,17.78,17.94,-0.5543237250554167,1.7184035476718331,2925590,52402931.28,2023-10-31,0.541,12612915380.52,9702242610.06,2.7137,65.5463
39,SHSE.600056,中国医药,11.9,11.87,12.0,11.8,11.94,0.3361344537815114,1.680672268907557,11668640,139369530.4,2023-10-31,0.7803,17860804191.12,17854496647.32,1.5962,31.7186
40,SHSE.600057,厦门象屿,6.37,6.32,6.43,6.28,6.41,0.6279434850863463,2.354788069073775,16700854,106236403.53,2023-10-31,0.7763,14539200408.72,13789812289.29,0.9918,9.0166
41,SHSE.600058,五矿发展,9.19,9.2,9.3,9.15,9.25,0.6528835690968515,1.632208922742115,2379031,21943358.17,2023-10-31,0.2219,9915174076.75,9915174076.75,2.0167,62.178
42,SHSE.600059,古越龙山,9.6,9.6,9.64,9.57,9.61,0.10416666666666075,0.7291666666666696,6565421,63074727.57,2023-10-31,0.7203,8759922588.93,8759922588.93,1.5773,42.807
43,SHSE.600060,海信视像,23.18,23.16,23.6,23.05,23.27,0.38826574633303856,2.3727351164797272,3470177,80798099.62,2023-10-31,0.2692,30429067205.94,29996920035.94,1.6458,13.8297
44,SHSE.600061,国投资本,6.84,6.84,6.89,6.81,6.83,-0.14619883040934978,1.1695906432748548,23538118,161155052.54,2023-10-31,0.3663,43884848073.55,43884848073.55,0.877,13.5953
45,SHSE.600062,华润双鹤,17.0,16.97,17.63,16.91,17.15,0.8823529411764675,4.235294117647053,29546938,510681789.84,2023-10-31,2.8937,17831541017.15,17511201312.15,1.644,14.1213
46,SHSE.600063,皖维高新,4.71,4.72,4.75,4.66,4.69,-0.4246284501061459,1.9108280254777041,10829147,50759848.65,2023-10-31,0.5623,10126879564.06,9032446105.48,1.2848,21.0504
47,SHSE.600064,南京高科,6.07,6.11,6.18,6.1,6.15,1.317957166392092,1.3179571663920933,15185251,93237103.32,2023-10-31,0.8776,10641588810.6,10641588810.6,0.6054,4.878
48,SHSE.600066,宇通客车,13.71,13.7,13.77,13.52,13.64,-0.5105762217359588,1.8234865061998542,16792550,229095697.9,2023-10-31,0.7585,30198131001.72,30198131001.72,2.2687,17.9873
49,SHSE.600067,冠城大通,2.58,2.59,2.62,2.56,2.59,0.3875968992248069,2.325581395348839,11817648,30579991.38,2023-10-31,0.8492,3604422034.01,3604422034.01,0.5225,-37.1398
50,SHSE.600070,ST富润,2.65,2.63,2.69,2.62,2.66,0.37735849056603765,2.6415094339622582,9285167,24718618.21,2023-10-31,1.8324,1349739147.12,1347877147.12,1.2792,-3.7047
51,SHSE.600071,凤凰光学,21.46,21.25,23.42,21.15,22.17,3.308480894687804,10.577819198508868,21003200,467914990.63,2023-10-31,7.4592,6242493119.13,6242493119.13,12.8072,-306.5784
52,SHSE.600072,中船科技,17.88,17.8,17.95,17.5,17.65,-1.2863534675615185,2.5167785234899287,17274373,304937705.53,2023-10-31,2.3463,26590108499.2,12994810434.95,2.4259,7974.4106
53,SHSE.600073,上海梅林,7.14,7.03,7.06,6.96,6.98,-2.2408963585434094,1.4005602240896309,13145800,91972374.55,2023-10-31,1.4019,6545351714.56,6545351714.56,1.319,16.0986
54,SHSE.600075,新疆天业,4.58,4.57,4.61,4.54,4.6,0.4366812227074135,1.5283842794759888,7944700,36325255.88,2023-10-31,0.6262,7853864192.6,5836418051.8,0.8744,-7.9822
55,SHSE.600076,康欣新材,2.57,2.57,2.6,2.55,2.58,0.3891050583657574,1.9455252918288042,6906600,17799073.0,2023-10-31,0.6678,3468921886.86,2668401452.82,0.7691,-18.3643
56,SHSE.600078,ST澄星,7.12,7.19,7.19,7.05,7.07,-0.7022471910112293,1.9662921348314686,3169421,22528925.94,2023-10-31,0.4784,4684390127.27,4684390127.27,2.5944,-44.5986
57,SHSE.600079,人福医药,23.65,23.6,23.92,23.28,23.39,-1.099365750528536,2.706131078224104,9050412,212111538.9,2023-10-31,0.618,38180925357.13,34251174778.51,2.2808,18.8264
58,SHSE.600080,金花股份,7.59,7.61,7.69,7.59,7.64,0.6587615283267345,1.3175230566534986,5194624,39741147.76,2023-10-31,1.3917,2851784977.4,2851784977.4,1.6903,568.0427
59,SHSE.600081,东风科技,11.61,11.51,11.69,11.38,11.47,-1.2058570198104968,2.670111972437543,8266048,95265162.39,2023-10-31,1.8591,6633600277.63,5099874144.58,1.4904,71.0036
60,SHSE.600082,海泰发展,3.27,3.26,3.32,3.25,3.32,1.5290519877675823,2.1406727828746126,9272300,30518757.0,2023-10-31,1.4617,2145104542.32,2105993567.84,1.2456,207.3544
61,SHSE.600083,博信股份,7.1,7.1,7.27,7.08,7.15,0.7042253521126751,2.676056338028162,4130795,29596035.25,2023-10-31,1.8118,1644500000.0,1630152280.9,23.6663,-354.4694
62,SHSE.600084,中信尼雅,7.91,7.88,7.95,7.86,7.93,0.25284450063209896,1.1378002528444988,3425000,27051162.0,2023-10-31,0.3048,8911153761.9,8911153761.9,6.933,-10.2795
63,SHSE.600085,同仁堂,52.98,54.56,54.57,51.04,51.35,-3.0766326915817155,6.662891657229146,15959620,833610051.33,2023-10-31,1.1637,70424997953.7,70424997953.7,5.5012,38.8309
64,SHSE.600088,中视传媒,11.94,11.94,12.42,11.85,12.19,2.0938023450586263,4.773869346733671,10222171,124547633.45,2023-10-31,2.5703,4848041016.0,4848041016.0,3.6802,15.5266
65,SHSE.600089,特变电工,14.08,14.09,14.14,13.89,13.99,-0.6392045454545414,1.7755681818181819,25311445,353494597.76,2023-10-31,0.5009,70687413221.77,70687413221.77,1.188,4.9848
66,SHSE.600094,大名城,3.16,3.14,3.21,3.13,3.2,1.2658227848101333,2.531645569620255,32500743,103312291.71,2023-10-31,1.4276,7921040182.4,7285135878.4,0.6113,10.1588
67,SHSE.600095,湘财股份,8.19,8.16,8.24,8.09,8.13,-0.7326007326007189,1.831501831501836,24776539,201948797.39,2023-10-31,0.8666,23245196350.59,23245196350.59,1.9518,-368.5248
68,SHSE.600096,云天化,16.59,16.57,16.68,16.4,16.65,0.3616636528028794,1.6877637130801755,14326615,237245386.17,2023-10-31,0.8213,30541573637.55,29043073637.55,1.6844,6.6463
69,SHSE.600097,开创国际,9.64,9.61,9.81,9.54,9.68,0.4149377593360981,2.8008298755186862,4779251,46343366.68,2023-10-31,1.9836,2332265891.12,2332265891.12,1.1086,29.7605
70,SHSE.600098,广州发展,5.81,5.75,5.76,5.55,5.57,-4.130808950086051,3.614457831325301,36055273,201746499.13,2023-10-31,1.0328,19536414270.09,19445035869.03,0.7745,11.7326
71,SHSE.600099,林海股份,9.22,9.21,9.28,9.14,9.22,0.0,1.5184381778741733,2162901,19902925.22,2023-10-31,0.9871,2020286400.0,2020286400.0,3.9816,159.1451
72,SHSE.600100,同方股份,8.59,8.6,8.61,8.24,8.3,-3.3760186263096514,4.30733410942956,139327964,1166891020.7,2023-10-31,4.7008,27807471017.9,24600361293.3,1.9177,-48.8231
73,SHSE.600101,明星电力,8.23,8.23,8.27,8.16,8.19,-0.486026731470246,1.3365735115431279,3143525,25773907.8,2023-10-31,0.7459,3451533567.3,3451533567.3,1.2231,17.6562
74,SHSE.600103,青山纸业,2.47,2.47,2.48,2.42,2.43,-1.619433198380571,2.4291497975708523,19822927,48421306.02,2023-10-31,0.8597,5603137271.01,5603137271.01,1.4575,45.7175
75,SHSE.600104,上汽集团,14.8,14.74,14.83,14.4,14.52,-1.8918918918918948,2.9054054054054035,33861959,491546220.61,2023-10-31,0.2898,169643859019.8,169643859019.8,0.5934,11.4041
76,SHSE.600105,永鼎股份,5.63,5.6,5.6,5.46,5.48,-2.6642984014209503,2.4866785079928895,35130749,193809658.77,2023-10-31,2.5437,7697130134.68,7568510150.68,2.5442,33.2303
77,SHSE.600106,重庆路桥,5.28,5.21,5.32,5.19,5.3,0.37878787878786735,2.46212121212121,22813781,119845410.91,2023-10-31,1.7166,7043832828.6,7043832828.6,1.4763,30.7857
78,SHSE.600107,美尔雅,5.41,5.4,5.46,5.35,5.37,-0.7393715341959317,2.0332717190388228,5221994,28142897.72,2023-10-31,1.4506,1933200000.0,1933200000.0,3.1306,-19.84
79,SHSE.600108,亚盛集团,3.01,3.01,3.02,2.99,3.0,-0.33222591362125353,0.9966777408637809,12929643,38838018.0,2023-10-31,0.6641,5840745363.0,5840745363.0,1.4136,72.6796
80,SHSE.600109,国金证券,9.01,9.09,9.21,9.07,9.14,1.4428412874583962,1.5538290788013382,33780438,309088814.85,2023-10-31,1.0519,34040644093.4,29351800896.08,1.058,21.12
81,SHSE.600110,诺德股份,6.02,6.01,6.05,5.9,5.93,-1.4950166112956742,2.4916943521594597,9588445,57115592.3,2023-10-31,0.549,10356582114.76,10356582114.76,1.6627,97.3161
82,SHSE.600111,北方稀土,20.91,20.91,21.04,20.72,20.9,-0.04782400765185324,1.5303682448589204,20275972,423421910.86,2023-10-31,0.5609,75554876097.8,75554876097.8,3.6518,27.6482
83,SHSE.600112,ST天成,2.88,2.9,2.96,2.87,2.91,1.041666666666674,3.124999999999995,2431800,7073867.0,2023-10-31,0.4776,1481786101.86,1481786101.86,438.441,-7.4184
84,SHSE.600113,浙江东日,7.54,7.56,7.64,7.51,7.58,0.5305039787798504,1.7241379310344813,3883551,29453345.39,2023-10-31,0.9439,3195209982.8,3118648192.8,1.4333,21.6647
85,SHSE.600114,东睦股份,13.35,13.61,13.99,12.71,12.89,-3.445692883895124,9.588014981273403,67302953,890229612.39,2023-10-31,10.919,7945183018.53,7945183018.53,3.1558,47.0697
86,SHSE.600115,中国东航,4.35,4.34,4.36,4.3,4.36,0.22988505747127963,1.3793103448275978,35885648,155632284.0,2023-10-31,0.2662,97190053045.2,58775571883.08,3.6813,-8.183
87,SHSE.600116,三峡水利,7.99,7.99,8.03,7.89,8.01,0.25031289111387967,1.7521902377972427,8695857,69256419.72,2023-10-31,0.4548,15316264661.04,15316264661.04,1.3776,41.8979
88,SHSE.600117,*ST西钢,3.09,3.08,3.14,3.07,3.12,0.9708737864077666,2.2653721682847987,4684368,14528280.48,2023-10-31,0.4482,3260768946.24,3260768946.24,-1.6224,-2.0356
89,SHSE.600118,中国卫星,27.47,27.2,27.99,27.15,27.31,-0.5824535857298918,3.0578813250819072,19204501,528944643.18,2023-10-31,1.6241,32293778276.85,32293778276.85,5.0825,205.1173
90,SHSE.600119,长江投资,6.28,6.3,6.91,6.26,6.63,5.573248407643305,10.350318471337584,8970154,58953927.26,2023-10-31,2.9181,2421742553.1,2038062000.0,12.6834,-107.7917
91,SHSE.600120,浙江东方,3.67,3.66,3.69,3.64,3.68,0.2724795640327127,1.362397820163483,14926493,54756411.27,2023-10-31,0.437,12568603890.56,12568603890.56,0.8008,11.9272
92,SHSE.600121,郑州煤电,4.17,4.16,4.28,4.16,4.25,1.918465227817756,2.8776978417266212,19231996,81304847.27,2023-10-31,1.5784,5178251161.5,5178251161.5,3.3333,-60.3053
93,SHSE.600123,兰花科创,8.92,8.91,9.15,8.88,9.12,2.2421524663676973,3.0269058295964077,21532091,194895019.71,2023-10-31,1.4499,13544294400.0,13544294400.0,0.8275,5.9825
94,SHSE.600125,铁龙物流,5.96,5.97,6.08,5.92,6.06,1.6778523489932917,2.684563758389264,18346650,110375118.5,2023-10-31,1.4053,7911462556.44,7911462556.44,1.127,19.6338
95,SHSE.600126,杭钢股份,4.28,4.29,4.33,4.27,4.3,0.4672897196261516,1.4018691588785164,15089173,64849516.34,2023-10-31,0.4468,14521913056.9,14521913056.9,0.7222,209.7902
96,SHSE.600127,金健米业,7.66,7.65,7.7,7.57,7.62,-0.5221932114882533,1.697127937336813,14945285,113977378.1,2023-10-31,2.3287,4890388121.16,4890388121.16,7.1184,351.9558
97,SHSE.600128,苏豪弘业,8.33,8.35,8.49,8.31,8.44,1.3205282112844996,2.160864345738292,4549615,38358767.58,2023-10-31,1.8437,2082717700.0,2082717700.0,0.9988,56.7545
98,SHSE.600129,太极集团,43.0,42.76,42.9,41.38,41.61,-3.23255813953488,3.5348837209302237,11905608,500868021.43,2023-10-31,2.1379,23172223857.84,23172223857.84,6.0768,27.1644
99,SHSE.600130,波导股份,4.93,4.93,5.26,4.87,5.14,4.259634888438124,7.910750507099386,98682084,503616011.8,2023-10-31,12.8492,3947520000.0,3947520000.0,3.8952,207.8624
100,SHSE.600131,国网信通,13.75,13.73,13.99,13.71,13.79,0.290909090909075,2.0363636363636317,7629302,105634788.5,2023-10-31,0.6388,16582323916.76,16469590390.96,2.8414,22.871
101,SHSE.600132,重庆啤酒,83.0,81.97,82.0,76.99,78.5,-5.421686746987953,6.03614457831326,7116776,559562526.34,2023-10-31,1.4705,37991739043.0,37991739043.0,17.7471,26.6557
102,SHSE.600133,东湖高新,7.83,7.77,8.61,7.73,8.61,9.961685823754785,11.238825031928467,128744186,1089518270.42,2023-10-31,13.8174,8475106888.92,8475106888.92,1.219,16.5639
103,SHSE.600135,乐凯胶片,7.03,7.09,7.12,7.01,7.03,0.0,1.5647226173542008,4543300,32064857.0,2023-10-31,0.8211,3889748905.97,3889748905.97,1.4604,506.3464
104,SHSE.600136,*ST明诚,2.36,2.35,2.43,2.33,2.4,1.6949152542372836,4.237288135593224,7182400,17081783.0,2023-10-31,1.4798,1399423495.2,1164856046.4,-0.2127,-0.2206
105,SHSE.600137,浪莎股份,18.21,18.22,19.86,18.22,18.55,1.8671059857221284,9.006040637012633,4776900,89606946.0,2023-10-31,4.9136,1803386257.4,1803386257.4,3.4438,98.8039
106,SHSE.600138,中青旅,10.77,10.65,10.8,10.54,10.66,-1.021355617455888,2.4141132776230414,12799900,135923249.25,2023-10-31,1.7683,7716134400.0,7716134400.0,1.2392,176.7227
107,SHSE.600141,兴发集团,19.6,19.6,19.85,19.43,19.65,0.25510204081631294,2.1428571428571517,12283394,240999535.14,2023-10-31,1.1103,21844416088.35,21739308238.35,1.0889,11.6528
108,SHSE.600143,金发科技,7.63,7.65,7.78,7.62,7.68,0.6553079947575258,2.096985583224117,9871200,75892426.21,2023-10-31,0.3836,20521031470.08,19765419594.24,1.2397,16.1196
109,SHSE.600148,长春一东,16.3,16.23,16.41,16.04,16.15,-0.920245398773023,2.2699386503067545,2805700,45467453.0,2023-10-31,1.9826,2285490667.5,2285490667.5,4.9974,-164.2041
110,SHSE.600149,廊坊发展,5.28,5.28,5.36,5.26,5.32,0.7575757575757569,1.893939393939404,3209702,17037928.62,2023-10-31,0.8443,2022451200.0,2022451200.0,13.4855,-221.1267
111,SHSE.600150,中国船舶,26.01,26.23,26.27,25.33,25.88,-0.499807766243765,3.61399461745483,38854586,999306550.22,2023-10-31,0.8688,115746456257.04,115746456257.04,2.4073,91.2766
112,SHSE.600151,航天机电,6.88,6.94,6.94,6.72,6.78,-1.4534883720930147,3.1976744186046604,7866800,53390063.0,2023-10-31,0.5485,9724230505.86,9724230505.86,1.8064,-116.987
113,SHSE.600152,维科技术,7.02,7.04,7.06,6.91,6.96,-0.8547008547008517,2.136752136752129,7640900,53159049.0,2023-10-31,1.4557,3653335751.52,3653335751.52,2.0039,-18.6661
114,SHSE.600153,建发股份,9.5,9.64,9.94,9.54,9.79,3.0526315789473513,4.210526315789478,55258939,538985584.65,2023-10-31,1.9428,29409858399.02,27846343942.78,0.5288,1.9563
115,SHSE.600155,华创云信,9.2,9.22,9.9,9.19,9.75,5.978260869565233,7.717391304347836,206359421,1981263235.9,2023-10-31,9.1252,22048880509.5,22048880509.5,1.1237,42.2008
116,SHSE.600156,华升股份,4.64,4.66,4.73,4.63,4.66,0.4310344827586299,2.155172413793115,3815100,17828697.0,2023-10-31,0.9488,1873835871.32,1873835871.32,4.4552,-37.9104
117,SHSE.600157,永泰能源,1.38,1.38,1.39,1.36,1.37,-0.7246376811594013,2.173913043478247,229163068,314427806.16,2023-10-31,1.0314,30438336878.65,30438336878.65,0.6645,15.2829
118,SHSE.600158,中体产业,8.35,8.38,8.43,8.28,8.33,-0.23952095808382756,1.796407185628747,7397109,61629014.88,2023-10-31,0.7709,7992743848.11,7992743848.11,3.2148,530.9706
119,SHSE.600159,大龙地产,3.17,3.11,3.48,3.06,3.37,6.309148264984232,13.249211356466875,133822400,437246481.95,2023-10-31,16.1231,2797110891.84,2797110891.84,1.237,-17.0243
120,SHSE.600160,巨化股份,15.01,14.99,15.22,14.93,15.15,0.9327115256495766,1.932045303131252,8345668,125878471.28,2023-10-31,0.3091,40901153127.15,40901153127.15,2.6367,28.6298
121,SHSE.600161,天坛生物,28.46,28.46,28.94,28.37,28.85,1.3703443429374573,2.002810962754744,11817795,339457503.37,2023-10-31,0.7172,47539305171.3,47539305171.3,4.9516,40.7164
122,SHSE.600162,香江控股,1.96,1.95,1.95,1.87,1.9,-3.0612244897959218,4.081632653061217,41193015,78219011.2,2023-10-31,1.2603,6210032431.8,6210032431.8,0.9813,34.1437
123,SHSE.600163,中闽能源,4.5,4.5,4.53,4.47,4.5,0.0,1.3333333333333444,4350300,19572851.0,2023-10-31,0.3769,8563482643.5,5193726007.5,1.4361,12.956
124,SHSE.600165,宁科生物,3.58,3.59,3.64,3.53,3.55,-0.8379888268156499,3.0726256983240314,9104600,32490006.0,2023-10-31,1.3294,2431337401.25,2431337401.25,5.9429,-7.145
125,SHSE.600166,福田汽车,3.07,3.1,3.13,3.0,3.03,-1.3029315960912058,4.234527687296414,172286521,524797326.24,2023-10-31,2.6203,24251403329.25,19922831902.41,1.7233,39.562
126,SHSE.600167,联美控股,5.87,5.89,5.96,5.84,5.88,0.17035775127767216,2.0442930153321996,3003640,17668302.6,2023-10-31,0.1313,13454142513.0,13454142513.0,1.2515,13.9329
127,SHSE.600168,武汉控股,6.05,6.03,6.1,6.03,6.07,0.33057851239670644,1.1570247933884197,8490500,51568672.53,2023-10-31,1.1966,4307088030.44,4307088030.44,0.795,18.5847
128,SHSE.600169,太原重工,2.33,2.34,2.35,2.31,2.33,0.0,1.716738197424894,13169350,30632129.0,2023-10-31,0.5136,7877689225.0,5974015150.0,1.51,34.8645
129,SHSE.600170,上海建工,2.66,2.67,2.68,2.61,2.63,-1.1278195488721887,2.6315789473684315,56056858,147707480.12,2023-10-31,0.6308,23370021526.72,23370021526.72,0.765,9.4343
130,SHSE.600171,上海贝岭,15.84,15.84,16.03,15.63,15.75,-0.5681818181818121,2.5252525252525277,6539091,103099395.42,2023-10-31,0.926,11211020084.25,11121559674.75,2.8053,-108.5661
131,SHSE.600172,黄河旋风,3.53,3.53,3.54,3.46,3.48,-1.4164305949008416,2.266288951841362,14459647,50397490.36,2023-10-31,1.133,5018801976.48,4441370010.0,1.7155,-12.0643
132,SHSE.600173,卧龙地产,4.9,4.91,5.06,4.86,5.0,2.0408163265306145,4.0816326530612095,14034500,69914043.2,2023-10-31,2.0037,3502531220.0,3502081220.0,0.9058,14.0094
133,SHSE.600176,中国巨石,11.48,11.45,11.6,11.4,11.57,0.7839721254355281,1.7421602787456383,21676419,249076774.62,2023-10-31,0.5415,46316291942.96,46316291942.96,1.6349,12.2965
134,SHSE.600177,雅戈尔,6.84,6.79,6.81,6.6,6.75,-1.3157894736842035,3.0701754385964906,23924792,160067890.74,2023-10-31,0.5169,31244420067.75,31244420067.75,0.8284,8.7585
135,SHSE.600178,东安动力,6.85,6.81,6.93,6.78,6.82,-0.4379562043795526,2.1897810218978027,7449200,51021127.9,2023-10-31,1.6121,3242862942.0,3151385600.0,1.2735,105.0966
136,SHSE.600179,安通控股,2.64,2.65,2.66,2.62,2.63,-0.37878787878788955,1.5151515151515165,7914401,20854142.51,2023-10-31,0.2161,11128915954.77,9632339481.85,1.1139,10.4451
137,SHSE.600180,瑞茂通,5.84,5.84,5.88,5.8,5.83,-0.1712328767123239,1.3698630136986314,6186020,36104295.79,2023-10-31,0.5693,6335038115.12,6335038115.12,0.7874,13.201
138,SHSE.600182,S佳通,14.79,14.51,14.77,14.28,14.71,-0.5409060175794345,3.3130493576741054,3023305,43868536.95,2023-10-31,1.7784,5001400000.0,2500700000.0,4.2924,34.1149
139,SHSE.600183,生益科技,17.84,17.84,18.0,17.55,17.59,-1.4013452914798163,2.5224215246636734,15613051,275769024.42,2023-10-31,0.6639,41365889688.62,41365889688.62,3.0254,33.547
140,SHSE.600184,光电股份,12.01,11.98,12.18,11.83,11.92,-0.7493755203996644,2.914238134887591,5381000,64535205.25,2023-10-31,1.0577,6064429045.92,6064429045.92,2.4123,94.8309
141,SHSE.600185,格力地产,6.94,6.97,7.23,6.91,7.15,3.0259365994236287,4.610951008645537,33070285,234560499.43,2023-10-31,1.7544,13477791434.25,13477791434.25,2.243,-5.339
142,SHSE.600186,莲花健康,7.29,7.29,7.52,6.93,7.11,-2.4691358024691357,8.093278463648831,165049502,1179393036.08,2023-10-31,9.2415,12754637112.51,12698112612.51,8.5225,138.7109
143,SHSE.600187,国中水务,2.74,2.74,2.75,2.7,2.71,-1.0948905109489093,1.8248175182481685,18245200,49716197.0,2023-10-31,1.1306,4373346789.13,4373346789.13,1.3563,49.2347
144,SHSE.600188,兖矿能源,19.22,19.11,19.7,19.05,19.52,1.5608740894901274,3.3818938605619078,23355385,455563243.56,2023-10-31,0.5191,145268634854.4,87828887654.4,2.7803,8.4868
145,SHSE.600189,泉阳泉,8.67,8.62,9.54,8.62,9.54,10.034602076124566,10.611303344867357,27981663,262083677.84,2023-10-31,3.9124,6822987126.48,6822987126.48,4.0435,823.352
146,SHSE.600190,锦州港,3.09,3.07,3.09,3.02,3.04,-1.6181229773462702,2.2653721682847845,25788026,78557205.78,2023-10-31,1.4492,6086966160.0,5409632971.2,0.9068,63.6751
147,SHSE.600191,华资实业,6.36,6.36,6.46,6.3,6.45,1.4150943396226356,2.5157232704402537,7422700,47565806.0,2023-10-31,1.5307,3127811400.0,3127811400.0,2.035,-38.6711
148,SHSE.600192,长城电工,5.49,5.49,5.55,5.4,5.43,-1.0928961748634003,2.73224043715846,8252500,45111838.0,2023-10-31,1.8681,2398691640.0,2398691640.0,1.5931,-17.0549
149,SHSE.600193,创兴资源,5.12,5.12,5.22,5.12,5.17,0.9765625,1.9531249999999931,3084700,15929272.0,2023-10-31,0.7252,2199178410.0,2199178410.0,7.0873,-238.9588
150,SHSE.600195,中牧股份,11.02,11.0,11.13,11.0,11.1,0.7259528130671544,1.179673321234127,5275155,58414802.78,2023-10-31,0.5166,11334745686.0,11334745686.0,2.0525,20.7375
151,SHSE.600196,复星医药,28.93,28.29,28.55,28.21,28.44,-1.6937435188385752,1.175250604908399,17075990,484496220.86,2023-10-31,0.8063,76006702320.84,60227806380.84,1.6552,21.2447
152,SHSE.600197,伊力特,22.48,22.45,22.65,22.35,22.49,0.044483985765109146,1.334519572953724,5664688,127283862.0,2023-10-31,1.2002,10614571789.9,10614571789.9,2.9018,41.6761
153,SHSE.600198,大唐电信,6.92,6.92,7.01,6.8,6.86,-0.8670520231213841,3.034682080924855,15738700,108696181.0,2023-10-31,1.7876,9012043095.16,6039919482.1,24.1588,-330.1544
154,SHSE.600199,金种子酒,23.17,23.0,23.15,22.7,22.87,-1.294777729823049,1.9421665947345674,7843157,179513362.45,2023-10-31,1.1923,15043813364.88,15043813364.88,5.9955,-174.2848
155,SHSE.600200,江苏吴中,9.05,8.95,9.96,8.81,9.96,10.055248618784528,12.707182320441992,113413056,1081727202.45,2023-10-31,15.9836,7094366886.72,7067198964.84,3.8855,-385.2306
156,SHSE.600201,生物股份,9.01,9.19,9.5,9.15,9.35,3.7735849056603765,3.884572697003326,24702417,231547086.31,2023-10-31,2.2048,10475452263.1,10475452263.1,1.9675,36.2581
157,SHSE.600202,哈空调,5.7,5.67,5.7,5.58,5.62,-1.403508771929829,2.1052631578947385,12226400,68892468.0,2023-10-31,3.1894,2154374576.64,2154374576.64,2.5861,44.6662
158,SHSE.600203,福日电子,8.97,8.8,9.48,8.37,8.38,-6.577480490523968,12.374581939799343,110135908,971368968.23,2023-10-31,18.573,4969240127.16,4969240127.16,2.2398,-11.8064
159,SHSE.600206,有研新材,12.59,12.6,12.67,12.44,12.54,-0.3971405877680745,1.8268467037331249,7121563,89306763.94,2023-10-31,0.8412,10615778783.28,10615778783.28,2.8753,70.9099
160,SHSE.600207,安彩高科,4.78,4.78,4.8,4.72,4.75,-0.6276150627615107,1.673640167364018,4991483,23720831.24,2023-10-31,0.4751,5174234631.5,4990126108.75,1.6355,519.903
161,SHSE.600208,新湖中宝,2.41,2.4,2.4,2.36,2.38,-1.2448132780083054,1.6597510373443998,46768225,111258324.89,2023-10-31,0.5497,20251279104.0,20248490660.3,0.4658,9.1444
162,SHSE.600210,紫江企业,5.31,5.27,5.29,4.8,4.88,-8.097928436911484,9.227871939736351,83526975,410545823.31,2023-10-31,5.507,7401672451.04,7401672451.04,1.3261,11.9081
163,SHSE.600211,西藏药业,50.13,50.44,51.35,50.13,50.46,0.6582884500299091,2.4336724516257706,5389363,273442968.66,2023-10-31,2.1737,12510943557.78,12510943557.78,3.6592,15.9912
164,SHSE.600212,绿能慧充,7.25,7.31,7.34,7.14,7.21,-0.5517241379310311,2.758620689655175,10183880,73551519.04,2023-10-31,1.9902,4796071905.73,3689336905.73,7.9809,-82.9373
165,SHSE.600213,亚星客车,9.34,9.35,9.48,9.16,9.23,-1.1777301927194839,3.426124197002144,7106735,66060829.6,2023-10-31,2.4849,2639780000.0,2639780000.0,33.6167,-14.5689
166,SHSE.600215,派斯林,8.85,8.84,8.93,8.49,8.56,-3.2768361581920757,4.971751412429374,9297699,80452666.48,2023-10-31,2.035,3980681452.8,3910917452.8,1.9974,17.7682
167,SHSE.600216,浙江医药,10.8,10.78,10.91,10.75,10.84,0.37037037037035425,1.4814814814814827,9115046,98811156.89,2023-10-31,0.9479,10460329000.0,10424106869.0,1.0995,29.3455
168,SHSE.600217,中再资环,4.66,4.65,4.68,4.64,4.65,-0.21459227467810482,0.858369098712447,4255544,19806347.04,2023-10-31,0.3064,6457267986.3,6457267986.3,2.4917,120.7605
169,SHSE.600218,全柴动力,8.38,8.38,8.42,8.28,8.31,-0.835322195704058,1.670644391408121,3407927,28384820.38,2023-10-31,0.8258,3619835326.89,3429194154.33,1.1539,36.8988
170,SHSE.600219,南山铝业,3.09,3.1,3.13,3.08,3.1,0.3236245954692629,1.6181229773462726,36707876,113912457.82,2023-10-31,0.3135,36296513828.8,36296513828.8,0.7691,12.9225
171,SHSE.600220,江苏阳光,2.12,2.11,2.14,2.11,2.12,0.0,1.4150943396226532,12104770,25678360.7,2023-10-31,0.6788,3780681491.12,3780681491.12,1.7908,77.9567
172,SHSE.600221,海航控股,1.46,1.47,1.48,1.45,1.46,0.0,2.054794520547947,105066621,154050057.73,2023-10-31,0.3196,63094823501.1,47994107917.76,16.7351,42.7122
173,SHSE.600222,太龙药业,6.22,6.15,6.68,6.02,6.48,4.180064308681675,10.610932475884246,87236830,558788654.83,2023-10-31,15.2011,3718783113.84,3718783113.84,2.563,-115.5321
174,SHSE.600223,福瑞达,10.21,10.23,11.23,10.0,10.92,6.9539666993143845,12.047012732615087,38277510,409948079.58,2023-10-31,3.7654,11100931023.0,11100931023.0,2.8069,85.5801
175,SHSE.600225,卓朗科技,4.26,4.29,4.4,4.19,4.23,-0.704225352112664,4.929577464788732,33161463,141806687.9,2023-10-31,0.9728,14430198155.49,14419331505.45,6.3214,33.2777
176,SHSE.600226,瀚叶股份,2.88,2.86,2.98,2.86,2.94,2.083333333333326,4.1666666666666705,67511968,198652920.46,2023-10-31,2.1672,9158585882.04,9158585882.04,2.8124,89.6079
177,SHSE.600227,赤天化,2.77,2.77,2.85,2.77,2.83,2.166064981949467,2.8880866425992804,18579300,52500438.0,2023-10-31,1.4536,4791569788.83,3617248118.01,1.8809,-12.2916
178,SHSE.600228,返利科技,7.74,7.76,7.88,7.61,7.7,-0.5167958656330796,3.48837209302325,5684200,43893862.0,2023-10-31,2.0389,4671387728.7,2146618543.3,9.2635,611.6134
179,SHSE.600229,城市传媒,7.48,7.48,7.58,7.25,7.28,-2.67379679144385,4.411764705882354,8210700,60373178.0,2023-10-31,1.2233,4886394240.0,4886394240.0,1.5654,14.0683
180,SHSE.600230,沧州大化,14.16,14.04,14.23,14.0,14.17,0.07062146892655718,1.6242937853107375,5089700,71954450.55,2023-10-31,1.2358,5896773743.12,5836105823.34,1.4635,13.4978
181,SHSE.600231,凌钢股份,2.28,2.26,2.3,2.26,2.29,0.43859649122808264,1.7543859649122824,10911738,24935768.64,2023-10-31,0.3826,6531444897.76,6531444897.76,0.831,-7.9095
182,SHSE.600232,金鹰股份,5.66,5.66,5.75,5.64,5.68,0.35335689045936647,1.9434628975265071,3614861,20599832.87,2023-10-31,0.9911,2071601329.92,2071601329.92,2.0135,64.8946
183,SHSE.600233,圆通速递,13.64,13.64,13.68,13.49,13.58,-0.4398826979472137,1.392961876832841,6127376,83031870.5,2023-10-31,0.178,46745421665.32,46745421665.32,1.6524,12.2785
184,SHSE.600234,科新发展,7.27,7.28,7.44,7.22,7.25,-0.27510316368637433,3.0261348005502153,4141400,30330195.0,2023-10-31,2.0457,1903277054.25,1467732630.0,3.2859,-48.806
185,SHSE.600235,民丰特纸,5.77,5.77,5.84,5.75,5.81,0.6932409012131657,1.5597920277296335,4506600,26142575.0,2023-10-31,1.2828,2041053000.0,2041053000.0,1.427,77.0387
186,SHSE.600236,桂冠电力,5.42,5.43,5.51,5.4,5.48,1.1070110701107083,2.0295202952029414,8128768,44344145.53,2023-10-31,0.1031,43195430354.96,43195430354.96,2.6262,38.2688
187,SHSE.600237,铜峰电子,7.29,7.25,7.45,7.22,7.29,0.0,3.1550068587105686,13269328,97321831.04,2023-10-31,2.3512,4532019169.95,4114254128.85,2.7006,58.1173
188,SHSE.600238,海南椰岛,9.61,9.61,9.7,9.57,9.7,0.9365244536940764,1.3527575442247557,5843692,56401175.72,2023-10-31,1.3132,4347540000.0,4316515326.0,14.0838,-25.4364
189,SHSE.600239,云南城投,2.66,2.66,2.93,2.58,2.93,10.15037593984962,13.157894736842108,171813962,477331446.86,2023-10-31,10.7003,4704662643.37,4704662643.37,2.9493,-21.93
190,SHSE.600241,时代万恒,7.64,7.83,7.83,7.65,7.7,0.7853403141361293,2.356020942408373,1970900,15177210.0,2023-10-31,0.6697,2266126285.5,2266126285.5,2.0296,69.127
191,SHSE.600243,青海华鼎,4.39,4.39,4.4,4.29,4.33,-1.3667425968109215,2.5056947608200533,9662700,41891747.0,2023-10-31,2.2018,1900220500.0,1900220500.0,2.1982,-12.3427
192,SHSE.600246,万通发展,5.62,5.62,5.72,5.54,5.64,0.3558718861209842,3.2028469750889625,33954390,190612284.71,2023-10-31,1.6531,11584612463.28,11584612463.28,1.9788,-47.9542
193,SHSE.600248,陕建股份,4.24,4.23,4.25,4.2,4.23,-0.2358490566037652,1.1792452830188638,26178382,110555759.86,2023-10-31,1.8046,15942372069.78,6136304684.58,0.7505,4.5755
194,SHSE.600249,两面针,5.48,5.49,5.56,5.48,5.54,1.0948905109488871,1.4598540145985253,11251350,62185128.5,2023-10-31,2.0457,3047000000.0,3047000000.0,1.4266,69.5925
195,SHSE.600250,南京商旅,6.37,6.39,6.61,6.39,6.54,2.668759811616961,3.4536891679748924,6288201,40945209.39,2023-10-31,2.2132,2031283968.66,1858158141.6,3.5081,12.1733
196,SHSE.600251,冠农股份,9.11,9.12,9.24,9.11,9.19,0.8781558726673966,1.4270032930845313,9831000,90372102.0,2023-10-31,1.2653,7140571027.77,7140571027.77,1.9674,8.543
197,SHSE.600252,中恒集团,2.62,2.63,2.69,2.61,2.67,1.9083969465648831,3.0534351145038197,50480400,134339765.0,2023-10-31,1.4738,9215476842.18,9145307239.68,1.3929,171.6417
198,SHSE.600255,鑫科材料,2.01,2.01,2.03,2.0,2.02,0.4975124378109541,1.4925373134328264,12094602,24347522.02,2023-10-31,0.6696,3648416849.1,3648416849.1,2.6083,-90.4115
199,SHSE.600256,广汇能源,7.46,7.41,7.59,7.38,7.5,0.536193029490617,2.815013404825737,56401031,422731071.53,2023-10-31,0.859,49243163542.5,49243163542.5,1.7092,6.3243
200,SHSE.600257,大湖股份,6.56,6.48,6.77,6.46,6.59,0.45731707317073766,4.725609756097556,36684227,243075007.41,2023-10-31,7.6229,3171353068.92,3171353068.92,3.579,-44.1497
201,SHSE.600258,首旅酒店,16.62,16.66,16.86,16.53,16.71,0.5415162454873723,1.9855595667869934,9751487,162389080.59,2023-10-31,0.8733,18658438235.46,18658438235.46,1.6935,43.3549
202,SHSE.600259,广晟有色,35.1,35.4,37.37,35.12,36.23,3.2193732193732005,6.41025641025641,11741773,428924564.23,2023-10-31,3.5636,12189073019.3,11937413388.89,3.3749,65.4222
203,SHSE.600261,阳光照明,3.48,3.48,3.5,3.45,3.47,-0.2873563218390718,1.4367816091953973,6233650,21655909.5,2023-10-31,0.4533,4771880034.02,4771880034.02,1.3507,24.1817
204,SHSE.600262,北方股份,17.64,17.63,17.93,17.51,17.63,-0.05668934240363743,2.3809523809523703,1682700,29754465.0,2023-10-31,0.9898,2997100000.0,2997100000.0,2.077,21.8278
205,SHSE.600265,ST景谷,17.09,17.05,17.05,16.94,16.97,-0.702165008777067,0.6436512580456374,173800,2951440.0,2023-10-31,0.1339,2202706000.0,2202706000.0,13.9609,-472.7375
206,SHSE.600266,城建发展,5.74,5.71,5.88,5.62,5.83,1.5679442508710784,4.529616724738672,50778680,292362662.62,2023-10-31,2.2503,13155614208.0,13155614208.0,0.6442,28.6773
207,SHSE.600267,海正药业,10.31,10.25,10.36,10.18,10.21,-0.9699321047526688,1.7458777885547985,33228726,340809892.61,2023-10-31,2.9382,12332390242.17,11546639199.31,1.4957,20.0533
208,SHSE.600268,国电南自,6.83,6.81,6.85,6.77,6.79,-0.5856515373352855,1.1713030746705722,5864209,39872444.3,2023-10-31,0.7029,5750430500.99,5665020720.59,1.8912,30.0887
209,SHSE.600269,赣粤高速,4.18,4.17,4.29,4.16,4.27,2.1531100478468845,3.1100478468899495,27320197,116323486.72,2023-10-31,1.1698,9972187949.78,9972187949.78,0.5666,9.1468
210,SHSE.600271,航天信息,12.0,11.9,11.9,11.03,11.09,-7.58333333333333,7.250000000000008,44744784,503202456.4,2023-10-31,2.4149,20548490635.42,20548490635.42,1.4386,17.4086
211,SHSE.600272,开开实业,12.14,12.1,12.39,12.04,12.18,0.32948929159801743,2.8830313014827134,6699300,81802101.0,2023-10-31,4.1871,2959740000.0,1948800000.0,5.1356,112.3178
212,SHSE.600273,嘉化能源,8.34,8.36,8.41,8.31,8.4,0.7194244604316502,1.199040767386087,12215477,102205660.41,2023-10-31,0.8713,11776339738.8,11776339738.8,1.2154,9.5132
213,SHSE.600276,恒瑞医药,46.58,48.53,48.78,47.23,47.94,2.9197080291970767,3.3276084156290344,70656935,3387726473.6,2023-10-31,1.1085,305809369015.56,305579530848.84,7.7153,72.6959
214,SHSE.600277,亿利洁能,2.73,2.73,2.77,2.73,2.74,0.366300366300365,1.4652014652014667,20663526,56674258.3,2023-10-31,0.5803,9756104811.56,9756104811.56,0.5734,1905.386
215,SHSE.600278,东方创业,6.76,6.76,6.86,6.73,6.86,1.479289940828421,1.9230769230769214,4561133,30994237.38,2023-10-31,0.6718,6056914898.86,4657351823.6,0.8434,23.7357
216,SHSE.600279,重庆港,4.16,4.16,4.2,4.15,4.2,0.9615384615384581,1.2019230769230727,4291750,17919920.0,2023-10-31,0.3616,4984838388.6,4984838388.6,0.8746,28.1357
217,SHSE.600280,中央商场,3.6,3.58,3.7,3.51,3.55,-1.388888888888895,5.277777777777788,27925900,100232887.0,2023-10-31,2.475,4005588497.4,4005588497.4,4.3148,-66.6074
218,SHSE.600281,华阳新材,4.28,4.29,4.33,4.27,4.3,0.4672897196261516,1.4018691588785164,3977400,17091336.0,2023-10-31,0.7732,2211928707.5,2211928707.5,6.9109,-13.8685
219,SHSE.600282,南钢股份,3.8,3.79,3.82,3.76,3.8,0.0,1.578947368421054,25695818,97545884.35,2023-10-31,0.4168,23427345841.8,23427345841.8,0.9,13.3892
220,SHSE.600283,钱江水利,13.65,13.53,13.76,13.44,13.53,-0.8791208791208871,2.344322344322346,8971170,121883951.4,2023-10-31,2.5414,4776032605.74,4776032605.74,2.068,23.1364
221,SHSE.600284,浦东建设,6.77,6.77,6.8,6.47,6.49,-4.135893648449029,4.874446085672084,16326370,107035189.3,2023-10-31,1.6827,6296961440.0,6296961440.0,0.8459,9.7623
222,SHSE.600285,羚锐制药,15.68,15.61,16.01,15.55,15.82,0.8928571428571397,2.9336734693877604,13931398,220665026.66,2023-10-31,2.4737,8972217953.44,8909622010.24,3.3094,17.052
223,SHSE.600287,江苏舜天,5.27,5.34,5.42,5.3,5.37,1.8975332068311257,2.2770398481973455,6815262,36606706.18,2023-10-31,1.5603,2356613620.38,2345594917.38,1.3205,30.9815
224,SHSE.600288,大恒科技,10.47,10.45,10.5,10.3,10.33,-1.3371537726838634,1.9102196752626484,4777580,49579808.6,2023-10-31,1.0938,4512144000.0,4512144000.0,2.3639,62.3287
225,SHSE.600289,ST信通,2.56,2.55,2.57,2.54,2.57,0.390625,1.1718749999999925,1524350,3892599.3,2023-10-31,0.2694,1621803817.33,1454421297.88,2.5593,-4.6603
226,SHSE.600290,*ST华仪,1.23,1.22,1.28,1.2,1.25,1.6260162601626105,6.504065040650413,11525201,14242862.26,2023-10-31,1.5167,949879388.75,949879388.75,-4.4556,-1.8483
227,SHSE.600292,远达环保,6.1,6.11,6.17,6.02,6.15,0.819672131147553,2.459016393442629,11710276,71554304.12,2023-10-31,1.4997,4802023873.5,4802023873.5,0.9304,246.8934
228,SHSE.600293,三峡新材,3.25,3.26,3.29,3.23,3.24,-0.3076923076922977,1.8461538461538478,8857775,28765512.69,2023-10-31,0.7635,3758869949.04,3758869949.04,2.209,-19.389
229,SHSE.600295,鄂尔多斯,9.28,9.21,9.42,9.2,9.35,0.7543103448275801,2.370689655172421,4384936,40901106.32,2023-10-31,0.222,26168557974.9,18471637974.9,1.2522,9.5458
230,SHSE.600297,广汇汽车,1.94,1.95,1.96,1.9,1.92,-1.0309278350515427,3.092783505154642,60052193,115860726.63,2023-10-31,0.7404,15573734382.72,15573734382.72,0.4033,-5.6783
231,SHSE.600298,安琪酵母,35.06,35.05,35.18,34.69,34.99,-0.19965772960639505,1.397604107244729,2845535,99442987.95,2023-10-31,0.3296,30397642242.21,30210200812.21,3.0545,22.7557
232,SHSE.600299,安迪苏,7.51,7.48,7.57,7.46,7.55,0.5326231691078487,1.4647137150466087,5196535,39117033.86,2023-10-31,0.1938,20248354611.15,20248354611.15,1.3808,295.2287
233,SHSE.600300,维维股份,3.14,3.13,3.2,3.12,3.18,1.273885350318471,2.5477707006369448,30322870,96093982.95,2023-10-31,1.8751,5142512132.4,5142512132.4,1.6274,39.3329
234,SHSE.600301,华锡有色,14.09,13.67,14.15,13.67,13.78,-2.200141944641598,3.4066713981547223,3441774,47540924.24,2023-10-31,1.7201,8716779860.62,3794125684.18,3.4375,102.51
235,SHSE.600302,标准股份,5.35,5.39,5.39,5.27,5.31,-0.747663551401867,2.24299065420561,3364123,17911923.28,2023-10-31,0.9723,1837312059.24,1837312059.24,1.9774,-12.4023
236,SHSE.600303,ST曙光,4.54,4.52,4.58,4.51,4.52,-0.440528634361248,1.5418502202643234,5044200,22888643.0,2023-10-31,0.7466,3053731033.72,3053731033.72,1.6043,-7.7035
237,SHSE.600305,恒顺醋业,9.93,9.93,9.95,9.82,9.9,-0.30211480362537513,1.3091641490432933,3733231,36837887.01,2023-10-31,0.3722,11018264716.8,9929264716.8,3.2935,90.4806
238,SHSE.600306,*ST商城,10.89,10.87,11.09,10.61,10.65,-2.203856749311295,4.407713498622593,1299300,14070352.0,2023-10-31,0.7321,2466272876.7,1890082614.9,-4.4068,-4.5416
239,SHSE.600307,酒钢宏兴,1.57,1.58,1.6,1.56,1.57,0.0,2.5477707006369448,29813785,47039905.6,2023-10-31,0.476,9833471155.68,9833471155.68,0.9071,-7.5271
240,SHSE.600308,华泰股份,3.58,3.58,3.63,3.56,3.62,1.1173184357541999,1.955307262569828,9903624,35666826.56,2023-10-31,0.6529,5491070037.12,5491070037.12,0.5933,24.9709
241,SHSE.600309,万华化学,88.63,88.58,88.8,87.65,88.8,0.19180864267178688,1.2975290533679245,5505592,486186684.51,2023-10-31,0.1754,278809500388.8,278809500388.8,3.3092,18.1889
242,SHSE.600310,广西能源,3.67,3.65,3.73,3.62,3.64,-0.8174386920980825,2.9972752043596698,20589700,75528557.8,2023-10-31,1.6942,5335187028.08,4423801200.0,1.7006,-86.1054
243,SHSE.600312,平高电气,10.82,10.81,10.92,10.66,10.83,0.09242144177448175,2.4029574861367817,10676811,115243664.66,2023-10-31,0.7868,14695457776.47,14695457776.47,1.5017,25.0693
244,SHSE.600313,农发种业,7.8,7.8,7.83,7.74,7.78,-0.2564102564102555,1.153846153846152,8792007,68390560.8,2023-10-31,0.824,8419505598.14,8301291975.8,4.5808,32.5727
245,SHSE.600315,上海家化,23.08,23.1,23.34,22.93,23.34,1.1265164644714165,1.7764298093587527,3406460,78799032.4,2023-10-31,0.506,15783064892.4,15712356829.2,2.0836,28.543
246,SHSE.600316,洪都航空,20.1,20.15,20.34,20.05,20.13,0.14925373134326847,1.442786069651737,3091920,62337937.6,2023-10-31,0.4312,14435515126.56,14435515126.56,2.7377,107.6859
247,SHSE.600318,新力金融,6.7,6.7,6.73,6.64,6.7,0.0,1.3432835820895632,12704402,84922539.16,2023-10-31,2.4778,3435275134.4,3435275134.4,3.2693,-35.0732
248,SHSE.600319,亚星化学,5.14,5.09,5.18,5.07,5.14,0.0,2.140077821011662,4553300,23336361.0,2023-10-31,1.4428,1992826233.76,1622153160.0,3.563,-61.831
249,SHSE.600320,振华重工,3.47,3.47,3.48,3.38,3.4,-2.017291066282434,2.8818443804034604,24611076,83853893.68,2023-10-31,0.7409,17912401903.4,11294792047.4,1.1922,28.695
250,SHSE.600321,正源股份,1.69,1.68,1.72,1.68,1.68,-0.591715976331364,2.3668639053254457,12566260,21300466.8,2023-10-31,0.8319,2537724000.0,2537724000.0,1.6514,-18.4855
251,SHSE.600322,津投城开,2.48,2.51,2.73,2.36,2.73,10.080645161290324,14.919354838709681,220941823,565540748.79,2023-10-31,19.9821,3018561000.0,3018561000.0,17.1747,-8.3409
252,SHSE.600323,瀚蓝环境,17.76,17.75,17.84,17.55,17.79,0.16891891891890332,1.632882882882878,3103934,54932093.64,2023-10-31,0.3807,14505025727.34,14505025727.34,1.2229,10.0339
253,SHSE.600325,华发股份,8.51,8.52,8.57,8.26,8.4,-1.2925969447708519,3.6427732079906052,30848128,258321392.98,2023-10-31,1.4571,23118153374.4,17784077774.4,1.2742,8.8825
254,SHSE.600326,西藏天路,6.0,6.0,6.21,5.93,5.97,-0.5000000000000004,4.666666666666671,76144437,462170024.87,2023-10-31,6.3761,7147556082.75,7129488367.29,1.9913,-12.9176
255,SHSE.600327,大东方,4.69,4.68,4.74,4.66,4.71,0.4264392324093702,1.705756929637528,7056528,33127481.48,2023-10-31,0.7975,4167311529.78,4167311529.78,1.2881,31.7702
256,SHSE.600328,中盐化工,8.03,8.0,8.08,7.95,7.99,-0.49813200498131094,1.618929016189289,6669341,53332708.28,2023-10-31,0.4583,11763076064.11,11626225972.82,1.0225,12.6706
257,SHSE.600329,达仁堂,32.45,31.37,31.7,29.42,29.85,-8.012326656394453,7.026194144838205,22398687,674395555.46,2023-10-31,3.9583,22991964768.6,16891162068.6,3.5547,23.2002
258,SHSE.600330,天通股份,8.73,8.76,8.77,8.57,8.64,-1.0309278350515427,2.290950744558984,12096779,104596687.36,2023-10-31,0.9807,10656873354.24,10656873354.24,1.3218,35.9896
259,SHSE.600331,宏达股份,4.77,4.79,4.84,4.74,4.77,0.0,2.0964360587002027,34026172,162614434.24,2023-10-31,1.6745,9692640000.0,9692640000.0,27.9244,-92.6706
260,SHSE.600332,白云山,29.57,29.85,30.28,29.7,29.81,0.8116334122421298,1.9614474129185049,7391270,220871715.7,2023-10-31,0.5257,48464828189.69,41909609189.69,1.3983,11.3146
261,SHSE.600333,长春燃气,5.22,5.2,5.25,5.16,5.17,-0.9578544061302652,1.72413793103448,6135758,31876883.54,2023-10-31,1.0075,3148688636.28,3148688636.28,1.6519,-34.6501
262,SHSE.600335,国机汽车,7.36,7.37,7.45,7.2,7.3,-0.815217391304357,3.3967391304347823,18050084,131503143.79,2023-10-31,1.2067,10919257451.6,10919257451.6,0.9601,34.1328
263,SHSE.600336,澳柯玛,5.42,5.4,5.45,5.38,5.43,0.18450184501843658,1.2915129151291564,6807400,36865255.0,2023-10-31,0.853,4333220195.67,4333220195.67,1.7099,42.2354
264,SHSE.600337,美克家居,2.59,2.58,2.59,2.5,2.51,-3.0888030888030937,3.4749034749034693,18847000,47603272.0,2023-10-31,1.2738,3713651767.87,3713651767.87,0.948,-10.8888
265,SHSE.600338,西藏珠峰,14.31,14.21,14.3,13.98,14.08,-1.6072676450034962,2.236198462613559,13994845,197609787.35,2023-10-31,1.5308,12872079165.44,12872079165.44,3.667,465.2166
266,SHSE.600339,中油工程,3.38,3.38,3.38,3.31,3.34,-1.183431952662728,2.071005917159759,39399370,131645485.13,2023-10-31,0.7057,18647712553.14,18647712553.14,0.7124,25.345
267,SHSE.600340,华夏幸福,1.88,1.87,1.9,1.84,1.88,0.0,3.191489361702119,47169307,88224760.76,2023-10-31,1.2115,7357794242.96,7319507516.56,0.8387,5.8306
268,SHSE.600343,航天动力,10.19,10.19,10.24,9.98,10.0,-1.8645731108930308,2.551521099116779,7029190,70866092.74,2023-10-31,1.1014,6382063480.0,6382063480.0,3.5331,-79.3186
269,SHSE.600345,长江通信,19.26,19.26,19.35,18.9,18.99,-1.4018691588785215,2.336448598130856,2307269,44060722.84,2023-10-31,1.1653,3760020000.0,3760020000.0,1.5537,22.9702
270,SHSE.600346,恒力石化,14.56,14.55,14.74,14.45,14.64,0.5494505494505475,1.9917582417582478,18247410,266147181.63,2023-10-31,0.2592,103052420867.04,103052420867.04,1.7549,53.3359
271,SHSE.600348,华阳股份,8.02,7.98,8.09,7.96,8.06,0.4987531172069959,1.6209476309226918,26381730,211808602.3,2023-10-31,0.7313,29076450000.0,29076450000.0,1.0431,4.5877
272,SHSE.600350,山东高速,6.52,6.51,6.65,6.48,6.63,1.6871165644171793,2.607361963190183,15238504,100022810.67,2023-10-31,0.3148,32091836267.01,32091836267.01,1.0917,10.151
273,SHSE.600351,亚宝药业,8.82,8.87,9.0,8.68,8.76,-0.6802721088435382,3.6281179138322024,27731849,244293788.12,2023-10-31,3.6015,6745200201.48,6745200201.48,2.215,31.8737
274,SHSE.600352,浙江龙盛,8.91,8.91,8.97,8.87,8.9,-0.11223344556677839,1.122334455667805,7338685,65342682.75,2023-10-31,0.2256,28954653554.0,28954653554.0,0.8945,13.2969
275,SHSE.600353,旭光电子,7.53,7.41,7.53,7.14,7.21,-4.249667994687922,5.179282868525903,15902723,115017606.2,2023-10-31,1.9669,6004435792.39,5829502828.52,3.4231,50.2382
276,SHSE.600354,敦煌种业,6.05,6.01,6.04,5.98,6.03,-0.33057851239668423,0.9917355371900762,5811300,34933669.0,2023-10-31,1.101,3182646542.4,3182646542.4,5.0782,77.3062
277,SHSE.600355,精伦电子,5.3,5.35,5.37,5.07,5.1,-3.7735849056603765,5.660377358490563,60048400,309535568.0,2023-10-31,12.2027,2509654920.0,2509654920.0,13.2853,-66.4217
278,SHSE.600356,恒丰纸业,7.73,7.71,7.76,7.66,7.69,-0.5174644243208237,1.2936610608020653,2878784,22159098.44,2023-10-31,0.9637,2297244296.82,2297244296.82,0.9375,18.7373
279,SHSE.600358,国旅联合,4.65,4.68,4.7,4.64,4.67,0.4301075268817067,1.290322580645172,4168600,19493634.0,2023-10-31,0.8256,2358054202.2,2358054202.2,12.829,490.6684
280,SHSE.600359,新农开发,7.44,7.47,7.47,7.38,7.41,-0.40322580645161255,1.2096774193548367,2730301,20229685.41,2023-10-31,0.7157,2827009996.2,2827009996.2,4.4374,41.5973
281,SHSE.600360,华微电子,7.04,7.05,7.12,6.93,6.97,-0.9943181818181879,2.698863636363642,20949666,146779979.22,2023-10-31,2.1816,6693258268.88,6693258268.88,2.0614,157.5076
282,SHSE.600361,创新新材,5.04,5.04,5.07,4.98,4.99,-0.9920634920634885,1.785714285714283,6055500,30408154.0,2023-10-31,1.2937,21637602261.62,2335634205.33,2.1875,22.9265
283,SHSE.600362,江西铜业,18.37,18.37,18.42,18.22,18.35,-0.10887316276537717,1.0887316276537988,6064400,111073528.0,2023-10-31,0.2922,63541084581.75,38080789881.75,0.7883,10.2346
284,SHSE.600363,联创光电,32.5,32.8,32.9,31.76,32.11,-1.200000000000001,3.5076923076922983,5082698,163899733.2,2023-10-31,1.128,14617298832.5,14468051552.5,3.6804,45.8285
285,SHSE.600365,ST通葡,4.03,4.01,4.05,3.85,3.92,-2.7295285359801524,4.962779156327537,8036900,31678882.0,2023-10-31,1.9595,1675408000.0,1607827200.0,5.4913,-16.8713
286,SHSE.600366,宁波韵升,6.96,6.94,7.01,6.89,6.95,-0.1436781609195359,1.7241379310344844,6009745,41684609.65,2023-10-31,0.5691,7730957954.45,7338984800.2,1.3268,-34.7269
287,SHSE.600367,红星发展,13.38,13.33,13.45,13.11,13.18,-1.4947683109118204,2.541106128550074,3574773,47334732.68,2023-10-31,1.2191,4496105288.36,3864858388.0,2.5882,-939.1039
288,SHSE.600368,五洲交通,3.88,3.88,3.94,3.88,3.92,1.0309278350515427,1.546391752577321,15626625,61077218.66,2023-10-31,1.262,4853725478.0,4853725478.0,0.7836,7.2158
289,SHSE.600369,西南证券,4.1,4.12,4.17,4.09,4.1,0.0,1.9512195121951237,50490762,208331342.96,2023-10-31,0.7995,27244947408.4,25891947408.4,1.0759,41.7289
290,SHSE.600370,三房巷,2.54,2.54,2.57,2.53,2.57,1.1811023622047223,1.5748031496063006,8039109,20522701.36,2023-10-31,0.2063,10013604026.03,10013604026.03,1.6174,118.7733
291,SHSE.600371,万向德农,10.83,10.73,10.89,10.72,10.84,0.09233610341643494,1.5697137580794083,1712489,18529335.81,2023-10-31,0.5853,3171545520.0,3171545520.0,5.6052,46.5964
292,SHSE.600372,中航机载,13.62,13.62,13.71,13.56,13.65,0.22026431718062955,1.1013215859030863,14917431,203338640.45,2023-10-31,0.3326,66050938999.5,61220790403.5,1.8689,48.6186
293,SHSE.600373,中文传媒,11.82,11.85,11.96,11.45,11.57,-2.115059221658211,4.314720812182754,16790500,195436331.74,2023-10-31,1.2391,15678087228.83,15678087228.83,0.8847,7.9465
294,SHSE.600375,汉马科技,6.1,6.11,6.17,5.94,5.98,-1.967213114754085,3.770491803278681,9596197,57778283.85,2023-10-31,1.4666,3912802767.12,3912802767.12,165.1916,-7.475
295,SHSE.600376,首开股份,3.74,3.73,3.78,3.6,3.72,-0.5347593582887722,4.812834224598923,21850292,80407005.96,2023-10-31,0.8471,9595982700.24,9595982700.24,0.4514,-3.2455
296,SHSE.600377,宁沪高速,9.65,9.6,9.88,9.56,9.85,2.072538860103612,3.3160621761658056,11911406,116282087.59,2023-10-31,0.3133,49621812875.0,37451502559.85,1.4672,10.6671
297,SHSE.600378,昊华科技,31.59,31.57,31.57,30.24,30.72,-2.754036087369427,4.210193099081994,1353978,41578756.74,2023-10-31,0.1498,28000475351.04,27769248184.32,3.362,25.5689
298,SHSE.600379,宝光股份,9.57,9.68,9.72,9.54,9.66,0.940438871473348,1.8808777429467238,3240039,31251623.37,2023-10-31,0.9812,3189747108.24,3189747108.24,4.6229,43.0409
299,SHSE.600380,健康元,11.83,11.87,11.96,11.79,11.86,0.2535925612848544,1.4370245139476052,9999492,118802547.83,2023-10-31,0.5367,22095508759.2,22095508759.2,1.6566,15.1372
300,SHSE.600381,青海春天,7.8,7.79,7.85,7.72,7.83,0.38461538461538325,1.6666666666666652,5026686,39183959.38,2023-10-31,0.8562,4596685602.03,4596685602.03,3.1428,-16.2728
301,SHSE.600382,广东明珠,4.5,4.52,4.57,4.49,4.54,0.8888888888888946,1.7777777777777795,4956545,22429323.36,2023-10-31,0.6444,3492194200.34,3492194200.34,0.9797,17.956
302,SHSE.600383,金地集团,5.46,5.1,5.3,5.01,5.17,-5.311355311355315,5.311355311355312,175092154,903464956.63,2023-10-31,3.8784,23340397067.24,23340397067.24,0.3629,8.2759
303,SHSE.600386,北巴传媒,3.88,3.87,3.9,3.85,3.87,-0.2577319587628857,1.2886597938144284,5077276,19691526.26,2023-10-31,0.6296,3120768000.0,3120768000.0,1.7517,49.8179
304,SHSE.600387,ST海越,5.49,5.49,5.52,5.45,5.46,-0.5464480874316946,1.2750455373406082,2387000,13058574.0,2023-10-31,0.5908,2556068773.44,2206104766.32,0.8098,98.6231
305,SHSE.600388,龙净环保,14.7,14.76,15.08,14.69,14.85,1.0204081632653184,2.6530612244898,7622205,113456676.24,2023-10-31,0.705,16054389633.15,16054389633.15,2.0897,19.8252
306,SHSE.600389,江山股份,18.83,18.79,18.96,18.4,18.58,-1.3276686139139682,2.9739776951672985,4394591,81532605.27,2023-10-31,1.0205,8239921014.6,8001477000.0,2.29,19.9932
307,SHSE.600390,五矿资本,5.07,5.07,5.11,5.04,5.08,0.19723865877712132,1.3806706114398477,18506840,93934039.0,2023-10-31,0.4114,22850172531.72,22850172531.72,0.5438,9.1919
308,SHSE.600391,航发科技,18.95,19.18,19.44,18.92,19.03,0.4221635883905117,2.7440633245382564,6062625,116232819.89,2023-10-31,1.8364,6282361854.01,6282361854.01,3.9581,79.739
309,SHSE.600392,盛和资源,10.58,10.62,10.73,10.5,10.69,1.03969754253308,2.173913043478265,15932047,169565710.93,2023-10-31,0.9089,18737716033.3,18737716033.3,2.124,70.3231
310,SHSE.600395,盘江股份,6.07,6.07,6.11,6.06,6.09,0.32948929159801743,0.8237232289950692,9566202,58133043.99,2023-10-31,0.4456,13072945604.46,13072945604.46,1.095,9.9901
311,SHSE.600396,*ST金山,2.59,2.61,2.61,2.56,2.58,-0.3861003861003742,1.930501930501924,5421700,13982489.0,2023-10-31,0.3681,3799583587.86,3799583587.86,9.7619,2.6227
312,SHSE.600397,安源煤业,2.89,2.88,2.94,2.87,2.91,0.6920415224913601,2.4221453287197177,24292801,70712917.91,2023-10-31,2.4539,2880783256.62,2880783256.62,4.8181,24.0642
313,SHSE.600398,海澜之家,7.62,7.65,7.7,7.43,7.44,-2.3622047244094446,3.5433070866141794,11198838,84131574.64,2023-10-31,0.2592,32139103739.52,32139103739.52,2.1928,11.2474
314,SHSE.600399,抚顺特钢,8.93,8.92,9.4,8.86,9.24,3.4714445688689866,6.047032474804042,30856617,284485306.76,2023-10-31,1.5647,18222204000.0,18222204000.0,2.8755,101.3291
315,SHSE.600400,红豆股份,2.92,2.93,2.96,2.91,2.92,0.0,1.7123287671232816,8511818,24938670.74,2023-10-31,0.3715,6716735407.84,6690805807.84,2.2702,844.3106
316,SHSE.600403,大有能源,3.85,3.85,3.89,3.83,3.85,0.0,1.5584415584415598,9469893,36497713.5,2023-10-31,0.3961,9204627747.7,9204627747.7,1.2739,23.9834
317,SHSE.600405,动力源,5.32,5.33,5.36,5.24,5.28,-0.7518796992481258,2.2556390977443628,6622560,34979814.01,2023-10-31,1.197,2921294365.44,2921294365.44,3.7349,-24.3811
318,SHSE.600406,国电南瑞,22.5,22.5,22.66,22.3,22.55,0.22222222222223476,1.5999999999999976,11819885,265694909.17,2023-10-31,0.1483,181144893676.45,179699418674.6,4.0948,26.0582
319,SHSE.600408,安泰集团,2.45,2.45,2.55,2.44,2.51,2.4489795918367196,4.489795918367342,42346800,105880496.0,2023-10-31,4.2061,2527068000.0,2527068000.0,1.2118,-3.7718
320,SHSE.600409,三友化工,5.75,5.77,5.82,5.72,5.78,0.521739130434784,1.7391304347826182,15258303,88128114.4,2023-10-31,0.7391,11931939809.44,11931939809.44,0.8949,30.9017
321,SHSE.600410,华胜天成,8.13,8.4,8.45,7.84,7.85,-3.4440344403444123,7.5030750307503,145368290,1174178085.82,2023-10-31,13.2575,8607483261.55,8607483261.55,1.8683,-253.8923
322,SHSE.600415,小商品城,7.9,7.9,7.93,7.68,7.78,-1.518987341772149,3.164556962025316,47645702,370045371.18,2023-10-31,0.8732,42681657089.28,42450696897.28,2.4648,23.6923
323,SHSE.600416,湘电股份,14.6,14.6,14.64,14.3,14.41,-1.3013698630136905,2.3287671232876703,6194657,89466923.06,2023-10-31,0.5549,19099106872.45,16085722616.7,2.6534,58.4098
324,SHSE.600418,江淮汽车,19.86,19.98,20.25,17.87,18.1,-8.86203423967773,11.983887210473307,431857343,8090425315.96,2023-10-31,19.7736,39530577217.1,39530577217.1,2.9884,-64.2926
325,SHSE.600419,天润乳业,12.38,12.3,12.47,12.29,12.36,-0.1615508885298933,1.4539579967689942,3327930,41188724.5,2023-10-31,1.0394,3957551440.56,3957551440.56,1.6542,21.3796
326,SHSE.600420,国药现代,10.25,10.2,10.4,10.19,10.3,0.4878048780487809,2.0487804878048865,10070426,103640165.81,2023-10-31,0.842,13814078727.6,12319520083.3,1.1267,18.0495
327,SHSE.600421,华嵘控股,9.74,9.74,9.84,9.65,9.72,-0.2053388090349051,1.950718685831617,1119603,10878460.01,2023-10-31,0.5724,1901232000.0,1901232000.0,109.374,-385.8765
328,SHSE.600422,昆药集团,21.24,21.0,21.55,20.85,21.36,0.5649717514124353,3.295668549905835,18065922,383270062.6,2023-10-31,2.3866,16190601657.84,16169002169.52,3.0858,40.833
329,SHSE.600423,柳化股份,3.5,3.5,3.64,3.45,3.5,0.0,5.428571428571427,29337714,103213902.85,2023-10-31,3.6732,2795432591.0,2795432591.0,6.2485,144.4492
330,SHSE.600425,青松建化,3.88,3.88,3.98,3.88,3.95,1.804123711340222,2.5773195876288684,42592398,167866616.14,2023-10-31,3.0891,6338579642.65,5446220839.7,1.0082,12.0673
331,SHSE.600426,华鲁恒升,32.07,32.21,32.35,32.01,32.17,0.3118178983473774,1.0601808543810523,5117755,164740914.0,2023-10-31,0.2423,68307204367.83,67939179567.83,2.4196,18.5501
332,SHSE.600428,中远海特,5.13,5.14,5.18,5.1,5.17,0.7797270955165692,1.5594541910331399,21712449,111455144.33,2023-10-31,1.0115,11098184486.07,11098184486.07,0.9754,11.488
333,SHSE.600429,三元股份,4.74,4.76,4.77,4.62,4.72,-0.42194092827004814,3.164556962025305,12256990,57442999.78,2023-10-31,0.8185,7157905610.72,7068471050.72,1.3824,44.8044
334,SHSE.600433,冠豪高新,3.58,3.58,3.61,3.56,3.6,0.5586592178770999,1.3966480446927325,9343870,33582494.92,2023-10-31,0.6491,6648627160.8,5182050214.8,1.4477,97.9831
335,SHSE.600435,北方导航,11.0,10.9,11.36,10.78,11.1,0.9090909090909038,5.272727272727273,52627102,584734956.13,2023-10-31,3.5125,16630715881.2,16630715881.2,6.1676,77.2757
336,SHSE.600436,片仔癀,251.0,251.6,251.63,249.0,250.2,-0.3187250996016022,1.0478087649402372,1618179,404693429.68,2023-10-31,0.2682,150949965942.0,150949965942.0,11.605,53.443
337,SHSE.600438,通威股份,27.73,27.66,27.93,27.1,27.3,-1.5506671474936895,2.993148214929673,31921177,872857304.88,2023-10-31,0.709,122903771117.4,122903771117.4,1.9734,6.0551
338,SHSE.600439,瑞贝卡,2.82,2.8,2.83,2.74,2.78,-1.4184397163120588,3.1914893617021227,49336606,136795465.46,2023-10-31,4.3584,3146919523.2,3146919523.2,1.1158,276.553
339,SHSE.600444,国机通用,13.77,13.78,14.07,13.68,13.89,0.8714596949891185,2.832244008714601,3047451,42253336.35,2023-10-31,2.0813,2033800635.48,2033800635.48,3.0862,80.5262
340,SHSE.600446,金证股份,11.78,11.82,11.85,11.57,11.68,-0.8488964346349714,2.3769100169779236,13784547,161419729.68,2023-10-31,1.4602,11025861658.4,11025861658.4,3.0928,63.9243
341,SHSE.600448,华纺股份,3.16,3.14,3.28,3.14,3.19,0.9493670886075778,4.430379746835433,14974252,47920006.68,2023-10-31,2.3775,2009124721.78,2009124721.78,1.5867,-23.4825
342,SHSE.600449,宁夏建材,18.78,18.69,18.72,18.36,18.54,-1.2779552715655007,1.9169329073482395,16002671,296448520.14,2023-10-31,3.3466,8865476518.68,8865476518.68,1.2403,39.8462
343,SHSE.600452,涪陵电力,12.29,12.29,12.34,12.1,12.22,-0.5695687550854256,1.952807160292923,6390832,77960189.84,2023-10-31,0.5823,13411813581.66,13411813581.66,2.7256,30.5965
344,SHSE.600455,博通股份,23.01,22.88,23.34,22.79,22.98,-0.1303780964797996,2.390265102129512,1428200,32840289.0,2023-10-31,2.2867,1435284840.0,1435284840.0,5.5232,54.6467
345,SHSE.600456,宝钛股份,30.93,30.69,32.02,30.5,31.84,2.9421273844164153,4.914322664080191,10924403,342380332.52,2023-10-31,2.2865,15212436841.76,15212436841.76,2.3285,25.671
346,SHSE.600458,时代新材,10.04,10.0,10.1,9.91,9.98,-0.5976095617529764,1.8924302788844574,4980608,49622911.29,2023-10-31,0.6204,8228890756.96,8011925556.96,1.4421,19.4549
347,SHSE.600459,贵研铂业,14.72,14.72,14.74,14.47,14.6,-0.815217391304357,1.8342391304347796,5022956,73276066.65,2023-10-31,0.6798,11110331038.8,10788395885.0,1.7617,22.9957
348,SHSE.600460,士兰微,24.37,24.33,24.6,24.11,24.26,-0.45137464095198476,2.0106688551497824,9505511,230505394.68,2023-10-31,0.6713,34353902959.7,34353902959.7,4.8231,386.9741
349,SHSE.600461,洪城环境,8.45,8.48,8.61,8.42,8.53,0.946745562130169,2.248520710059166,6110277,52120280.88,2023-10-31,0.6079,9326731846.47,8574069204.34,1.2841,8.7951
350,SHSE.600462,ST九有,2.06,2.06,2.06,2.02,2.04,-0.9708737864077666,1.9417475728155356,1958500,3992619.0,2023-10-31,0.3262,1258843200.0,1224948600.0,25.209,-28.3165
351,SHSE.600463,空港股份,8.83,8.8,9.2,8.79,9.06,2.604756511891293,4.643261608154022,3725300,33714123.0,2023-10-31,1.2418,2718000000.0,2718000000.0,2.4057,-22.8871
352,SHSE.600467,好当家,2.37,2.36,2.39,2.36,2.36,-0.42194092827004814,1.2658227848101369,16185122,38414921.92,2023-10-31,1.1078,3447946557.44,3447946557.44,1.0225,75.84
353,SHSE.600468,百利电气,5.2,5.1,5.14,4.95,4.98,-4.230769230769226,3.6538461538461444,42641910,214585356.29,2023-10-31,3.9202,5416921898.58,5416921898.58,2.6723,45.3435
354,SHSE.600469,风神股份,5.87,5.85,5.85,5.67,5.69,-3.0664395229982877,3.0664395229982917,12003927,68788647.03,2023-10-31,2.1408,4150575455.99,3190536112.21,1.2909,13.7102
355,SHSE.600470,六国化工,5.13,5.13,5.16,5.11,5.14,0.19493177387914784,0.974658869395708,4235802,21759068.28,2023-10-31,0.8121,2681024000.0,2681024000.0,1.4984,-175.3544
356,SHSE.600475,华光环能,9.65,9.7,9.73,9.45,9.55,-1.036269430051806,2.9015544041450894,3690329,35245518.16,2023-10-31,0.3945,9011982776.9,8933201264.75,1.1291,12.0693
357,SHSE.600476,湘邮科技,16.23,16.3,16.45,15.67,16.43,1.2322858903265566,4.8059149722735635,9199001,147720882.81,2023-10-31,5.7112,2646380100.0,2646380100.0,25.7327,-82.3678
358,SHSE.600477,杭萧钢构,3.47,3.48,3.49,3.44,3.45,-0.5763688760806907,1.4409221902017366,13170445,45557143.89,2023-10-31,0.556,8173433474.4,8172933217.5,1.5569,28.5406
359,SHSE.600478,科力远,5.36,5.38,5.4,5.27,5.29,-1.3059701492537323,2.4253731343283724,9775450,51963756.76,2023-10-31,0.5869,8810711445.64,8810711445.64,3.127,246.5205
360,SHSE.600479,千金药业,11.24,11.17,11.3,11.14,11.2,-0.3558718861210064,1.4234875444839872,7315800,82059867.0,2023-10-31,1.7481,4808687710.4,4687279710.4,2.111,15.3458
361,SHSE.600480,凌云股份,8.54,8.48,8.52,8.13,8.19,-4.098360655737698,4.566744730679143,29445021,243585372.74,2023-10-31,3.2111,7703562402.9,7509946707.9,1.1295,13.6529
362,SHSE.600481,双良节能,9.5,9.49,9.58,9.33,9.36,-1.473684210526327,2.631578947368421,12660871,119079006.13,2023-10-31,0.6768,17509389309.36,17509389309.36,2.6138,11.4531
363,SHSE.600482,中国动力,17.94,17.81,18.25,17.8,17.97,0.16722408026754731,2.508361204013374,7450585,133991943.62,2023-10-31,0.3628,39295328839.35,36900831388.92,1.0811,86.0752
364,SHSE.600483,福能股份,8.56,8.51,8.57,8.43,8.56,0.0,1.6355140186915953,6666033,56747718.27,2023-10-31,0.2623,21750478303.12,21750478303.12,1.0515,8.3007
365,SHSE.600486,扬农化工,67.0,67.0,67.82,66.53,67.56,0.8358208955223878,1.9253731343283464,1170732,78592328.4,2023-10-31,0.2906,27454401046.44,27217801197.24,2.8848,18.102
366,SHSE.600487,亨通光电,13.53,13.43,13.43,13.07,13.18,-2.5868440502586854,2.6607538802660713,40566720,534532773.81,2023-10-31,1.6446,32511562779.26,32511562779.26,1.3078,16.5215
367,SHSE.600488,津药药业,5.2,5.21,5.24,5.15,5.23,0.5769230769230749,1.7307692307692282,10342912,53924715.4,2023-10-31,0.9473,5721267916.4,5710567336.4,1.8325,42.1851
368,SHSE.600489,中金黄金,10.9,10.85,11.03,10.82,10.95,0.4587155963302614,1.9266055045871473,39922087,436141675.56,2023-10-31,0.8236,53078072575.8,53078072575.8,2.1313,20.2169
369,SHSE.600490,鹏欣资源,3.04,3.04,3.05,3.0,3.02,-0.6578947368421018,1.644736842105257,19681717,59440868.34,2023-10-31,0.9877,6682918978.58,6017716585.72,1.0898,-19.2525
370,SHSE.600491,龙元建设,4.45,4.43,4.43,4.36,4.41,-0.8988764044943864,1.5730337078651548,14969945,65796424.31,2023-10-31,0.9786,6746232581.55,6746232581.55,0.5836,-5.786
371,SHSE.600493,凤竹纺织,6.29,6.32,6.71,6.22,6.46,2.7027027027026973,7.790143084260735,23787834,154317008.16,2023-10-31,8.7455,1757120000.0,1757120000.0,1.9472,26.61
372,SHSE.600495,晋西车轴,3.87,3.86,3.92,3.86,3.88,0.2583979328165231,1.5503875968992262,8336320,32373106.4,2023-10-31,0.69,4687780637.68,4687780637.68,1.4499,413.9324
373,SHSE.600496,精工钢构,3.33,3.34,3.34,3.28,3.29,-1.2012012012012074,1.8018018018018036,18048427,59621674.07,2023-10-31,0.8966,6622387063.74,6622387063.74,0.7929,11.2225
374,SHSE.600497,驰宏锌锗,5.16,5.17,5.21,5.15,5.17,0.19379844961240345,1.162790697674411,38203047,197478109.79,2023-10-31,0.7504,26321977406.56,26321977406.56,1.6525,29.9637
375,SHSE.600498,烽火通信,17.99,17.79,18.26,17.72,17.97,-0.11117287381878782,3.0016675931072974,18177677,326457798.84,2023-10-31,1.6064,21322571019.39,20333879589.39,1.8289,48.7493
376,SHSE.600499,科达制造,10.92,10.87,10.93,10.8,10.89,-0.27472527472527375,1.1904761904761814,6882503,74764648.69,2023-10-31,0.3532,21218293026.81,21218293026.81,1.8402,7.9494
377,SHSE.600500,中化国际,4.99,5.0,5.02,4.94,4.97,-0.40080160320642433,1.603206412825635,7244510,36001985.2,2023-10-31,0.232,17839079007.61,15518059147.85,1.0695,-34.3757
378,SHSE.600501,航天晨光,13.65,13.97,15.0,13.71,14.01,2.637362637362628,9.450549450549445,28752185,408424095.49,2023-10-31,6.8249,6046976586.0,5902183236.0,2.6713,119.9651
379,SHSE.600502,安徽建工,4.81,4.79,4.84,4.79,4.82,0.20790020790022457,1.039501039501036,28626985,137851356.06,2023-10-31,1.6677,8273693581.16,8273693581.16,0.877,5.4635
380,SHSE.600503,华丽家族,2.73,2.73,2.77,2.67,2.75,0.73260073260073,3.663003663003666,61267006,166633736.13,2023-10-31,3.8237,4406297500.0,4406297500.0,1.1814,210.1009
381,SHSE.600505,西昌电力,7.8,7.82,7.84,7.65,7.68,-1.538461538461544,2.4358974358974295,4787265,36994757.35,2023-10-31,1.3131,2799878400.0,2799878400.0,2.2839,-111.9947
382,SHSE.600506,统一股份,10.51,10.54,10.56,10.42,10.54,0.2854424357754404,1.3320647002854478,1668400,17527358.0,2023-10-31,1.1295,2023879564.36,1556830441.42,4.7961,-87.5014
383,SHSE.600507,方大特钢,4.92,4.9,5.04,4.9,4.97,1.0162601626016121,2.8455284552845463,26549328,132128449.93,2023-10-31,1.1834,11585369308.31,11150220958.31,1.2882,34.0627
384,SHSE.600508,上海能源,13.35,13.33,13.44,13.28,13.4,0.3745318352059934,1.1985018726591772,5047663,67461981.82,2023-10-31,0.6984,9684421200.0,9684421200.0,0.7428,10.234
385,SHSE.600509,天富能源,6.27,6.23,6.37,6.22,6.24,-0.4784688995215225,2.3923444976076613,7919588,49735710.52,2023-10-31,0.6878,8605163467.68,7184829706.08,1.1701,10.1027
386,SHSE.600510,黑牡丹,5.8,5.8,5.91,5.7,5.82,0.34482758620690834,3.6206896551724133,27638101,160426395.93,2023-10-31,2.6993,6056058041.82,5959178473.14,0.5957,7.8871
387,SHSE.600511,国药股份,28.9,28.84,29.0,28.19,28.78,-0.41522491349480495,2.8027681660899613,7406928,211145823.92,2023-10-31,1.3386,21714596282.44,15925310082.72,1.4392,10.886
388,SHSE.600512,腾达建设,2.61,2.6,2.61,2.58,2.6,-0.3831417624520994,1.1494252873563144,12910300,33463693.0,2023-10-31,0.8158,4157147363.2,4114441734.0,0.6666,12.2719
389,SHSE.600513,联环药业,10.07,10.08,10.11,9.93,10.03,-0.3972194637537285,1.7874875868917548,4684200,46972309.0,2023-10-31,1.641,2880071110.22,2863126388.1,2.2015,21.998
390,SHSE.600515,海南机场,3.81,3.8,3.84,3.76,3.81,0.0,2.0997375328084007,22401521,85055486.89,2023-10-31,0.2441,43530429583.62,34960607655.48,1.8794,46.1875
391,SHSE.600516,方大炭素,5.96,5.92,5.96,5.88,5.9,-1.0067114093959662,1.342281879194632,20513740,121098479.66,2023-10-31,0.5095,23753225171.2,23753225171.2,1.3725,31.3568
392,SHSE.600517,国网英大,4.93,4.95,4.95,4.89,4.9,-0.6085192697768638,1.2170385395537628,9176287,45045473.17,2023-10-31,0.1605,28020335145.6,28020335145.6,1.4173,20.0639
393,SHSE.600518,ST康美,1.89,1.89,1.89,1.87,1.87,-1.058201058201047,1.0582010582010475,45087238,84663407.06,2023-10-31,0.3312,25925430710.3,25456175556.35,3.8121,-13.2889
394,SHSE.600519,贵州茅台,1681.0,1680.0,1690.0,1667.85,1684.58,0.21296847114811168,1.3176680547293331,1985877,3335804698.65,2023-10-31,0.1581,2116165689924.0,2116165689924.0,9.7157,29.7244
395,SHSE.600520,文一科技,22.11,23.9,24.32,21.5,22.5,1.7639077340569909,12.754409769335142,72719497,1683394872.98,2023-10-31,45.9001,3564675000.0,3564675000.0,10.3421,-38.0462
396,SHSE.600521,华海药业,16.11,15.97,16.25,15.9,16.17,0.3724394785847407,2.172563625077589,9583563,154701941.51,2023-10-31,0.6588,23972140065.72,23521095055.92,3.0591,21.8964
397,SHSE.600522,中天科技,14.64,14.5,14.56,13.61,13.99,-4.439890710382521,6.489071038251374,102230060,1433131236.89,2023-10-31,2.9954,47747165631.48,47747165631.48,1.4553,14.0291
398,SHSE.600523,贵航股份,13.09,13.14,13.2,12.91,13.02,-0.5347593582887722,2.2154316271963266,2920567,38128266.93,2023-10-31,0.7228,5264133386.4,5260660952.4,1.8215,36.969
399,SHSE.600525,长园集团,5.52,5.5,5.52,5.4,5.43,-1.6304347826086918,2.173913043478247,22478356,122408417.63,2023-10-31,1.7215,7140043575.36,7090359075.36,1.3774,16.7087
400,SHSE.600526,菲达环保,4.75,4.77,4.77,4.72,4.75,0.0,1.0526315789473648,4154869,19689826.17,2023-10-31,0.5839,4213977415.0,3380223846.75,1.0544,22.7256
401,SHSE.600527,江南高纤,1.97,1.98,1.99,1.95,1.96,-0.5076142131979711,2.0304568527918803,12241482,24096568.3,2023-10-31,0.7069,3394251367.92,3394251367.92,1.5361,56.3099
402,SHSE.600528,中铁工业,8.16,8.14,8.18,7.98,8.04,-1.4705882352941346,2.450980392156854,13183240,106063835.28,2023-10-31,0.5934,17861274767.52,17861274767.52,0.7969,9.5263
403,SHSE.600529,山东药玻,27.37,27.18,28.13,26.8,27.63,0.9499451954694926,4.859335038363165,8169829,226309588.37,2023-10-31,1.2311,18335657942.19,18335657942.19,2.4862,24.8545
404,SHSE.600530,ST交昂,2.24,2.24,2.26,2.22,2.24,0.0,1.7857142857142672,4876500,10927061.0,2023-10-31,0.6293,1735820800.0,1735820800.0,5.7999,-3.126
405,SHSE.600531,豫光金铅,6.25,6.29,6.35,6.15,6.17,-1.2800000000000034,3.199999999999989,25152165,156652915.07,2023-10-31,2.307,6726797051.78,6726797051.78,1.422,10.484
406,SHSE.600533,栖霞建设,3.02,3.01,3.04,2.98,3.04,0.6622516556291425,1.986754966887419,11569151,34893439.49,2023-10-31,1.1018,3192000000.0,3192000000.0,0.7364,-84.0987
407,SHSE.600535,天士力,14.86,14.86,15.18,14.71,14.81,-0.3364737550470953,3.1628532974427923,17372647,259094534.28,2023-10-31,1.1584,22210558925.3,22210558925.3,1.7908,19.8305
408,SHSE.600536,中国软件,34.99,34.88,35.17,33.92,34.35,-1.8290940268648193,3.5724492712203486,15516473,532604087.74,2023-10-31,1.8565,29548053532.05,28710111388.05,14.0398,2022.8105
409,SHSE.600537,亿晶光电,5.29,5.27,5.28,5.15,5.17,-2.2684310018903586,2.457466918714554,29143609,151567248.98,2023-10-31,2.4637,6179649393.06,6115670643.06,2.2064,16.229
410,SHSE.600538,国发股份,4.41,4.42,4.45,4.38,4.42,0.22675736961450532,1.5873015873015939,4274300,18898812.0,2023-10-31,0.8154,2316956698.16,2316956698.16,2.4758,-168.9128
411,SHSE.600539,狮头股份,6.82,6.82,6.93,6.79,6.85,0.4398826979472137,2.0527859237536608,4099700,28098034.0,2023-10-31,1.7825,1575500000.0,1575500000.0,3.8135,-821.6571
412,SHSE.600540,新赛股份,5.65,5.6,5.72,5.35,5.43,-3.8938053097345215,6.548672566371683,22439867,123840648.56,2023-10-31,3.8598,3156876892.8,3156876892.8,3.9379,-21.235
413,SHSE.600543,*ST莫高,5.53,5.52,5.56,5.49,5.51,-0.3616636528029016,1.2658227848101156,1586600,8750874.0,2023-10-31,0.4941,1769371200.0,1769371200.0,1.8804,-19.5494
414,SHSE.600545,卓郎智能,2.68,2.68,2.73,2.61,2.62,-2.23880597014926,4.4776119402985115,34616870,92010274.14,2023-10-31,1.9362,4684330021.64,4684330021.64,1.4394,-8.1463
415,SHSE.600546,山煤国际,15.99,15.91,16.44,15.91,16.28,1.8136335209506083,3.3145716072545413,28847400,468139550.73,2023-10-31,1.4551,32274385959.2,32274385959.2,2.067,5.7951
416,SHSE.600547,山东黄金,24.02,24.05,24.06,23.7,23.89,-0.5412156536219737,1.4987510407993314,21592631,514602726.84,2023-10-31,0.5974,106870231352.25,86349051559.83,4.4956,56.3038
417,SHSE.600548,深高速,9.6,9.56,9.76,9.54,9.67,0.7291666666666696,2.2916666666666736,2415601,23353328.67,2023-10-31,0.1685,21088049052.42,13859724052.42,1.2106,13.7401
418,SHSE.600549,厦门钨业,16.91,16.89,17.09,16.81,16.95,0.23654642223536193,1.6558249556475526,5905001,99951708.67,2023-10-31,0.4185,24039934140.0,23916643230.0,2.242,18.4765
419,SHSE.600550,保变电气,4.57,4.58,4.6,4.48,4.51,-1.3129102844639085,2.625820568927773,5549226,25133015.4,2023-10-31,0.3013,8305293444.8,8305293444.8,12.5987,-190.4371
420,SHSE.600551,时代出版,10.49,10.51,10.61,10.25,10.4,-0.8579599618684486,3.4318398474737792,4623273,47957639.64,2023-10-31,0.9546,5036981778.4,5036981778.4,0.9331,13.3302
421,SHSE.600552,凯盛科技,11.71,11.56,11.76,11.44,11.51,-1.707941929974388,2.7327070879590116,14334933,166152918.63,2023-10-31,1.6009,10872425349.94,10306216555.73,2.673,107.494
422,SHSE.600556,天下秀,6.03,6.05,6.09,5.93,6.01,-0.3316749585406398,2.6533996683250436,19179444,114909705.82,2023-10-31,1.061,10864563328.42,10864563328.42,2.8168,122.7015
423,SHSE.600557,康缘药业,17.09,17.07,17.1,16.6,16.77,-1.8724400234054972,2.925687536571094,12487480,210309712.93,2023-10-31,2.1586,9803707655.04,9701397239.04,1.9611,19.5038
424,SHSE.600558,大西洋,3.75,3.76,3.77,3.7,3.72,-0.7999999999999896,1.8666666666666623,6123700,22824572.0,2023-10-31,0.6822,3339089971.32,3339089971.32,1.5018,36.6284
425,SHSE.600559,老白干酒,23.89,23.89,24.08,23.6,23.8,-0.37672666387610354,2.009208874005847,21601515,514075498.12,2023-10-31,2.4074,21770989167.2,21355441167.2,4.7908,36.7502
426,SHSE.600560,金自天正,13.28,13.28,13.45,13.04,13.17,-0.8283132530120474,3.0873493975903625,4625000,61191035.0,2023-10-31,2.068,2945411235.0,2945411235.0,3.3016,67.5193
427,SHSE.600561,江西长运,6.17,6.17,6.2,6.05,6.13,-0.648298217179899,2.431118314424641,6790200,41476480.0,2023-10-31,2.3869,1743842784.0,1743842784.0,1.8985,-57.5023
428,SHSE.600562,国睿科技,14.34,14.36,14.45,14.22,14.28,-0.4184100418410108,1.6039051603905068,4425693,63305071.68,2023-10-31,0.3609,17733729955.2,17510217110.4,3.3236,30.5393
429,SHSE.600563,法拉电子,103.57,103.19,104.27,98.95,99.81,-3.630394901998635,5.136622574104464,4203134,421383191.1,2023-10-31,1.8681,22457250000.0,22457250000.0,5.1161,21.8054
430,SHSE.600565,迪马股份,1.59,1.59,1.6,1.55,1.57,-1.2578616352201255,3.1446540880503173,36796500,57634587.0,2023-10-31,1.4769,3911664865.88,3911664865.88,0.8343,-0.9587
431,SHSE.600566,济川药业,26.91,26.86,27.24,26.65,27.09,0.6688963210702337,2.1924934968413226,6715986,181470671.84,2023-10-31,0.7334,24976889519.4,24807617654.4,2.0037,9.9005
432,SHSE.600567,山鹰国际,2.2,2.19,2.22,2.18,2.19,-0.454545454545463,1.8181818181818195,24507807,53829013.33,2023-10-31,0.5482,9790541403.69,9790541403.69,0.7575,-4.0328
433,SHSE.600568,ST中珠,1.71,1.7,1.71,1.69,1.71,0.0,1.1695906432748548,6965180,11844796.0,2023-10-31,0.4451,3407807154.51,2676061572.48,1.341,-3.3724
434,SHSE.600569,安阳钢铁,2.31,2.31,2.36,2.29,2.33,0.8658008658008587,3.0303030303030236,23359335,54253174.3,2023-10-31,0.8132,6692741829.38,6692741829.38,1.0159,-3.2867
435,SHSE.600570,恒生电子,31.68,31.81,31.87,30.84,31.12,-1.7676767676767624,3.25126262626263,21796383,679378637.88,2023-10-31,1.1472,59128200475.04,59128200475.04,8.1844,35.0631
436,SHSE.600571,信雅达,9.45,9.54,9.8,9.5,9.59,1.4814814814814836,3.174603174603182,11518462,111054015.2,2023-10-31,2.5847,4476571808.31,4273692423.77,3.979,-377.1168
437,SHSE.600572,康恩贝,5.25,5.23,5.32,5.21,5.24,-0.19047619047618536,2.0952380952381016,46837679,246114766.24,2023-10-31,1.8272,13466995551.56,13431668241.84,1.8902,17.9081
438,SHSE.600573,惠泉啤酒,10.37,10.32,10.51,10.31,10.46,0.8678881388621162,1.9286403085824428,3760100,39182585.0,2023-10-31,1.504,2615000000.0,2615000000.0,2.0701,47.6938
439,SHSE.600575,淮河能源,2.58,2.57,2.61,2.56,2.59,0.3875968992248069,1.937984496124024,24733800,64049982.0,2023-10-31,0.6364,10065416158.35,10065416158.35,0.9215,36.1119
440,SHSE.600576,祥源文旅,7.39,7.26,7.39,7.15,7.23,-2.1650879566982306,3.247631935047352,7484803,54126849.99,2023-10-31,1.1119,7716754009.38,4866989088.27,2.8571,67.421
441,SHSE.600577,精达股份,4.14,4.12,4.14,4.07,4.09,-1.207729468599028,1.690821256038633,17380000,71200111.0,2023-10-31,0.8708,8503813774.48,8162980442.51,1.6572,20.0411
442,SHSE.600578,京能电力,2.99,2.99,3.02,2.95,2.99,0.0,2.341137123745814,15535702,46253600.76,2023-10-31,0.2321,20016916834.85,20016916834.85,0.9525,23.418
443,SHSE.600579,克劳斯,7.19,7.21,7.24,7.09,7.13,-0.8344923504867929,2.086230876216973,2993000,21386913.0,2023-10-31,0.6013,3549203905.67,3549203905.67,1.5267,-1.4589
444,SHSE.600580,卧龙电驱,11.61,11.6,11.68,11.19,11.23,-3.273040482342804,4.220499569336781,26695342,302848924.25,2023-10-31,2.0405,14726641594.98,14692109344.98,1.5,15.6722
445,SHSE.600581,八一钢铁,4.03,4.04,4.06,3.98,4.03,0.0,1.985111662531008,14414436,57893904.12,2023-10-31,0.9403,6227246755.6,6177578416.1,2.7974,-4.1569
446,SHSE.600582,天地科技,5.18,5.2,5.21,5.14,5.16,-0.3861003861003742,1.351351351351357,19337625,99892383.91,2023-10-31,0.4673,21355118682.72,21355118682.72,0.945,9.1889
447,SHSE.600583,海油工程,6.22,6.2,6.26,6.09,6.21,-0.1607717041800627,2.733118971061092,31386035,193803302.98,2023-10-31,0.7099,27456613308.0,27456613308.0,1.1167,13.7624
448,SHSE.600584,长电科技,30.61,30.62,30.93,30.34,30.8,0.6207121855602793,1.9274746814766412,28114803,861090852.35,2023-10-31,1.5719,55089417922.0,55089417922.0,2.1364,31.4394
449,SHSE.600585,海螺水泥,24.33,24.33,24.5,23.96,24.19,-0.5754212905877409,2.219482120838468,13051580,315067786.79,2023-10-31,0.3263,128190129386.01,96752805386.01,0.696,10.7594
450,SHSE.600586,金晶科技,6.86,6.83,6.86,6.77,6.84,-0.291545189504383,1.31195335276969,9855106,67186428.86,2023-10-31,0.6898,9772786800.0,9772786800.0,1.7029,26.8863
451,SHSE.600587,新华医疗,23.93,24.07,24.48,23.85,24.16,0.9611366485583028,2.632678646050978,7273993,175967622.55,2023-10-31,1.6406,11275036854.24,10711677090.88,1.5615,17.0491
452,SHSE.600588,用友网络,16.43,16.43,16.53,16.21,16.37,-0.36518563603163967,1.947656725502132,13843934,225994469.62,2023-10-31,0.4051,56200206959.93,55936247585.33,5.5683,-206.8345
453,SHSE.600589,*ST榕泰,4.63,4.4,4.4,4.4,4.4,-4.967602591792641,0.0,1138800,5010720.0,2023-10-31,0.1618,3097746436.4,3097746436.4,-3.8999,-4.3048
454,SHSE.600590,泰豪科技,6.55,6.52,6.59,6.47,6.51,-0.6106870229007688,1.8320610687022918,10821030,70592263.87,2023-10-31,1.2828,5552182072.5,5491637594.73,1.5304,-149.0852
455,SHSE.600592,龙溪股份,9.82,9.8,10.0,9.7,9.84,0.20366598778003286,3.054989816700618,19701288,193933106.39,2023-10-31,4.9308,3931607138.64,3931607138.64,1.6382,20.2774
456,SHSE.600593,大连圣亚,16.09,16.12,16.85,16.12,16.49,2.48601615910502,4.53697949036669,3913300,64650743.2,2023-10-31,3.0383,2123912000.0,2123912000.0,7.1512,25.9921
457,SHSE.600594,益佰制药,5.74,5.69,5.81,5.69,5.76,0.34843205574912606,2.09059233449476,15257322,88039773.72,2023-10-31,1.9266,4561501824.0,4561501824.0,1.4192,-10.0785
458,SHSE.600595,中孚实业,3.34,3.31,3.44,3.3,3.4,1.7964071856287456,4.19161676646707,50971937,172793015.89,2023-10-31,1.2857,13633609387.6,13479572387.6,1.0274,19.7589
459,SHSE.600596,新安股份,9.77,9.78,9.83,9.68,9.78,0.10235414534287557,1.5353121801432996,7040343,68623381.23,2023-10-31,0.684,11205401161.2,10066226761.2,1.0275,42.5419
460,SHSE.600597,光明乳业,9.5,9.5,9.56,9.4,9.44,-0.6315789473684275,1.6842105263157907,16698320,158055116.34,2023-10-31,1.2114,13012792322.72,13012618626.72,1.5994,41.4576
461,SHSE.600598,北大荒,12.74,12.7,12.81,12.68,12.74,0.0,1.0204081632653124,7970586,101695208.67,2023-10-31,0.4484,22647642040.66,22647642040.66,2.9273,23.0843
462,SHSE.600599,ST熊猫,14.79,14.23,14.29,14.05,14.05,-5.003380662609858,1.6227180527383263,1338100,18897491.0,2023-10-31,0.8061,2332300000.0,2332300000.0,2.7967,36.5492
463,SHSE.600600,青岛啤酒,83.8,83.8,84.0,82.1,83.57,-0.27446300715990857,2.267303102625305,4107601,341468756.86,2023-10-31,0.5829,114008934260.3,58891646457.98,4.0569,26.2009
464,SHSE.600601,方正科技,3.33,3.28,3.28,3.13,3.15,-5.405405405405405,4.504504504504501,101516075,323191839.26,2023-10-31,2.4343,13136423854.05,13136423854.05,3.455,98.4795
465,SHSE.600602,云赛智联,12.97,12.85,12.87,12.41,12.56,-3.16114109483423,3.546646106399376,30978123,389919065.43,2023-10-31,2.8836,17177978594.8,13493245554.4,3.6935,93.2785
466,SHSE.600603,广汇物流,7.27,7.21,7.3,6.92,6.98,-3.9889958734525277,5.226960110041264,14133312,99767534.25,2023-10-31,1.1485,8589240053.98,8589240053.98,1.3963,11.5853
467,SHSE.600604,市北高新,4.57,4.57,4.62,4.52,4.6,0.6564551422319376,2.1881838074398363,8863400,40479755.0,2023-10-31,0.6297,8617202098.4,6474292098.4,1.3193,518.449
468,SHSE.600605,汇通能源,19.26,19.3,19.4,19.0,19.27,0.05192107995846129,2.076843198338518,1494200,28648984.0,2023-10-31,0.7243,3975062406.83,3975062406.83,3.1056,116.8115
469,SHSE.600606,绿地控股,2.56,2.55,2.57,2.51,2.55,-0.3906250000000111,2.343750000000002,46432162,117934838.39,2023-10-31,0.3304,35838256700.7,35838256700.7,0.384,-10.3155
470,SHSE.600608,ST沪科,4.0,4.01,4.12,3.97,4.1,2.499999999999991,3.749999999999998,2086430,8435858.5,2023-10-31,0.6553,1348331908.1,1305322908.1,20.4783,2970.9963
471,SHSE.600609,金杯汽车,4.72,4.73,4.78,4.7,4.72,0.0,1.6949152542372898,8502794,40206512.68,2023-10-31,0.6485,6188866633.76,6188866633.76,5.509,29.7536
472,SHSE.600610,中毅达,7.47,7.58,7.77,7.25,7.35,-1.6064257028112428,6.96117804551539,36179271,268806659.59,2023-10-31,8.0627,7873868346.75,3298141281.75,83.7841,-100.0775
473,SHSE.600611,大众交通,3.07,3.06,3.08,3.03,3.05,-0.6514657980456029,1.6286644951140152,10993100,33511927.0,2023-10-31,0.7032,7210574735.2,4768114910.2,0.768,19.3905
474,SHSE.600612,老凤祥,61.78,62.15,62.88,61.48,62.23,0.7283910650695891,2.2661055357721036,2522530,157191867.62,2023-10-31,0.7955,32553618453.72,19733732274.9,2.8747,14.1001
475,SHSE.600613,神奇制药,7.9,7.88,8.15,7.8,7.94,0.5063291139240533,4.430379746835449,27510825,220042993.82,2023-10-31,5.7396,4240528726.32,3805800625.32,1.8095,71.8977
476,SHSE.600615,丰华股份,10.07,10.07,10.25,9.69,9.78,-2.8798411122145096,5.56107249255214,10890700,107815845.0,2023-10-31,5.8045,1838840568.24,1834967688.24,2.9005,-1546.4795
477,SHSE.600616,金枫酒业,6.3,6.26,6.31,6.22,6.25,-0.7936507936507908,1.4285714285714262,3770026,23593914.12,2023-10-31,0.5635,4181280937.5,4181280937.5,2.0831,29.777
478,SHSE.600617,国新能源,4.17,4.17,4.18,4.1,4.13,-0.959232613908878,1.9184652278177474,7889229,32551305.35,2023-10-31,0.8092,5691115740.38,4026396240.72,1.5725,108.8918
479,SHSE.600618,氯碱化工,8.77,8.82,8.99,8.77,8.98,2.3945267958951133,2.5085518814139185,5284401,47142653.84,2023-10-31,0.7047,10384471784.48,6733562984.48,1.3294,15.349
480,SHSE.600619,海立股份,6.83,6.77,7.51,6.71,7.51,9.956076134699842,11.713030746705707,84238445,616041696.82,2023-10-31,10.6742,8135428339.06,5926702732.98,1.3586,-71.8544
481,SHSE.600620,天宸股份,10.37,10.45,10.48,10.14,10.16,-2.0250723240115676,3.2786885245901627,6065123,62151963.14,2023-10-31,0.8833,6976639468.08,6976639468.08,3.6139,69.5669
482,SHSE.600621,华鑫股份,12.42,12.4,12.58,12.23,12.3,-0.9661835748792202,2.8180354267310763,29053869,359661729.64,2023-10-31,2.7386,13049061291.6,13049061291.6,1.6872,24.9427
483,SHSE.600622,光大嘉宝,2.71,2.71,2.73,2.66,2.72,0.3690036900369176,2.583025830258297,14483610,39157349.88,2023-10-31,0.9658,4079144293.44,4079144293.44,0.6256,-7.6729
484,SHSE.600623,华谊集团,6.31,6.5,6.94,6.45,6.81,7.923930269413626,7.765451664025361,58258014,397285427.38,2023-10-31,3.1285,14515171762.38,12681559956.03,0.6611,17.9926
485,SHSE.600624,复旦复华,5.84,5.84,5.94,5.81,5.91,1.1986301369863117,2.2260273972602875,6470501,38168298.97,2023-10-31,0.945,4046647979.1,4046647979.1,4.6875,-214.3274
486,SHSE.600626,申达股份,3.61,3.59,3.63,3.57,3.6,-0.27700831024930483,1.6620498614958463,5878900,21144997.0,2023-10-31,0.6898,4754680801.2,3068248737.6,1.4437,-16.6799
487,SHSE.600628,新世界,7.17,7.23,7.26,7.11,7.17,0.0,2.0920502092050137,3493800,25041637.0,2023-10-31,0.5401,4638096503.28,4638096503.28,1.0939,146.4174
488,SHSE.600629,华建集团,5.44,5.48,5.48,5.33,5.35,-1.6544117647058987,2.757352941176477,17777719,95663889.82,2023-10-31,1.8819,5192474803.3,5053925403.9,1.0796,13.0989
489,SHSE.600630,龙头股份,7.81,7.83,8.59,7.83,8.59,9.98719590268886,9.731113956466068,61441426,521983891.75,2023-10-31,14.4615,3649561118.23,3649561118.23,5.2536,-7.9032
490,SHSE.600633,浙数文化,11.69,11.75,11.87,11.54,11.66,-0.2566295979469557,2.822925577416596,33934392,396476759.93,2023-10-31,2.681,14758417898.18,14758417898.18,1.4915,17.9655
491,SHSE.600635,大众公用,3.24,3.21,3.22,3.05,3.06,-5.555555555555558,5.246913580246925,47088950,145470343.0,2023-10-31,1.9468,9034450105.5,7401502525.5,1.0776,101.7214
492,SHSE.600636,国新文化,9.41,9.39,9.62,9.39,9.46,0.5313496280552776,2.444208289054183,6175100,58595461.0,2023-10-31,1.402,4166647871.1,4166647871.1,1.5443,34.1699
493,SHSE.600637,东方明珠,7.31,7.4,7.43,7.32,7.38,0.9575923392612928,1.5047879616962987,18987776,140059154.91,2023-10-31,0.5561,25199011483.38,25199011483.38,0.8464,39.0237
494,SHSE.600638,新黄浦,5.82,5.76,5.91,5.71,5.81,-0.1718213058419349,3.436426116838491,5547140,32210449.4,2023-10-31,0.8238,3912435326.66,3912435326.66,0.8802,61.6153
495,SHSE.600639,浦东金桥,11.13,11.11,11.25,11.09,11.24,0.9883198562443685,1.4375561545372877,5457798,60977452.76,2023-10-31,0.6419,12615920917.32,9556660541.72,0.9013,5.8907
496,SHSE.600640,国脉文化,10.2,10.2,10.39,10.06,10.11,-0.8823529411764675,3.2352941176470598,3272105,33402754.35,2023-10-31,0.4112,8044485953.4,8044485953.4,2.0194,-112.7255
497,SHSE.600641,万业企业,16.45,16.56,18.1,16.56,18.1,10.030395136778125,9.36170212765959,45425586,795412637.71,2023-10-31,4.8812,16844401552.0,16844401552.0,1.9957,31.5068
498,SHSE.600642,申能股份,6.04,6.02,6.05,5.85,5.89,-2.4834437086092787,3.3112582781456985,30340450,178970156.7,2023-10-31,0.6237,28916532604.54,28654486504.54,0.8849,11.8556
499,SHSE.600643,爱建集团,5.23,5.23,5.26,5.18,5.21,-0.3824091778202754,1.5296367112810718,7291751,38019190.2,2023-10-31,0.4504,8450215974.92,8435528661.9,0.6607,29.0793
500,SHSE.600644,乐山电力,6.93,6.86,6.95,6.83,6.88,-0.721500721500723,1.7316017316017334,5366700,36889328.0,2023-10-31,0.9968,3704196533.92,3704196533.92,1.9874,119.2919
501,SHSE.600645,中源协和,19.65,19.62,21.62,19.59,21.02,6.972010178117061,10.330788804071252,31758327,659733179.69,2023-10-31,6.7893,9836285667.8,9832528868.3,2.6591,75.1159
502,SHSE.600647,*ST同达,12.15,12.12,12.16,12.05,12.09,-0.4938271604938316,0.9053497942386783,446700,5405365.0,2023-10-31,0.321,1682245519.5,1682245519.5,5.8364,-80.641
503,SHSE.600648,外高桥,11.35,10.71,10.78,10.56,10.72,-5.550660792951534,1.9383259911894175,12160753,129310625.67,2023-10-31,1.3009,12170942609.28,10020966209.28,0.9938,11.5806
504,SHSE.600649,城投控股,4.06,4.05,4.11,3.99,4.1,0.9852216748768461,2.955665024630545,25484529,103574682.78,2023-10-31,1.0075,10371260099.4,10371260099.4,0.5007,13.4429
505,SHSE.600650,锦江在线,9.24,9.24,9.31,9.23,9.31,0.7575757575757569,0.8658008658008665,962700,8924905.0,2023-10-31,0.2465,5135490096.17,3636114298.25,1.3308,41.8653
506,SHSE.600651,飞乐音响,3.43,3.42,3.44,3.38,3.41,-0.5830903790087438,1.7492711370262406,8267072,28131838.79,2023-10-31,0.5918,8548965531.15,4763307528.98,3.5683,726.9118
507,SHSE.600653,申华控股,1.9,1.91,1.91,1.86,1.88,-1.0526315789473717,2.631578947368412,13743311,25814999.57,2023-10-31,0.7061,3659194995.96,3659194995.96,4.0425,-17.3513
508,SHSE.600654,ST中安,2.21,2.21,2.28,2.16,2.2,-0.4524886877827927,5.42986425339365,11785894,26130672.06,2023-10-31,0.5165,6299304000.0,5020448756.4,4.168,12.3864
509,SHSE.600655,豫园股份,6.6,6.58,6.59,6.43,6.5,-1.5151515151515138,2.4242424242424265,34360171,222947804.12,2023-10-31,0.8849,25317146744.5,25240027247.5,0.6964,4.7951
510,SHSE.600657,信达地产,3.9,3.9,3.92,3.83,3.9,0.0,2.307692307692304,20109951,77839460.38,2023-10-31,0.7051,11122326520.5,11122326520.5,0.4561,30.8509
511,SHSE.600658,电子城,4.4,4.41,4.47,4.38,4.45,1.1363636363636243,2.045454545454542,11573800,51255264.0,2023-10-31,1.0347,4977703450.25,4977703450.25,0.6593,8.899
512,SHSE.600660,福耀玻璃,37.63,37.68,37.69,37.06,37.2,-1.1427052883337785,1.6741961201169158,7449889,277855472.78,2023-10-31,0.3719,97082459390.4,74511091550.4,3.227,19.4917
513,SHSE.600661,昂立教育,8.7,8.61,8.79,8.61,8.72,0.22988505747127963,2.0689655172413763,3921901,34154982.32,2023-10-31,1.3687,2498705797.6,2498705797.6,11.0001,-28.7207
514,SHSE.600662,外服控股,5.16,5.13,5.18,5.11,5.13,-0.5813953488372103,1.35658914728681,4376166,22445144.38,2023-10-31,0.4154,11715440764.5,5403748039.83,2.8389,20.1042
515,SHSE.600663,陆家嘴,9.09,9.09,9.18,9.04,9.16,0.7700770077007757,1.5401540154015463,5320893,48545074.55,2023-10-31,0.1814,44086452146.12,26870506790.4,1.9605,57.7566
516,SHSE.600664,哈药股份,3.65,3.65,3.7,3.62,3.64,-0.2739726027397249,2.1917808219178103,47798053,174493297.17,2023-10-31,1.8981,9176105032.64,9166025508.64,1.9843,15.3332
517,SHSE.600665,天地源,3.85,3.85,3.9,3.76,3.86,0.2597402597402487,3.63636363636364,11495696,44097640.8,2023-10-31,1.3303,3335512931.06,3335512931.06,0.7777,11.9733
518,SHSE.600666,ST瑞德,2.36,2.36,2.39,2.31,2.32,-1.6949152542372947,3.3898305084745797,18529419,43394392.52,2023-10-31,0.7658,6411349795.76,5613826809.2,4.0966,15.0005
519,SHSE.600667,太极实业,6.44,6.63,6.76,6.43,6.46,0.31055900621117516,5.124223602484473,47443313,311135850.63,2023-10-31,2.2526,13605988549.88,13605988549.88,1.7574,49.2022
520,SHSE.600668,尖峰集团,11.22,11.24,11.33,11.2,11.27,0.4456327985739694,1.158645276292342,2307990,25984074.8,2023-10-31,0.6708,3877824741.56,3877824741.56,0.7477,16.781
521,SHSE.600671,*ST目药,10.19,10.1,10.28,10.08,10.15,-0.39254170755641526,1.9627085377821325,945000,9627326.0,2023-10-31,0.7764,1236055682.75,1235463409.95,-29.3703,-19.0834
522,SHSE.600673,东阳光,7.03,7.02,7.12,6.98,7.12,1.2802275960170695,1.9914651493598816,13298762,94130663.88,2023-10-31,0.4437,21458784724.08,21340522008.24,2.1464,69.9888
523,SHSE.600674,川投能源,14.59,14.58,14.75,14.54,14.71,0.8224811514736086,1.439342015078827,9711567,142358551.39,2023-10-31,0.2177,65618685427.09,65618685427.09,1.8691,14.7863
524,SHSE.600675,中华企业,3.69,3.67,3.72,3.32,3.38,-8.40108401084011,10.840108401084022,103912424,353945643.42,2023-10-31,1.7046,20604937151.76,20604937151.76,1.3679,15.6775
525,SHSE.600676,交运股份,4.24,4.23,4.3,4.23,4.25,0.2358490566037652,1.6509433962264008,5621088,23936336.0,2023-10-31,0.5465,4371095012.0,4371095012.0,0.8038,22.7729
526,SHSE.600678,四川金顶,5.43,5.45,5.45,5.39,5.43,0.0,1.104972375690617,4037046,21888196.32,2023-10-31,1.1568,1895015700.0,1895015700.0,7.3407,10566.1791
527,SHSE.600679,上海凤凰,8.51,8.43,8.64,8.43,8.57,0.7050528789659394,2.4676850763807385,1941300,16632847.0,2023-10-31,0.6483,4416071782.49,2566152208.1,2.0557,-12.9508
528,SHSE.600681,百川能源,4.3,4.28,4.28,4.21,4.23,-1.6279069767441756,1.6279069767441927,6727326,28475192.98,2023-10-31,0.5021,5671815846.3,5667391105.56,1.6034,15.8364
529,SHSE.600682,南京新百,7.92,7.88,7.88,7.67,7.7,-2.777777777777779,2.6515151515151514,9119104,70439396.8,2023-10-31,0.7827,10365218101.7,8970964117.5,0.5916,20.4303
530,SHSE.600683,京投发展,5.62,5.53,5.74,5.48,5.61,-0.1779359430604921,4.62633451957295,32916771,184295159.81,2023-10-31,4.4435,4155762319.17,4155762319.17,1.5663,144.3475
531,SHSE.600684,珠江股份,3.6,3.6,3.83,3.58,3.74,3.8888888888888973,6.944444444444445,35265686,130206546.37,2023-10-31,4.1321,3191943104.02,3191943104.02,7.4223,-7.7485
532,SHSE.600685,中船防务,22.72,22.7,22.92,22.31,22.49,-1.0123239436619746,2.684859154929591,4282310,96495214.8,2023-10-31,0.5213,31789758441.22,18474077220.69,1.9643,46.1492
533,SHSE.600686,金龙汽车,7.8,7.74,8.49,7.72,7.89,1.1538461538461497,9.871794871794878,67346639,540413789.69,2023-10-31,9.3922,5657504120.13,5657504120.13,1.8174,-69.3479
534,SHSE.600688,上海石化,2.99,3.0,3.0,2.96,2.99,0.0,1.3377926421404693,18385775,54904654.5,2023-10-31,0.2509,32289863645.0,21913152365.0,1.2636,-20.3138
535,SHSE.600689,上海三毛,10.45,10.54,10.7,10.4,10.48,0.2870813397129357,2.8708133971291767,3633800,38385704.0,2023-10-31,2.3875,2106389274.64,1595099418.64,4.7237,387.4186
536,SHSE.600690,海尔智家,22.42,22.49,22.49,21.96,22.22,-0.8920606601249048,2.3639607493309436,30485360,675225998.94,2023-10-31,0.4832,209714912922.46,140176039971.88,2.0905,12.9501
537,SHSE.600691,阳煤化工,3.2,3.2,3.24,3.19,3.24,1.2499999999999956,1.5625000000000084,13463824,43423880.48,2023-10-31,0.5668,7698181524.48,7696898484.48,1.3306,-21.8931
538,SHSE.600692,亚通股份,5.77,5.8,5.89,5.76,5.87,1.7331022530329365,2.253032928942806,5260912,30724771.64,2023-10-31,2.063,2064855055.68,1496911734.79,2.2778,-598.3766
539,SHSE.600693,东百集团,3.86,3.86,3.88,3.84,3.88,0.5181347150259086,1.0362694300518145,5781509,22297505.56,2023-10-31,0.6654,3375003434.48,3371195004.96,0.9576,154.8209
540,SHSE.600694,大商股份,17.2,17.11,17.23,17.03,17.13,-0.40697674418604946,1.1627906976744147,3393793,58122898.88,2023-10-31,1.1555,5031400525.89,5031400525.89,0.6032,10.2003
541,SHSE.600696,岩石股份,22.03,23.65,24.19,23.11,23.71,7.625964593735812,4.902405810258746,5683973,134988865.65,2023-10-31,1.6994,7930270209.01,7930270209.01,12.4534,72.1498
542,SHSE.600697,欧亚集团,12.75,12.64,12.85,12.57,12.65,-0.7843137254901933,2.196078431372544,2671000,33841269.0,2023-10-31,1.7191,2012464148.75,1965506589.75,0.8611,-22.6001
543,SHSE.600698,湖南天雁,4.64,4.61,4.68,4.59,4.64,0.0,1.93965517241379,7756500,35930254.0,2023-10-31,0.9343,4977699348.48,3851978689.44,6.5106,-209.5752
544,SHSE.600699,均胜电子,19.07,18.99,19.2,18.65,18.85,-1.153644467750392,2.884111169375987,22239823,419770142.97,2023-10-31,1.6256,26554024085.55,25788395162.4,1.9663,25.4855
545,SHSE.600702,舍得酒业,115.05,115.06,116.0,114.31,115.11,0.052151238591924276,1.4689265536723144,4388753,504635589.38,2023-10-31,1.3223,38351956008.69,38204569164.69,5.642,21.5392
546,SHSE.600703,三安光电,15.06,15.0,15.17,14.76,14.88,-1.195219123505975,2.7224435590969462,29425863,439095287.57,2023-10-31,0.5898,74236598657.76,74236598657.76,1.9262,-574.3202
547,SHSE.600704,物产中大,4.57,4.57,4.59,4.52,4.57,0.0,1.5317286652078836,22585111,102921626.06,2023-10-31,0.4416,23733664522.8,23374553922.8,0.7002,6.9461
548,SHSE.600705,中航产融,3.35,3.35,3.37,3.33,3.33,-0.5970149253731294,1.1940298507462697,35705975,119432137.75,2023-10-31,0.4055,29386897905.78,29318734693.89,0.7961,59.0013
549,SHSE.600706,曲江文旅,14.09,14.05,14.34,13.96,14.11,0.14194464158978626,2.696948190205813,8418783,119027783.51,2023-10-31,3.3141,3598893566.35,3584365910.35,3.5142,-41.6786
550,SHSE.600707,彩虹股份,6.06,6.04,6.2,6.0,6.06,0.0,3.3003300330033034,30034729,182647725.8,2023-10-31,0.8372,21745641775.92,21741278575.92,1.0916,-91.1787
551,SHSE.600708,光明地产,2.24,2.24,2.27,2.18,2.23,-0.44642857142858094,4.017857142857136,36001508,80039081.76,2023-10-31,1.6178,4969859936.89,4962369429.33,0.4606,113.7182
552,SHSE.600710,苏美达,7.44,7.45,7.45,7.35,7.4,-0.5376344086021501,1.3440860215053836,6632926,48981586.62,2023-10-31,0.5076,9669945811.6,9669945811.6,1.4469,9.4409
553,SHSE.600711,盛屯矿业,4.58,4.59,4.6,4.52,4.55,-0.6550218340611424,1.746724890829696,15519206,70545227.55,2023-10-31,0.497,14248968279.0,14208145224.0,1.0192,-21.6099
554,SHSE.600712,南宁百货,4.11,4.11,4.19,4.11,4.15,0.9732360097323589,1.9464720194647216,5230700,21699562.0,2023-10-31,0.9711,2260319744.0,2235390739.65,2.8157,-33.6472
555,SHSE.600713,南京医药,5.03,5.03,5.07,5.0,5.06,0.5964214711729587,1.391650099403584,9951600,50202067.0,2023-10-31,0.9554,6629768920.72,5270552894.64,1.0537,11.7191
556,SHSE.600714,金瑞矿业,9.01,8.99,9.14,8.95,9.1,0.9988901220865598,2.1087680355161074,1755203,15925048.24,2023-10-31,0.6091,2622404084.3,2622404084.3,3.5608,426.8625
557,SHSE.600715,文投控股,2.07,2.06,2.11,2.05,2.07,0.0,2.898550724637684,20756738,43023252.66,2023-10-31,1.119,3839546745.0,3839546745.0,5.4847,-3.4896
558,SHSE.600716,凤凰股份,3.6,3.6,3.68,3.6,3.67,1.9444444444444375,2.222222222222224,12874944,46913523.64,2023-10-31,1.3754,3435342365.3,3435342365.3,0.6621,-8.9707
559,SHSE.600717,天津港,4.23,4.23,4.25,4.2,4.24,0.23640661938533203,1.1820330969267097,15365143,64875524.07,2023-10-31,0.5309,12270564401.12,12270564401.12,0.6579,13.3806
560,SHSE.600718,东软集团,9.67,9.66,9.72,9.49,9.54,-1.3443640124095269,2.3784901758014523,10286243,98488490.46,2023-10-31,0.8545,11575962042.48,11483331084.72,1.215,-34.3679
561,SHSE.600719,大连热电,7.38,7.36,7.39,7.18,7.2,-2.4390243902438935,2.8455284552845526,8473575,61449393.96,2023-10-31,2.0943,2913117120.0,2913117120.0,4.9794,75.7675
562,SHSE.600720,中交设计,10.85,11.05,11.05,10.8,10.85,0.0,2.3041474654377883,6072674,66082768.74,2023-10-31,0.7824,8422749559.7,8421365153.95,0.9121,18.3386
563,SHSE.600721,百花医药,8.37,8.43,9.06,8.22,8.7,3.942652329749108,10.035842293906809,54511225,472513428.48,2023-10-31,14.3092,3314277284.4,3314277284.4,4.6756,-118.1186
564,SHSE.600722,金牛化工,4.74,4.76,4.79,4.75,4.78,0.8438818565400741,0.8438818565400852,4203700,20071014.0,2023-10-31,0.6179,3251928051.28,3251928051.28,2.8517,79.2269
565,SHSE.600724,宁波富达,3.72,3.7,3.76,3.67,3.75,0.8064516129032251,2.4193548387096735,8858100,33082590.0,2023-10-31,0.613,5419654016.25,5418534990.0,1.9195,23.6203
566,SHSE.600725,云维股份,2.78,2.79,2.82,2.76,2.79,0.3597122302158251,2.158273381294966,10531386,29336719.08,2023-10-31,0.8545,3438591300.0,3438591300.0,9.6777,1127.7315
567,SHSE.600726,华电能源,2.24,2.24,2.25,2.21,2.22,-0.8928571428571397,1.785714285714287,12992700,28875181.0,2023-10-31,0.6739,17554286386.2,4279910953.74,5.0243,-50.408
568,SHSE.600727,鲁北化工,6.18,6.25,6.36,6.24,6.31,2.1035598705501535,1.9417475728155358,11721104,74088351.94,2023-10-31,2.2177,3335359581.85,3334980981.85,1.1391,-40.3126
569,SHSE.600728,佳都科技,5.78,5.77,5.82,5.69,5.72,-1.038062283737029,2.249134948096884,28092371,161484285.99,2023-10-31,1.3166,12266496899.8,12204543579.8,1.6249,113.2191
570,SHSE.600729,重庆百货,26.76,26.73,27.49,26.35,27.0,0.8968609865470878,4.2600896860986435,6853248,185295992.32,2023-10-31,1.7057,10976268555.0,10848504555.0,1.823,9.2416
571,SHSE.600730,中国高科,5.51,5.5,5.56,5.45,5.49,-0.3629764065335661,1.9963702359346538,4444600,24451635.0,2023-10-31,0.7576,3220741450.98,3220741450.98,1.8193,-35.8546
572,SHSE.600731,湖南海利,6.46,6.43,6.46,6.39,6.45,-0.1547987616099089,1.0835913312693541,4053636,26028711.8,2023-10-31,0.7574,3603888583.2,3452031821.4,1.2105,11.903
573,SHSE.600732,爱旭股份,20.42,20.28,20.28,19.5,19.6,-4.015670910871694,3.81978452497552,27427883,541927087.6,2023-10-31,1.7193,35832626880.4,31267582668.0,3.5767,12.682
574,SHSE.600733,北汽蓝谷,6.79,6.73,7.3,6.61,6.85,0.8836524300441795,10.162002945508092,353132743,2472885856.04,2023-10-31,9.0263,38178496707.65,26798874215.35,4.527,-7.3185
575,SHSE.600734,ST实达,3.72,3.72,3.72,3.66,3.69,-0.8064516129032362,1.6129032258064528,3226491,11884702.97,2023-10-31,0.1536,8037938461.14,7750316662.11,21.5208,919.3834
576,SHSE.600735,新华锦,6.12,6.21,6.59,6.17,6.39,4.411764705882337,6.862745098039215,34890698,222370824.92,2023-10-31,8.2872,2739892819.41,2690296297.65,2.0334,43.033
577,SHSE.600736,苏州高新,4.76,4.75,4.84,4.73,4.82,1.26050420168069,2.3109243697478874,18378182,88023757.93,2023-10-31,1.5963,5549231811.74,5549231811.74,0.7459,14.3033
578,SHSE.600737,中粮糖业,7.99,8.32,8.75,8.29,8.57,7.259073842302888,5.757196495619535,94146103,804322630.04,2023-10-31,4.4017,18329929313.96,18329929313.96,1.6504,12.8735
579,SHSE.600738,丽尚国潮,5.38,5.38,5.45,5.36,5.43,0.9293680297397744,1.672862453531596,3947300,21401370.0,2023-10-31,0.5189,4134050331.48,4130417444.28,2.13,98.3464
580,SHSE.600739,辽宁成大,12.31,12.23,12.37,12.21,12.24,-0.5686433793663737,1.299756295694544,3607536,44300120.63,2023-10-31,0.2358,18723648147.84,18723648147.84,0.6422,29.4129
581,SHSE.600740,山西焦化,5.02,5.01,5.08,5.01,5.06,0.7968127490039834,1.3944223107569778,14275247,71995136.72,2023-10-31,0.5572,12964333039.24,12964333039.24,0.8529,11.2129
582,SHSE.600741,华域汽车,17.55,17.51,17.82,17.36,17.54,-0.05698005698006048,2.6210826210826257,12388539,217523888.44,2023-10-31,0.3929,55298778679.36,55298778679.36,1.0013,7.8261
583,SHSE.600742,一汽富维,9.45,9.29,9.41,9.13,9.2,-2.645502645502651,2.9629629629629566,25190472,232713639.74,2023-10-31,3.685,6836132496.0,6289099815.2,0.8396,12.3501
584,SHSE.600743,华远地产,1.69,1.68,1.71,1.64,1.69,0.0,4.14201183431953,37409720,62749827.2,2023-10-31,1.5945,3964910477.06,3964910477.06,1.5628,-0.9666
585,SHSE.600744,华银电力,3.4,3.39,3.42,3.37,3.38,-0.588235294117645,1.4705882352941124,8996600,30493474.0,2023-10-31,0.4429,6865200046.12,6865200046.12,4.8561,22.8054
586,SHSE.600745,闻泰科技,50.04,49.95,50.39,49.01,49.77,-0.5395683453237377,2.7577937649880147,22150063,1101680429.04,2023-10-31,1.7823,61854597459.9,61854597459.9,1.7004,38.2571
587,SHSE.600746,江苏索普,7.43,7.43,7.44,7.35,7.37,-0.8075370121130465,1.2113055181695929,5524910,40806343.1,2023-10-31,0.4738,8607002055.08,8594026897.39,1.6872,-24.3394
588,SHSE.600748,上实发展,3.77,3.76,3.81,3.69,3.79,0.5305039787798504,3.183023872679048,20886264,78451022.01,2023-10-31,1.1323,6990893360.68,6990893360.68,0.6764,10.8444
589,SHSE.600749,西藏旅游,11.94,12.0,12.15,11.79,11.87,-0.5862646566164198,3.0150753768844325,3760001,44869676.89,2023-10-31,1.6566,2694080686.79,2694080686.79,2.6254,240.4633
590,SHSE.600750,江中药业,20.25,20.15,20.67,19.98,20.14,-0.5432098765432047,3.4074074074074137,10139835,205526781.25,2023-10-31,1.6258,12677021454.12,12561317154.12,3.1056,18.6263
591,SHSE.600751,海航科技,3.14,3.09,3.16,3.03,3.03,-3.5031847133758065,4.140127388535043,65304687,200585758.57,2023-10-31,2.5379,8784993482.49,7796762827.56,1.1799,29.7931
592,SHSE.600753,庚星股份,10.08,10.2,10.36,10.0,10.1,0.1984126984126977,3.571428571428566,4401000,44763494.0,2023-10-31,2.0466,2326102467.5,2171904000.0,9.1594,-107.1872
593,SHSE.600754,锦江酒店,32.39,32.7,33.22,32.42,32.85,1.4201914171040553,2.4698981167026774,10583027,346509616.14,2023-10-31,1.1578,35150947469.55,30026347469.55,2.0863,33.9052
594,SHSE.600755,厦门国贸,6.92,6.79,6.88,6.68,6.87,-0.7225433526011571,2.890173410404627,26355919,179045258.55,2023-10-31,1.2955,15143045377.59,13976075342.01,0.7124,4.8205
595,SHSE.600756,浪潮软件,14.36,14.37,14.42,14.01,14.08,-1.949860724233976,2.8551532033426192,4423807,62648633.02,2023-10-31,1.365,4563310442.24,4563310442.24,2.0657,57.2319
596,SHSE.600757,长江传媒,7.52,7.55,7.67,7.52,7.58,0.7978723404255428,1.9946808510638347,10741700,81536067.0,2023-10-31,0.8852,9199469069.34,9198308040.74,1.0345,10.6236
597,SHSE.600758,辽宁能源,3.92,3.9,3.94,3.87,3.91,-0.25510204081632404,1.7857142857142818,12576200,49150134.0,2023-10-31,0.9522,5169088010.54,5164106670.54,0.9466,118.3222
598,SHSE.600759,ST洲际,2.52,2.54,2.65,2.51,2.65,5.158730158730163,5.55555555555556,20009861,51894142.44,2023-10-31,0.8861,5998294922.7,5984187647.7,1.5157,-8.0687
599,SHSE.600760,中航沈飞,42.27,42.28,42.42,41.89,42.18,-0.2129169623846794,1.2538443340430592,5319492,223680655.91,2023-10-31,0.1938,116235405458.34,115772998772.34,8.0345,39.6859
600,SHSE.600761,安徽合力,16.97,16.87,17.1,16.59,16.7,-1.5910430170889778,3.0053034767236393,8699972,145794586.03,2023-10-31,1.1753,12361401873.5,12361401873.5,1.7283,10.2771
601,SHSE.600763,通策医疗,89.51,89.0,90.18,88.08,89.55,0.044687744386084916,2.3461065802703702,2915172,260112924.77,2023-10-31,0.9092,28713312000.0,28713312000.0,7.5198,52.7011
602,SHSE.600764,中国海防,21.27,21.2,21.44,21.18,21.4,0.611189468735307,1.222378937470623,1675300,35786291.0,2023-10-31,0.2357,15207468860.4,15207468860.4,1.9674,31.945
603,SHSE.600765,中航重机,21.25,21.17,21.68,21.15,21.46,0.9882352941176453,2.494117647058829,12621196,270826794.89,2023-10-31,0.8606,31590173471.4,31471901252.38,2.82,24.0477
604,SHSE.600766,*ST园城,12.23,12.35,12.35,11.95,12.1,-1.0629599345870822,3.270645952575636,1380688,16793001.32,2023-10-31,0.6166,2713144546.2,2709578071.2,42.5741,434.2054
605,SHSE.600768,宁波富邦,10.74,10.74,10.78,10.63,10.69,-0.4655493482309203,1.396648044692724,1685300,18046311.0,2023-10-31,1.2601,1429757568.0,1429757568.0,3.6366,8.3211
606,SHSE.600769,祥龙电业,9.55,9.5,9.97,9.3,9.33,-2.3036649214659755,7.015706806282722,20324006,194109392.37,2023-10-31,5.4201,3498537276.0,3498537276.0,39.6543,261.6572
607,SHSE.600770,综艺股份,4.83,4.85,4.87,4.77,4.81,-0.41407867494824835,2.070393374741212,6143471,29516712.52,2023-10-31,0.4726,6253000000.0,6253000000.0,1.888,-61.14
608,SHSE.600771,广誉远,29.55,29.41,30.03,29.4,30.0,1.522842639593902,2.1319796954314807,5429438,161401047.1,2023-10-31,1.1092,14684734230.0,14684734230.0,9.7481,3455.7781
609,SHSE.600773,西藏城投,11.75,11.65,11.84,11.62,11.76,0.08510638297871687,1.8723404255319203,6386991,74868876.97,2023-10-31,0.7792,9639210349.44,9639210349.44,2.5168,104.0864
610,SHSE.600774,汉商集团,9.92,9.77,10.47,9.71,10.17,2.5201612903225756,7.661290322580642,9774553,99451097.86,2023-10-31,3.3152,3000479528.34,2998544472.27,1.7845,32.7054
611,SHSE.600775,南京熊猫,8.72,8.69,8.97,8.58,8.76,0.4587155963302614,4.47247706422019,15937730,139670215.67,2023-10-31,2.3723,8005225514.04,5885305514.04,2.2805,1742.2783
612,SHSE.600776,东方通信,12.84,12.74,13.46,12.72,13.06,1.7133956386292892,5.76323987538941,40074867,523360398.46,2023-10-31,4.1919,16403360835.84,12485360835.84,4.8214,89.8866
613,SHSE.600777,新潮能源,2.6,2.59,2.59,2.55,2.56,-1.538461538461544,1.5384615384615397,104560667,268299627.52,2023-10-31,1.6424,17409269312.0,16297350120.96,0.9036,7.3838
614,SHSE.600778,友好集团,6.58,6.54,6.73,6.45,6.6,0.3039513677811412,4.255319148936175,6179537,40607187.83,2023-10-31,1.9856,2055842923.2,2054018221.2,8.5639,-8.343
615,SHSE.600779,水井坊,59.5,62.58,62.96,60.53,61.15,2.773109243697469,4.084033613445378,7811141,479095827.98,2023-10-31,1.5995,29863299487.7,29863299487.7,7.2025,25.2373
616,SHSE.600780,通宝能源,9.15,9.14,9.37,9.11,9.3,1.6393442622950838,2.841530054644806,6505867,60292181.77,2023-10-31,0.5675,10662473463.9,10662473463.9,1.4777,15.6501
617,SHSE.600782,新钢股份,4.09,4.08,4.11,4.04,4.07,-0.4889975550122161,1.711491442542794,20039300,81391744.0,2023-10-31,0.637,12802804246.43,12802804246.43,0.4822,-386.0987
618,SHSE.600783,鲁信创投,11.67,11.61,11.7,11.39,11.45,-1.8851756640959727,2.6563838903170414,5219100,59943413.0,2023-10-31,0.7012,8522913916.3,8522913916.3,1.9357,18.1978
619,SHSE.600784,鲁银投资,6.01,6.02,6.04,5.96,5.98,-0.4991680532445808,1.3311148086522475,2903824,17386173.58,2023-10-31,0.5111,4040400616.46,3397703519.08,1.4071,11.0279
620,SHSE.600785,新华百货,13.67,13.68,13.83,13.64,13.73,0.4389173372348232,1.3899049012435956,1912500,26260207.0,2023-10-31,0.8476,3097917474.4,3097917474.4,1.4335,27.976
621,SHSE.600787,中储股份,5.09,5.09,5.14,5.08,5.11,0.39292730844795454,1.1787819253438037,8325400,42508667.98,2023-10-31,0.3836,11143523493.48,11089106664.02,0.8457,21.468
622,SHSE.600789,鲁抗医药,7.05,7.04,7.08,6.99,7.02,-0.42553191489361764,1.2765957446808491,17023395,119644044.45,2023-10-31,1.9108,6254302211.82,6254302211.82,1.7733,26.1726
623,SHSE.600790,轻纺城,3.96,3.93,3.99,3.93,3.96,0.0,1.5151515151515165,4329749,17163928.09,2023-10-31,0.2954,5804532074.88,5804532074.88,0.9621,7.7928
624,SHSE.600791,京能置业,4.39,4.42,4.51,4.39,4.49,2.277904328018243,2.7334851936218705,9695100,43187674.0,2023-10-31,2.1434,2033431200.0,2030888495.04,2.0618,-13.4062
625,SHSE.600792,云煤能源,3.83,3.83,4.21,3.8,4.21,9.921671018276768,10.704960835509143,59339534,241602360.14,2023-10-31,5.9944,4167578356.0,4167578356.0,1.2177,27.9885
626,SHSE.600793,宜宾纸业,11.54,11.49,11.63,11.48,11.6,0.5199306759098743,1.2998266897747,1339442,15495456.34,2023-10-31,0.7572,2052086423.2,2052086423.2,3.4285,-35.8492
627,SHSE.600794,保税科技,3.59,3.6,3.61,3.54,3.57,-0.5571030640668551,1.9498607242339787,8305100,29659843.0,2023-10-31,0.6852,4327383200.49,4327383200.49,1.7379,18.6869
628,SHSE.600795,国电电力,3.64,3.64,3.67,3.63,3.64,0.0,1.0989010989010999,60686499,221087501.45,2023-10-31,0.3403,64921653458.48,64921653458.48,1.3071,19.0488
629,SHSE.600796,钱江生化,5.4,5.41,5.43,5.36,5.39,-0.18518518518519933,1.296296296296285,3139651,16916861.89,2023-10-31,1.0417,4670897278.74,1624557556.16,1.523,21.6567
630,SHSE.600797,浙大网新,6.45,6.48,6.5,6.35,6.4,-0.7751937984496138,2.3255813953488427,13380332,85857670.52,2023-10-31,1.3022,6576173452.8,6576173452.8,1.982,95.6823
631,SHSE.600798,宁波海运,3.65,3.63,3.68,3.63,3.67,0.5479452054794498,1.3698630136986376,9317816,34157086.72,2023-10-31,0.7723,4427980517.67,4427980517.67,1.1113,33.7902
632,SHSE.600800,渤海化学,3.54,3.57,3.58,3.51,3.55,0.28248587570620654,1.977401129943511,4576168,16219777.62,2023-10-31,0.5761,4209545909.0,2819897631.55,1.6707,-27.0759
633,SHSE.600801,华新水泥,14.79,14.77,14.96,14.68,14.9,0.7437457741717557,1.8931710615280675,7387747,109672818.59,2023-10-31,0.5496,30977035170.1,20029707170.1,1.0968,13.1899
634,SHSE.600802,福建水泥,5.27,5.25,5.31,5.23,5.29,0.379506641366234,1.5180265654648801,5242239,27653342.78,2023-10-31,1.144,2424134036.0,2424134036.0,1.8865,-8.917
635,SHSE.600803,新奥股份,16.9,16.85,17.39,16.85,17.26,2.130177514792919,3.195266272189344,7559646,129762302.44,2023-10-31,0.2669,53478342696.82,48878741883.68,2.7823,9.2401
636,SHSE.600804,ST鹏博士,4.19,4.2,4.4,4.17,4.35,3.8186157517899666,5.4892601431981,38935901,168870762.35,2023-10-31,2.7959,7209967991.1,6057940321.65,6.3292,-17.9846
637,SHSE.600805,悦达投资,4.37,4.4,4.42,4.35,4.37,0.0,1.601830663615567,4848054,21242197.14,2023-10-31,0.5702,3718408938.78,3715703358.16,0.8459,-173.9239
638,SHSE.600807,济南高新,3.09,3.1,3.13,3.07,3.12,0.9708737864077666,1.9417475728155358,6136801,19013260.08,2023-10-31,0.7798,2760060360.72,2455497607.68,9.8843,12.9833
639,SHSE.600808,马钢股份,2.71,2.7,2.79,2.7,2.76,1.845018450184499,3.321033210332098,49273856,136031434.09,2023-10-31,0.8257,21381548841.36,16470993273.36,0.778,-6.8519
640,SHSE.600809,山西汾酒,245.78,245.0,248.69,244.0,247.2,0.5777524615509844,1.9082105948409138,3129195,769531844.33,2023-10-31,0.2565,301575155678.4,301575155678.4,11.2729,28.9453
641,SHSE.600810,神马股份,7.85,7.88,7.91,7.8,7.85,0.0,1.4012738853503226,4242922,33296843.65,2023-10-31,0.4063,8196795816.35,8196795816.35,1.1127,1073.4546
642,SHSE.600811,东方集团,2.26,2.26,2.27,2.24,2.25,-0.4424778761061843,1.3274336283185755,24411323,54989272.51,2023-10-31,0.6672,8232176103.75,8232176103.75,0.4533,-8.1679
643,SHSE.600812,华北制药,5.96,5.95,6.2,5.91,6.1,2.348993288590595,4.8657718120805376,26991649,164756091.46,2023-10-31,1.6551,10465955257.0,9947908846.9,1.9635,-14.9686
644,SHSE.600814,杭州解百,7.1,7.1,7.24,7.06,7.11,0.14084507042253502,2.5352112676056424,12475828,88863161.0,2023-10-31,1.7448,5231034882.18,5083840249.38,1.5168,20.3928
645,SHSE.600815,厦工股份,2.64,2.64,2.64,2.61,2.64,0.0,1.1363636363636458,5251193,13787973.66,2023-10-31,0.296,4683609427.2,4683609427.2,2.7827,17.3499
646,SHSE.600816,建元信托,3.02,3.17,3.17,3.17,3.17,4.966887417218535,0.0,2696080,8546573.6,2023-10-31,0.0512,31206900965.18,16687800948.4,2.4207,125.1742
647,SHSE.600817,宇通重工,8.67,8.67,8.77,8.57,8.62,-0.5767012687427964,2.3068050749711566,2008701,17355070.64,2023-10-31,1.0318,4667802468.34,1678126877.04,1.9558,17.0342
648,SHSE.600818,中路股份,13.19,13.22,13.44,13.07,13.14,-0.37907505686125553,2.8051554207733074,4054834,53626888.76,2023-10-31,1.704,4223825537.4,3126766937.4,7.441,-45.3986
649,SHSE.600819,耀皮玻璃,4.86,4.87,4.92,4.84,4.91,1.0288065843621297,1.646090534979425,6347300,31052325.0,2023-10-31,0.8492,4590437898.79,3669812888.97,1.3611,-43.8016
650,SHSE.600820,隧道股份,5.63,5.61,5.69,5.6,5.63,0.0,1.5985790408525886,11869390,66833796.78,2023-10-31,0.3775,17701261009.22,17701261009.22,0.6412,6.0605
651,SHSE.600821,金开新能,6.84,6.83,6.86,6.76,6.78,-0.877192982456132,1.461988304093575,10606486,72053734.44,2023-10-31,0.5311,13541446211.34,13541446211.34,1.5211,16.4087
652,SHSE.600822,上海物贸,10.55,10.6,10.85,10.29,10.43,-1.1374407582938506,5.308056872037919,10070200,105680653.0,2023-10-31,2.542,5172997493.02,4131822680.44,4.5298,31.3318
653,SHSE.600823,ST世茂,1.3,1.29,1.31,1.27,1.29,-0.7692307692307665,3.0769230769230793,30064386,38663897.5,2023-10-31,0.8015,4839007056.69,4839007056.69,0.2625,-0.771
654,SHSE.600824,益民集团,3.69,3.68,3.76,3.68,3.75,1.6260162601626105,2.168021680216792,10919090,40800567.95,2023-10-31,1.0359,3952601523.75,3952601523.75,1.6385,-17.8352
655,SHSE.600825,新华传媒,4.2,4.18,4.27,4.15,4.2,0.0,2.857142857142838,12672537,53378856.68,2023-10-31,1.2128,4388528970.0,4388528970.0,1.7365,106.6046
656,SHSE.600826,兰生股份,9.38,9.37,9.43,9.1,9.23,-1.5991471215351827,3.5181236673773992,7482571,68920060.01,2023-10-31,1.7923,4879199132.34,3853362995.04,1.2596,13.4497
657,SHSE.600827,百联股份,10.45,10.35,10.44,10.13,10.24,-2.0095693779904167,2.9665071770334808,8171400,83662728.0,2023-10-31,0.5093,18269881518.08,16429567180.8,1.0175,14.992
658,SHSE.600828,茂业商业,3.7,3.7,3.74,3.69,3.73,0.8108108108108025,1.3513513513513586,6194539,22996200.69,2023-10-31,0.3578,6460294896.58,6457973475.13,0.9024,14.3751
659,SHSE.600829,人民同泰,7.65,7.66,7.75,7.57,7.69,0.5228758169934622,2.3529411764705843,9247849,71063227.83,2023-10-31,1.5948,4459343310.93,4459343310.93,1.649,14.2856
660,SHSE.600830,香溢融通,6.27,6.28,6.33,6.26,6.3,0.4784688995215447,1.1164274322169105,4524889,28480048.24,2023-10-31,0.996,2862233306.1,2862233306.1,1.3488,223.1798
661,SHSE.600831,广电网络,5.4,5.39,5.44,5.32,5.37,-0.5555555555555647,2.222222222222224,6064375,32581654.8,2023-10-31,0.8535,3815463616.8,3815463616.8,1.027,-61.3458
662,SHSE.600833,第一医药,11.17,11.17,11.42,11.13,11.4,2.0590868397493356,2.5962399283795805,5455900,61662823.0,2023-10-31,2.4456,2543184355.8,2543184355.8,2.5431,20.1007
663,SHSE.600834,申通地铁,8.09,8.11,8.11,8.02,8.09,0.0,1.1124845488257091,1751897,14138903.76,2023-10-31,0.367,3862019611.45,3862019611.45,2.307,49.78
664,SHSE.600835,上海机电,12.82,12.74,12.8,12.45,12.51,-2.4180967238689566,2.730109204368186,5440550,68399447.37,2023-10-31,0.6746,12794468743.08,10089368793.0,0.96,12.438
665,SHSE.600836,上海易连,3.96,3.99,4.03,3.91,3.95,-0.2525252525252486,3.030303030303033,10199140,40316349.2,2023-10-31,1.5331,2642364634.4,2627710134.4,2.3334,-62.2119
666,SHSE.600837,海通证券,9.84,9.8,9.88,9.7,9.77,-0.7113821138211462,1.829268292682942,28974653,283089094.5,2023-10-31,0.3265,127637234000.0,86692934128.6,0.7644,26.4172
667,SHSE.600838,上海九百,7.56,7.54,7.64,7.37,7.53,-0.3968253968253843,3.571428571428566,13252027,99109275.49,2023-10-31,3.3057,3018641316.93,3018641316.93,2.0456,45.4808
668,SHSE.600839,四川长虹,6.21,6.15,6.2,5.84,5.91,-4.8309178743961345,5.797101449275368,547014833,3283356004.42,2023-10-31,11.8531,27282003352.02,27274405509.21,1.9609,37.866
669,SHSE.600841,动力新科,6.03,6.04,6.05,5.91,5.95,-1.3266998341625258,2.321724709784406,4971853,29692960.76,2023-10-31,0.5403,8257539614.8,5474857502.1,1.1942,-3.9566
670,SHSE.600843,上工申贝,5.67,5.65,5.65,5.49,5.53,-2.4691358024691357,2.8218694885361577,6135563,34011457.76,2023-10-31,1.3076,3943810634.4,2594801696.9,1.1827,50.8412
671,SHSE.600844,丹化科技,2.8,2.8,2.83,2.78,2.83,1.0714285714285898,1.7857142857142954,6323494,17821168.26,2023-10-31,0.7686,2876763599.2,2328327694.22,3.7988,-6.7729
672,SHSE.600845,宝信软件,43.15,43.1,43.46,42.2,42.67,-1.1123986095017302,2.920046349942058,2959303,126196139.96,2023-10-31,0.1706,102518538213.79,74037040523.94,9.7218,40.5614
673,SHSE.600846,同济科技,9.6,9.7,10.1,9.57,9.95,3.645833333333326,5.520833333333327,32609573,322380018.15,2023-10-31,5.2195,6216377084.2,6216377084.2,1.6204,13.8326
674,SHSE.600847,万里股份,11.36,11.35,11.5,11.2,11.29,-0.616197183098599,2.6408450704225417,1399693,15835330.83,2023-10-31,0.9131,1730614746.0,1730614746.0,2.5199,-84.327
675,SHSE.600848,上海临港,10.68,10.6,10.79,10.6,10.73,0.46816479400748623,1.7790262172284597,4466699,47774817.51,2023-10-31,0.1866,27066285552.92,25686678689.29,1.5682,26.4663
676,SHSE.600850,电科数字,23.6,23.42,23.65,22.84,23.1,-2.1186440677966045,3.432203389830503,8365395,194337182.19,2023-10-31,1.3851,15825217392.6,13951646316.3,3.7593,31.2273
677,SHSE.600851,海欣股份,6.78,6.8,6.91,6.76,6.84,0.8849557522123908,2.2123893805309787,6968124,47789380.16,2023-10-31,0.9439,8256267773.28,5049329792.4,2.0581,68.9504
678,SHSE.600853,龙建股份,4.62,4.55,4.68,4.48,4.51,-2.3809523809523836,4.329004329004314,91881669,419230185.33,2023-10-31,9.1434,4577210482.46,4532105972.46,1.7536,12.8607
679,SHSE.600854,春兰股份,4.95,4.92,5.08,4.91,4.95,0.0,3.434343434343433,16209100,80827467.0,2023-10-31,3.1204,2571319763.1,2571319763.1,1.108,17.946
680,SHSE.600855,航天长峰,11.02,10.98,11.1,10.91,11.0,-0.1814882032667886,1.7241379310344782,3805379,41818125.8,2023-10-31,0.8152,5216115278.0,5134864108.0,2.5949,-115.2324
681,SHSE.600857,宁波中百,9.03,9.03,9.08,8.93,8.99,-0.44296788482833804,1.6611295681063163,2550827,22941447.65,2023-10-31,1.1371,2016636071.81,2016636071.81,2.2936,27.4915
682,SHSE.600858,银座股份,5.45,5.45,5.48,5.37,5.4,-0.917431192660545,2.0183486238532167,6890800,37299395.0,2023-10-31,1.3314,2808359580.6,2794759356.6,1.101,23.2159
683,SHSE.600859,王府井,17.79,17.74,17.77,17.49,17.69,-0.5621135469364713,1.5739179314221536,13420663,236425915.66,2023-10-31,1.2273,20079024788.19,19343475914.94,1.0198,46.9295
684,SHSE.600860,京城股份,11.47,11.37,11.44,11.04,11.16,-2.7027027027027084,3.487358326068006,8950300,100162494.78,2023-10-31,2.0902,6051688426.08,4778677214.28,5.8852,-115.8646
685,SHSE.600861,北京人力,23.86,23.5,23.8,21.47,22.17,-7.08298407376361,9.765297569153402,8983170,195959373.39,2023-10-31,2.8356,12550718958.06,7023565719.33,2.1096,-67.8094
686,SHSE.600862,中航高科,24.58,24.45,25.18,24.32,24.95,1.5052888527258057,3.498779495524815,8853522,219442773.69,2023-10-31,0.6355,34756575219.65,34756575219.65,5.7447,37.0269
687,SHSE.600863,内蒙华电,3.57,3.57,3.6,3.56,3.59,0.5602240896358524,1.1204481792717098,36636283,131236885.83,2023-10-31,0.5613,23431527241.49,23431527241.49,1.4831,9.8411
688,SHSE.600864,哈投股份,6.1,6.03,6.12,5.91,5.94,-2.6229508196721207,3.4426229508196715,67457585,403907583.74,2023-10-31,3.2423,12358588888.8,12358588888.8,1.016,-41.8543
689,SHSE.600865,百大集团,8.13,8.1,8.22,8.1,8.18,0.6150061500614923,1.4760147601476137,1865790,15237060.85,2023-10-31,0.4959,3077645784.88,3077645784.88,1.3383,41.922
690,SHSE.600866,星湖科技,5.1,5.27,5.42,5.22,5.31,4.117647058823537,3.921568627450984,24533297,130791039.33,2023-10-31,3.3197,8822419590.96,3924191771.46,1.1934,14.7646
691,SHSE.600867,通化东宝,10.93,11.0,11.22,10.92,11.09,1.4638609332113361,2.7447392497712784,32449459,359541601.63,2023-10-31,1.6292,22109217553.77,22088330647.77,3.2374,23.5387
692,SHSE.600868,梅雁吉祥,2.62,2.62,2.63,2.6,2.61,-0.3816793893129833,1.1450381679389239,7863200,20567329.0,2023-10-31,0.4143,4954168052.19,4954168052.19,2.0465,88.7585
693,SHSE.600869,远东股份,4.53,4.55,4.55,4.43,4.46,-1.5452538631346657,2.6490066225165583,11425842,51223921.73,2023-10-31,0.5148,9898313247.16,9898313247.16,2.0942,22.1061
694,SHSE.600871,石化油服,1.94,1.94,1.94,1.92,1.94,0.0,1.0309278350515474,43238788,83534703.84,2023-10-31,0.3186,36829619664.02,26324594388.94,4.4538,59.2134
695,SHSE.600872,中炬高新,33.5,33.27,34.11,33.07,33.6,0.29850746268658135,3.104477611940296,4557911,152849953.85,2023-10-31,0.5803,26388631920.0,26388631920.0,15.194,-11.5564
696,SHSE.600873,梅花生物,9.44,9.43,9.52,9.35,9.5,0.6355932203389925,1.800847457627118,9552470,90337953.75,2023-10-31,0.3245,27962547969.0,27962547969.0,1.9719,8.9528
697,SHSE.600874,创业环保,5.72,5.72,5.76,5.7,5.75,0.5244755244755206,1.0489510489510423,4768750,27340146.87,2023-10-31,0.3876,9029903988.75,7074903988.75,1.0126,11.5833
698,SHSE.600875,东方电气,15.11,15.32,15.51,14.78,14.9,-1.389808074123089,4.831237590999341,23042091,344822658.07,2023-10-31,1.1435,46466153575.3,30025499028.7,1.2657,14.2253
699,SHSE.600876,凯盛新能,13.76,13.67,13.87,13.6,13.7,-0.43604651162790775,1.9622093023255782,2105016,28829201.9,2023-10-31,0.5504,8845746993.1,5239499774.3,1.9967,25.572
700,SHSE.600877,电科芯片,14.74,14.73,14.9,14.08,14.38,-2.4423337856173677,5.563093622795117,26431476,382845367.63,2023-10-31,2.8668,17028323171.22,13258064519.76,7.5255,82.4493
701,SHSE.600879,航天电子,7.6,7.59,7.69,7.54,7.58,-0.2631578947368318,1.9736842105263206,23989892,182608040.34,2023-10-31,0.8822,25008688951.72,20612076332.72,1.243,40.4316
702,SHSE.600880,博瑞传播,4.96,4.96,5.11,4.96,5.07,2.2177419354838745,3.0241935483871036,15278030,77343509.4,2023-10-31,1.3978,5543193706.44,5541662987.25,1.8258,134.8637
703,SHSE.600881,亚泰集团,2.12,2.13,2.16,2.12,2.15,1.4150943396226356,1.8867924528301903,19441437,41615303.33,2023-10-31,0.5984,6985164214.2,6985164214.2,0.8409,-1.8346
704,SHSE.600882,妙可蓝多,17.17,17.15,17.37,17.09,17.23,0.34944670937682165,1.6307513104251665,3809420,65516752.14,2023-10-31,0.7439,8852630077.81,8822684337.81,2.0346,345.504
705,SHSE.600883,博闻科技,8.16,8.19,8.25,8.07,8.12,-0.4901960784313819,2.2058823529411726,3429900,27960045.0,2023-10-31,1.4528,1917034560.0,1917034560.0,2.1418,18.6203
706,SHSE.600884,杉杉股份,14.21,14.0,14.09,13.92,14.0,-1.4778325123152802,1.1963406052075998,14200104,198648962.85,2023-10-31,0.8081,31625896862.0,24601310888.0,1.3613,18.774
707,SHSE.600885,宏发股份,31.1,30.06,30.6,28.69,29.0,-6.7524115755627,6.141479099678457,20820095,607207097.37,2023-10-31,1.9968,30237594546.0,30237594546.0,3.8478,22.4422
708,SHSE.600886,国投电力,11.98,12.02,12.26,12.0,12.2,1.8363939899832982,2.170283806343905,15226156,185118853.56,2023-10-31,0.2186,90940993523.4,84983654833.4,1.7176,15.142
709,SHSE.600887,伊利股份,26.67,27.6,27.99,27.38,27.42,2.8121484814398245,2.287214098237718,106016335,2926168589.43,2023-10-31,1.6814,174564085979.1,172885681839.78,3.35,16.2384
710,SHSE.600888,新疆众和,7.54,7.52,7.56,7.45,7.49,-0.6631299734747964,1.4588859416445548,6516140,48852060.28,2023-10-31,0.4891,10111686163.95,9979206039.95,1.1074,6.9867
711,SHSE.600889,南京化纤,5.22,5.2,5.28,5.16,5.2,-0.3831417624520994,2.2988505747126458,2996700,15653222.0,2023-10-31,0.818,1904999252.0,1904999252.0,1.9865,-10.3074
712,SHSE.600892,大晟文化,5.45,5.45,5.58,5.3,5.39,-1.1009174311926717,5.137614678899087,19283104,104991194.56,2023-10-31,3.4476,3015511973.32,3014732299.04,16.0059,213.2115
713,SHSE.600893,航发动力,35.24,35.23,35.49,35.1,35.35,0.31214528944381037,1.106696935300796,6679546,235697452.84,2023-10-31,0.2506,94228756313.3,94212160195.3,2.4129,70.8309
714,SHSE.600894,广日股份,7.31,7.3,7.36,7.21,7.25,-0.8207934336525224,2.0519835841313316,8427231,61162692.42,2023-10-31,0.98,6234614988.75,6234614988.75,0.6861,10.6789
715,SHSE.600895,张江高科,23.33,22.97,24.15,22.1,23.95,2.65752250321476,8.786969567081,176362677,4108676626.97,2023-10-31,11.3879,37091114722.5,37091114722.5,3.0176,43.6985
716,SHSE.600897,厦门空港,12.74,12.74,12.81,12.62,12.68,-0.47095761381475976,1.4913657770800728,2709543,34366635.22,2023-10-31,0.6499,5286723120.0,5286723120.0,1.3011,19.4439
717,SHSE.600898,ST美讯,3.31,3.31,3.31,3.19,3.24,-2.114803625377637,3.625377643504535,1699510,5524951.0,2023-10-31,0.673,924634394.64,818177176.8,-55.7368,-10.7069
718,SHSE.600900,长江电力,22.45,22.38,22.65,22.27,22.57,0.5345211581291753,1.6926503340757195,63752699,1434746126.31,2023-10-31,0.2708,552247673850.12,531439884717.87,2.8004,24.917
719,SHSE.600901,江苏金租,4.78,4.78,4.84,4.77,4.78,0.0,1.4644351464435206,24412703,116983142.64,2023-10-31,0.5769,20290754114.42,20228295307.54,1.2015,7.7246
720,SHSE.600903,贵州燃气,8.3,8.28,8.29,8.19,8.23,-0.8433734939759074,1.2048192771084292,4477060,36809344.8,2023-10-31,0.3893,9464508542.74,9464508542.74,3.0845,31.5931
721,SHSE.600905,三峡能源,4.77,4.77,4.82,4.76,4.8,0.6289308176100628,1.2578616352201362,63301330,303750047.31,2023-10-31,0.4664,137390780160.0,65150400000.0,1.7099,21.3178
722,SHSE.600906,财达证券,7.93,7.89,8.01,7.86,7.89,-0.5044136191677207,1.8915510718789341,31720313,251210811.71,2023-10-31,2.4169,25603050000.0,10355265216.0,2.2205,53.0822
723,SHSE.600908,无锡银行,5.2,5.16,5.18,5.02,5.09,-2.115384615384619,3.0769230769230793,36412175,184601585.66,2023-10-31,1.9506,10949466457.28,9501679984.39,0.6058,4.9013
724,SHSE.600909,华安证券,4.82,4.82,4.87,4.81,4.83,0.20746887966804906,1.244813278008309,33122350,160215921.1,2023-10-31,0.7051,22689712946.88,22689712946.88,1.1165,19.1703
725,SHSE.600916,中国黄金,10.72,10.67,10.69,10.52,10.6,-1.1194029850746356,1.5858208955223874,8277794,87523118.82,2023-10-31,1.0068,17808000000.0,8714790000.0,2.4887,19.9599
726,SHSE.600917,重庆燃气,6.79,6.75,6.79,6.66,6.71,-1.178203240058906,1.9145802650957273,2922380,19594543.2,2023-10-31,0.1872,10543691400.0,10474576789.6,2.0835,35.4103
727,SHSE.600918,中泰证券,7.12,7.14,7.26,7.13,7.16,0.561797752808979,1.825842696629212,32161331,230706937.98,2023-10-31,0.8095,49895360412.96,28445318304.04,1.3496,32.0811
728,SHSE.600919,江苏银行,6.92,6.91,6.92,6.83,6.9,-0.28901734104045396,1.3005780346820788,162191488,1115243083.16,2023-10-31,0.8878,126624138794.7,126061085457.0,0.6169,4.1447
729,SHSE.600925,苏能股份,5.54,5.52,5.64,5.51,5.59,0.902527075812265,2.346570397111911,10824539,60324964.56,2023-10-31,1.5713,38508888889.51,3850888889.51,2.486,17.5681
730,SHSE.600926,杭州银行,10.71,10.65,10.75,10.64,10.7,-0.0933706816059865,1.0270774976657275,12605961,134848121.21,2023-10-31,0.2351,63454040822.3,57381360115.2,0.7053,4.5016
731,SHSE.600927,永安期货,15.78,15.78,15.89,15.75,15.82,0.25348542458809575,0.8871989860583053,2590398,40936683.36,2023-10-31,0.4911,23026888895.92,8345334823.28,1.8656,30.3367
732,SHSE.600928,西安银行,3.46,3.47,3.48,3.44,3.47,0.28901734104047616,1.1560693641618507,16050709,55517719.43,2023-10-31,0.4752,15422222224.15,11719562159.45,0.5071,6.046
733,SHSE.600929,雪天盐业,6.41,6.42,6.48,6.36,6.41,0.0,1.8720748829953213,5124300,32853282.0,2023-10-31,0.4792,10635304699.0,6854514218.72,1.4253,16.2835
734,SHSE.600933,爱柯迪,21.91,21.82,22.05,21.07,21.27,-2.921040620721138,4.472843450479235,10654530,227351536.28,2023-10-31,1.189,19059748624.44,19059748624.44,3.2528,22.7231
735,SHSE.600935,华塑股份,3.48,3.46,3.52,3.45,3.51,0.8620689655172376,2.011494252873559,8354400,29225458.0,2023-10-31,0.4504,12310980360.12,6510001296.24,1.9546,-148.4483
736,SHSE.600936,广西广电,3.76,3.76,3.8,3.73,3.75,-0.26595744680850686,1.8617021276595702,7180557,27012469.38,2023-10-31,0.4297,6266348396.25,6266348396.25,3.4012,-6.1373
737,SHSE.600938,中国海油,19.52,19.42,19.63,19.29,19.5,-0.10245901639344135,1.7418032786885238,19263949,375462612.44,2023-10-31,0.6779,927551897688.0,55416111133.5,1.4416,7.1035
738,SHSE.600939,重庆建工,3.35,3.35,3.39,3.34,3.37,0.5970149253731405,1.4925373134328437,9697178,32681188.51,2023-10-31,0.5099,6409026146.38,6409026146.38,0.7934,105.3364
739,SHSE.600941,中国移动,91.17,91.0,92.93,90.61,92.34,1.2833168805528095,2.5446967204124245,10099648,930170358.7,2023-10-31,1.3313,1975018920490.08,70051235538.78,1.5433,14.9133
740,SHSE.600955,维远股份,19.56,19.58,19.7,19.43,19.64,0.4089979550102374,1.3803680981595072,1029944,20165820.46,2023-10-31,0.2823,10802000000.0,7166636000.0,1.252,52.8753
741,SHSE.600956,新天绿能,8.29,8.34,8.34,8.23,8.26,-0.3618817852834688,1.3268998793727316,1887595,15612808.88,2023-10-31,0.0872,34585388782.98,17886232282.24,1.7164,16.1981
742,SHSE.600958,东方证券,8.63,8.66,8.73,8.61,8.67,0.4634994206257126,1.3904982618771842,41579024,360524829.66,2023-10-31,0.5567,73665914681.64,64760416430.88,0.9998,19.0568
743,SHSE.600959,江苏有线,3.09,3.11,3.13,3.07,3.09,0.0,1.9417475728155358,27224210,84242338.82,2023-10-31,0.5444,15452217649.74,15452217649.74,0.6965,46.0229
744,SHSE.600960,渤海汽车,4.13,4.14,4.51,4.08,4.2,1.6949152542373058,10.41162227602905,79255449,336560372.8,2023-10-31,8.3382,3992165175.6,3992165175.6,0.9013,-34.2219
745,SHSE.600961,株冶集团,7.6,7.58,7.62,7.53,7.57,-0.39473684210525883,1.1842105263157876,4442250,33610909.5,2023-10-31,0.8422,8121646361.71,3992856408.98,3.9314,49.561
746,SHSE.600962,国投中鲁,10.7,10.7,10.74,10.56,10.61,-0.8411214953271018,1.6822429906542031,1548400,16448144.0,2023-10-31,0.5905,2782048100.0,2782048100.0,3.3623,24.9995
747,SHSE.600963,岳阳林纸,6.47,6.47,6.47,6.35,6.39,-1.2364760432766575,1.8547140649149938,10032600,64145117.5,2023-10-31,0.5641,11521234596.51,11364437121.57,1.2672,44.7088
748,SHSE.600965,福成股份,6.28,6.31,6.34,6.22,6.28,0.0,1.9108280254777086,3101870,19476230.2,2023-10-31,0.3789,5141441997.4,5141441997.4,2.3254,46.5573
749,SHSE.600966,博汇纸业,6.99,6.88,7.17,6.88,6.95,-0.5722460658083017,4.148783977110158,21783935,152931794.82,2023-10-31,1.6295,9291067801.6,9291067801.6,1.4556,-19.4568
750,SHSE.600967,内蒙一机,8.61,8.59,8.72,8.58,8.63,0.23228803716610624,1.6260162601626085,6016875,51964021.91,2023-10-31,0.3549,14703614987.91,14630196125.91,1.3165,18.0439
751,SHSE.600968,海油发展,3.06,3.06,3.07,3.03,3.04,-0.6535947712418277,1.3071895424836613,21399160,65093144.4,2023-10-31,0.2105,30901916764.96,30901916764.96,1.3009,11.3586
752,SHSE.600969,郴电国际,6.44,6.43,6.48,6.42,6.46,0.31055900621117516,0.931677018633548,2107794,13594873.64,2023-10-31,0.5696,2390526126.64,2390526126.64,0.6649,-40.975
753,SHSE.600970,中材国际,9.96,9.94,9.98,9.81,9.88,-0.8032128514056214,1.7068273092369468,8730650,86201344.5,2023-10-31,0.501,26106096139.24,17216872122.84,1.4383,11.1835
754,SHSE.600971,恒源煤电,9.22,9.19,9.43,9.16,9.36,1.5184381778741818,2.928416485900212,12415351,115619291.19,2023-10-31,1.0346,11232045714.24,11232045714.24,0.9149,4.4242
755,SHSE.600973,宝胜股份,5.15,5.16,5.17,5.07,5.1,-0.9708737864077777,1.941747572815527,25281151,129253641.19,2023-10-31,1.8435,6993967864.8,6993967864.8,1.8612,48.0045
756,SHSE.600975,新五丰,10.3,10.3,10.38,10.0,10.09,-2.038834951456314,3.6893203883495223,29078891,295906667.27,2023-10-31,4.4553,12726436612.97,6585496642.56,3.6929,-18.3752
757,SHSE.600976,健民集团,61.63,61.45,63.5,61.05,62.42,1.2818432581535033,3.9753366866785704,1606100,100357121.78,2023-10-31,1.0504,9575140612.0,9544100207.14,4.4851,18.8544
758,SHSE.600977,中国电影,12.05,12.05,12.18,11.88,11.96,-0.7468879668049766,2.4896265560165887,15829569,189654793.86,2023-10-31,0.8479,22329320000.0,22329320000.0,1.9765,87.4438
759,SHSE.600979,广安爱众,3.46,3.47,3.47,3.38,3.41,-1.445086705202303,2.6011560693641704,20687760,70784914.12,2023-10-31,1.6788,4202005883.9,4202005883.9,0.9723,23.5537
760,SHSE.600980,北矿科技,15.77,15.74,15.95,15.66,15.74,-0.19023462270132407,1.8389346861128673,1923961,30439870.75,2023-10-31,1.2335,2979007899.24,2455034569.08,2.3292,32.9164
761,SHSE.600981,汇鸿集团,2.79,2.77,2.77,2.71,2.73,-2.1505376344086002,2.1505376344086042,14384682,39373862.86,2023-10-31,0.6415,6121842614.16,6121842614.16,1.2388,-23.3128
762,SHSE.600982,宁波能源,4.14,4.13,4.15,4.09,4.11,-0.7246376811594013,1.4492753623188528,7704804,31678612.04,2023-10-31,0.6959,4593448963.35,4550606356.23,1.1098,13.9393
763,SHSE.600983,惠而浦,8.07,8.15,8.22,7.95,8.02,-0.619578686493194,3.345724907063203,2948800,23757724.0,2023-10-31,0.3847,6146840780.0,6146840780.0,2.0431,52.378
764,SHSE.600984,建设机械,4.08,4.08,4.12,4.02,4.04,-0.9803921568627416,2.450980392156876,6687886,27074560.11,2023-10-31,0.532,5078457457.0,5078457457.0,0.8977,-14.5328
765,SHSE.600985,淮北矿业,14.34,14.29,14.8,14.25,14.68,2.3709902370990132,3.8354253835425434,25839794,377732156.0,2023-10-31,1.0415,36421644739.6,36421644739.6,0.9997,5.3005
766,SHSE.600986,浙文互联,5.46,5.51,5.64,5.47,5.56,1.831501831501825,3.1135531135531123,55329667,306801692.82,2023-10-31,4.184,8269799784.72,7352686386.04,1.6583,118.2096
767,SHSE.600987,航民股份,8.46,8.45,8.64,8.39,8.49,0.35460992907800915,2.9550827423167845,10596737,90026340.33,2023-10-31,1.0084,8921452112.91,8921452112.91,1.5012,13.4125
768,SHSE.600988,赤峰黄金,14.7,14.6,14.84,14.51,14.79,0.612244897959191,2.244897959183674,16283646,238662189.68,2023-10-31,0.9786,24609249280.62,24609249280.62,4.3584,42.8093
769,SHSE.600989,宝丰能源,14.25,14.32,14.49,14.27,14.42,1.1929824561403457,1.5438596491228114,15829117,228016125.05,2023-10-31,0.2159,105747051200.0,105747051200.0,2.8757,21.9362
770,SHSE.600990,四创电子,20.48,20.43,21.06,20.37,20.75,1.318359375,3.369140624999989,4371757,90314831.42,2023-10-31,1.6251,5727188659.0,5582013442.0,2.171,197.4589
771,SHSE.600992,贵绳股份,14.91,14.91,14.97,14.56,14.63,-1.8779342723004633,2.749832327297117,4408800,64833540.0,2023-10-31,1.7988,3585666700.0,3585666700.0,2.4037,102.8337
772,SHSE.600993,马应龙,22.77,22.65,22.94,22.55,22.88,0.48309178743961567,1.7127799736495413,4002031,91101667.77,2023-10-31,0.93,9862513026.08,9845424526.08,2.6522,20.49
773,SHSE.600995,南网储能,9.06,9.16,9.33,9.05,9.1,0.44150110375273943,3.0905077262693084,9450780,86224013.35,2023-10-31,0.8521,29083652825.5,10092824951.3,1.4077,25.0253
774,SHSE.600996,贵广网络,10.37,10.37,10.5,10.23,10.31,-0.5785920925747257,2.6036644165863025,13724744,142104251.96,2023-10-31,1.1365,12451057049.07,12451057049.07,2.5783,-67.4798
775,SHSE.600997,开滦股份,6.59,6.55,6.66,6.46,6.63,0.6069802731411222,3.0349013657056174,9522130,62397016.6,2023-10-31,0.5997,10527113012.13,10527113012.13,0.7421,10.3138
776,SHSE.600998,九州通,7.05,7.05,7.17,7.05,7.12,0.9929078014184523,1.7021276595744694,14287255,101855044.06,2023-10-31,0.3655,27831308576.48,27831308576.48,1.1856,12.8259
777,SHSE.600999,招商证券,14.05,14.08,14.14,14.03,14.14,0.6405693950177982,0.7829181494662006,10583372,149152072.68,2023-10-31,0.1426,122968889036.84,104947154546.08,1.1761,15.0118
778,SHSE.601000,唐山港,3.56,3.55,3.59,3.53,3.56,0.0,1.6853932584269677,20053227,71467492.08,2023-10-31,0.3384,21096305865.84,21096305865.84,1.0733,11.0036
779,SHSE.601001,晋控煤业,11.62,11.6,11.85,11.48,11.78,1.376936316695354,3.1841652323579965,11396365,133562848.39,2023-10-31,0.6809,19716186000.0,19716186000.0,1.2249,10.7996
780,SHSE.601002,晋亿实业,4.68,4.72,4.73,4.65,4.67,-0.21367521367521292,1.7094017094017109,3903001,18308410.69,2023-10-31,0.4089,4467975426.4,4457238162.4,1.0725,705.6177
781,SHSE.601003,柳钢股份,3.53,3.53,3.53,3.45,3.47,-1.6997167138810054,2.2662889518413496,14022060,48745539.6,2023-10-31,0.5471,8892892404.0,8892892404.0,0.956,-33.3557
782,SHSE.601005,重庆钢铁,1.5,1.51,1.52,1.49,1.49,-0.666666666666671,2.0000000000000018,38204801,57289708.49,2023-10-31,0.4559,13288717377.83,12486907849.83,0.6403,-9.9139
783,SHSE.601006,大秦铁路,7.15,7.17,7.22,7.12,7.21,0.8391608391608241,1.3986013986013937,36823089,264465057.77,2023-10-31,0.2396,110827749636.87,110827749636.87,0.8363,9.6395
784,SHSE.601007,金陵饭店,7.87,7.92,7.93,7.65,7.73,-1.7789072426937724,3.5578144853875395,6372094,49464681.82,2023-10-31,1.6339,3014700000.0,3014700000.0,1.9019,45.1565
785,SHSE.601008,连云港,4.17,4.16,4.19,4.13,4.15,-0.47961630695442237,1.4388489208633213,6317401,26227348.14,2023-10-31,0.5092,5148647724.9,5148647724.9,1.2309,29.6295
786,SHSE.601009,南京银行,7.82,7.77,7.85,7.75,7.84,0.2557544757033181,1.2787723785166194,18869940,147077700.28,2023-10-31,0.2048,81094866155.52,72226977381.44,0.6008,4.3317
787,SHSE.601010,文峰股份,2.43,2.42,2.45,2.38,2.39,-1.6460905349794275,2.880658436214003,16170003,38977617.2,2023-10-31,0.875,4416720000.0,4416720000.0,0.998,25.5963
788,SHSE.601011,宝泰隆,3.86,3.85,3.86,3.78,3.81,-1.2953367875647603,2.072538860103629,41939546,159882611.22,2023-10-31,2.1893,7298681893.59,7298681893.59,0.9471,394.829
789,SHSE.601012,隆基绿能,25.16,23.97,24.53,23.94,24.13,-4.093799682034982,2.3449920508744033,155497107,3760351671.83,2023-10-31,2.0519,182858163522.21,182857981437.23,2.5758,11.7751
790,SHSE.601015,陕西黑猫,4.41,4.4,4.77,4.37,4.6,4.308390022675734,9.070294784580486,57231920,262102419.61,2023-10-31,2.8021,9395489139.4,9395489139.4,1.2028,-41.5733
791,SHSE.601016,节能风电,3.19,3.2,3.2,3.15,3.17,-0.6269592476489061,1.5673981191222657,21994564,69766413.84,2023-10-31,0.3696,20525410252.08,18866543168.85,1.2731,13.5383
792,SHSE.601018,宁波港,3.44,3.45,3.47,3.43,3.45,0.29069767441860517,1.1627906976744196,16980851,58571080.35,2023-10-31,0.1074,67117639976.55,54535589926.5,0.904,14.1378
793,SHSE.601019,山东出版,8.54,8.6,8.61,8.16,8.26,-3.2786885245901565,5.269320843091327,13499503,112291171.84,2023-10-31,0.6469,17237794000.0,17237794000.0,1.252,9.5974
794,SHSE.601020,华钰矿业,8.19,8.18,8.25,8.12,8.16,-0.3663003663003539,1.587301587301597,16250249,133002118.8,2023-10-31,2.0641,6424311483.84,6424311483.84,2.1532,48.1891
795,SHSE.601021,春秋航空,52.9,54.42,55.55,53.7,54.75,3.497164461247637,3.497164461247627,8055130,438747290.54,2023-10-31,0.8232,53575547073.75,53575547073.75,3.2987,38.8567
796,SHSE.601022,宁波远洋,9.0,9.04,9.04,8.89,8.94,-0.666666666666671,1.666666666666651,2195908,19629255.28,2023-10-31,1.678,11699182005.96,1169918205.96,2.199,22.6815
797,SHSE.601028,玉龙股份,11.8,11.65,11.65,11.25,11.38,-3.5593220338983045,3.3898305084745792,34682007,394715010.27,2023-10-31,4.4292,8910833148.8,8910833148.8,2.8872,17.2299
798,SHSE.601038,一拖股份,11.97,11.84,11.89,11.49,11.58,-3.2581453634085267,3.3416875522138705,7764250,89920607.86,2023-10-31,1.3073,13011812284.5,6877477800.0,1.9159,13.4081
799,SHSE.601058,赛轮轮胎,11.4,11.45,11.45,11.08,11.23,-1.4912280701754432,3.245614035087712,31033000,347112709.4,2023-10-31,0.9946,35038173325.19,35038173325.19,2.5624,15.2882
800,SHSE.601059,信达证券,17.26,17.19,17.39,16.98,17.11,-0.8690614136732444,2.3754345307068374,23631158,404687738.16,2023-10-31,7.2868,55487730000.0,5548773000.0,3.2054,34.9001
801,SHSE.601061,中信金属,7.5,7.51,7.53,7.41,7.45,-0.6666666666666599,1.6000000000000014,7404018,55194973.63,2023-10-31,1.4774,36505000000.0,3733596160.15,1.9862,19.1692
802,SHSE.601065,江盐集团,11.24,11.25,11.41,11.22,11.29,0.4448398576512469,1.6903914590747287,9400608,106214206.92,2023-10-31,5.8754,7256941931.91,1806400000.0,1.8256,16.6833
803,SHSE.601066,中信建投,24.14,24.1,24.33,24.07,24.18,0.1657000828500399,1.0770505385252611,7702493,186455734.26,2023-10-31,0.2021,187556880191.46,92158733595.24,2.6219,27.7339
804,SHSE.601068,中铝国际,4.75,4.75,4.82,4.74,4.76,0.21052631578946102,1.6842105263157907,6111400,29181165.0,2023-10-31,0.2388,14085157334.92,12183651574.92,3.2867,-17.4927
805,SHSE.601069,西部黄金,13.03,12.96,13.04,12.85,13.03,0.0,1.458173445894087,4260140,55115425.8,2023-10-31,0.6228,12024781508.93,8912425662.8,2.5842,259.7716
806,SHSE.601077,渝农商行,4.17,4.17,4.29,4.16,4.25,1.918465227817756,3.1175059952038344,87093791,370648798.28,2023-10-31,0.9857,48267250000.0,37553313603.25,0.4214,4.3925
807,SHSE.601086,国芳集团,5.32,5.35,5.38,5.26,5.3,-0.375939849624074,2.2556390977443628,6711100,35629460.0,2023-10-31,1.0077,3529800000.0,3529800000.0,2.1966,17.852
808,SHSE.601088,中国神华,29.71,29.69,30.5,29.65,30.32,2.05318074722316,2.8609895658027646,18757968,567805833.65,2023-10-31,0.1137,602413525035.6,500008270795.6,1.518,10.2551
809,SHSE.601089,福元医药,18.6,18.41,18.79,18.39,18.5,-0.5376344086021612,2.1505376344085945,3289988,61158455.15,2023-10-31,1.6022,8880000000.0,3798908640.5,2.6451,18.2274
810,SHSE.601098,中南传媒,11.37,11.39,11.58,11.22,11.33,-0.3518029903254116,3.1662269129287552,9293430,105574767.77,2023-10-31,0.5175,20348680000.0,20348680000.0,1.3748,13.0114
811,SHSE.601099,太平洋,3.77,3.75,3.87,3.74,3.76,-0.2652519893899252,3.4482758620689626,473363801,1798773095.92,2023-10-31,6.9446,25629349551.2,25629349551.2,2.7042,-177.2804
812,SHSE.601100,恒立液压,59.04,58.1,58.4,55.16,56.3,-4.640921409214094,5.487804878048784,7546164,423605469.41,2023-10-31,0.5628,75488221849.6,75488221849.6,5.5428,32.1633
813,SHSE.601101,昊华能源,5.62,5.6,5.69,5.59,5.66,0.7117437722419906,1.7793594306049918,9783070,55234904.62,2023-10-31,0.6794,8150388261.16,8150388261.16,0.7234,9.8678
814,SHSE.601106,中国一重,2.94,2.94,2.94,2.91,2.92,-0.6802721088435382,1.0204081632652995,13232000,38672476.0,2023-10-31,0.1929,20024726146.84,20024726146.84,1.7004,235.8437
815,SHSE.601107,四川成渝,3.96,3.94,4.02,3.93,4.0,1.0101010101010166,2.272727272727258,10414601,41460544.97,2023-10-31,0.4815,12232240000.0,8650960000.0,0.7839,9.1811
816,SHSE.601108,财通证券,7.93,7.92,8.0,7.89,7.94,0.12610340479193294,1.3871374527112272,32145640,255140422.76,2023-10-31,0.6922,36871285770.28,36871285770.28,1.1051,19.0132
817,SHSE.601111,中国国航,7.92,7.91,8.07,7.81,8.02,1.262626262626254,3.2828282828282913,56366545,448553880.1,2023-10-31,0.5113,129930358560.76,88409146278.48,3.3263,-13.3607
818,SHSE.601113,华鼎股份,3.4,3.39,3.48,3.39,3.44,1.17647058823529,2.6470588235294077,12798600,43935087.07,2023-10-31,1.1591,3798283657.44,3798283657.44,1.1555,17.118
819,SHSE.601116,三江购物,11.19,11.16,11.16,10.88,10.98,-1.8766756032171483,2.502234137622872,4579184,50259243.32,2023-10-31,0.8361,6013508832.0,6013508832.0,1.9165,39.8996
820,SHSE.601117,中国化学,7.05,7.04,7.04,6.97,7.0,-0.7092198581560294,0.9929078014184437,53774651,376306211.69,2023-10-31,0.8889,42766294116.0,42346574116.0,0.7676,7.8934
821,SHSE.601118,海南橡胶,4.45,4.46,4.49,4.43,4.48,0.6741573033707926,1.348314606741584,18609899,83209581.66,2023-10-31,0.4349,19171836530.56,19171836530.56,2.1254,-57.2839
822,SHSE.601121,宝地矿业,7.33,7.33,7.33,7.2,7.26,-0.9549795361528002,1.7735334242837637,5074069,36756148.3,2023-10-31,2.537,5808000000.0,1452000000.0,1.9177,31.8828
823,SHSE.601126,四方股份,14.67,14.67,14.75,13.91,14.04,-4.294478527607371,5.7259713701431485,13105423,185499186.61,2023-10-31,1.6116,11416934880.0,11416934880.0,2.8002,18.2349
824,SHSE.601127,赛力斯,82.81,84.5,85.2,78.99,81.49,-1.59401038521918,7.499094312281135,78530804,6409068867.97,2023-10-31,5.2097,122837359574.78,122837359574.78,13.2446,-35.5934
825,SHSE.601128,常熟银行,7.36,7.36,7.41,7.3,7.36,0.0,1.4945652173913087,14742961,108562970.62,2023-10-31,0.5577,20172897304.96,19455217610.88,0.8476,6.3386
826,SHSE.601133,柏诚股份,13.18,14.0,14.5,13.29,13.37,1.4415781487101542,9.180576631259491,14282529,197283083.62,2023-10-31,10.9866,6985825000.0,1738100000.0,2.5812,33.0013
827,SHSE.601136,首创证券,23.27,23.27,23.6,22.66,22.97,-1.289213579716375,4.0395358831113075,37274379,860768862.02,2023-10-31,13.6369,62784677386.0,6278477386.0,5.1942,111.3918
828,SHSE.601137,博威合金,15.85,15.86,15.97,15.51,15.6,-1.577287066246058,2.90220820189275,9756386,153053331.51,2023-10-31,1.2517,12197107572.0,12159667572.0,1.8183,13.4571
829,SHSE.601138,工业富联,14.6,14.82,15.08,14.53,14.72,0.8219178082191858,3.7671232876712377,152112193,2250138536.51,2023-10-31,0.767,292425194387.2,291923782390.4,2.2018,13.4375
830,SHSE.601139,深圳燃气,6.84,6.84,6.87,6.71,6.78,-0.877192982456132,2.3391812865497097,9837651,66529138.85,2023-10-31,0.342,19504232749.32,19504232749.32,1.4041,13.3075
831,SHSE.601155,新城控股,11.96,11.88,12.09,11.68,11.9,-0.5016722408026753,3.428093645484951,17410780,206411440.1,2023-10-31,0.7719,26841911986.4,26841911986.4,0.4381,51.3479
832,SHSE.601156,东航物流,11.58,11.53,11.64,11.49,11.56,-0.17271157167529916,1.2953367875647699,4477700,51725144.0,2023-10-31,0.5585,18352142227.36,9267831827.36,1.2546,7.7806
833,SHSE.601158,重庆水务,5.56,5.59,5.65,5.57,5.62,1.0791366906474975,1.4388489208633108,7342459,41209897.76,2023-10-31,0.153,26976000000.0,26976000000.0,1.5614,16.1719
834,SHSE.601162,天风证券,3.24,3.22,3.26,3.19,3.2,-1.2345679012345734,2.1604938271604888,157310064,505731419.13,2023-10-31,1.8153,27730423884.8,27730423884.8,1.1666,-24.399
835,SHSE.601163,三角轮胎,15.13,15.08,15.3,14.9,14.93,-1.3218770654329193,2.6437541308658314,4607699,69289342.74,2023-10-31,0.576,11944000000.0,11944000000.0,0.9528,9.0151
836,SHSE.601166,兴业银行,15.57,15.3,15.3,14.95,15.08,-3.1470777135517047,2.247912652536939,161221468,2427542698.89,2023-10-31,0.7761,313276292204.72,313276292204.72,0.4511,3.7059
837,SHSE.601168,西部矿业,12.59,12.58,12.69,12.41,12.56,-0.2382843526608336,2.223987291501186,13940798,174762809.92,2023-10-31,0.585,29930480000.0,29930480000.0,1.9917,9.1717
838,SHSE.601169,北京银行,4.52,4.54,4.57,4.52,4.56,0.8849557522123908,1.1061946902655024,64490277,293065375.64,2023-10-31,0.305,96412008280.32,96412008280.32,0.3929,3.7614
839,SHSE.601177,杭齿前进,9.04,9.03,9.12,9.02,9.02,-0.22123893805309214,1.106194690265483,2223500,20149508.0,2023-10-31,0.5558,3608541200.0,3608541200.0,1.5859,15.19
840,SHSE.601179,中国西电,4.63,4.64,4.66,4.59,4.62,-0.21598272138227959,1.5118790496760321,9865801,45582887.62,2023-10-31,0.1925,23681576466.24,23681576466.24,1.1068,35.7077
841,SHSE.601186,中国铁建,7.98,8.0,8.03,7.93,8.02,0.5012531328320691,1.253132832080196,44571326,355714748.63,2023-10-31,0.3875,108907922830.0,92256028910.0,0.445,3.9902
842,SHSE.601187,厦门银行,5.31,5.3,5.33,5.24,5.3,-0.18832391713746732,1.6949152542372856,10751665,56801150.9,2023-10-31,0.8384,13987377806.4,6797136071.2,0.6017,5.0506
843,SHSE.601188,龙江交通,4.24,4.2,4.23,4.06,4.09,-3.5377358490566113,4.00943396226417,53292410,218516653.6,2023-10-31,4.0499,5381943355.39,5381943355.39,1.1664,37.2512
844,SHSE.601198,东兴证券,8.0,8.0,8.07,7.98,8.0,0.0,1.1249999999999982,15215700,121958438.0,2023-10-31,0.4707,25859564160.0,25859564160.0,0.9702,58.7921
845,SHSE.601199,江南水务,5.35,5.37,5.37,5.28,5.31,-0.747663551401867,1.6822429906542031,7245140,38467182.36,2023-10-31,0.7747,4965966650.52,4965966650.52,1.3566,14.6733
846,SHSE.601200,上海环境,9.58,9.58,9.58,9.45,9.47,-1.148225469728592,1.3569937369519915,4755746,45122324.26,2023-10-31,0.4239,10624000402.21,10624000402.21,0.9993,19.7416
847,SHSE.601208,东材科技,12.03,12.01,12.25,11.98,12.09,0.4987531172069959,2.244389027431418,9967170,120597513.76,2023-10-31,1.1114,11095175837.07,10842089822.07,2.57,29.3987
848,SHSE.601211,国泰君安,14.58,14.77,14.88,14.71,14.77,1.3031550068587139,1.1659807956104247,30303675,448589275.7,2023-10-31,0.4066,131521101752.32,110075176367.52,0.9009,11.2336
849,SHSE.601212,白银有色,2.76,2.75,2.77,2.73,2.75,-0.36231884057970065,1.449275362318842,17338500,47621969.0,2023-10-31,0.2342,20363129905.25,20363129905.25,1.3437,78.7765
850,SHSE.601216,君正集团,4.0,4.0,4.02,3.97,4.0,0.0,1.2499999999999845,14550919,58151563.0,2023-10-31,0.1724,33752069560.0,33752069560.0,1.2716,9.367
851,SHSE.601218,吉鑫科技,3.7,3.71,3.82,3.71,3.78,2.1621621621621623,2.9729729729729693,16370300,61888452.0,2023-10-31,1.6773,3693422622.96,3689292232.08,1.2908,24.1363
852,SHSE.601222,林洋能源,6.76,6.74,6.78,6.62,6.66,-1.4792899408283988,2.3668639053254457,19727129,131723245.24,2023-10-31,0.9575,13720726578.96,13720726578.96,0.8969,14.0997
853,SHSE.601225,陕西煤业,17.61,17.61,18.13,17.52,18.02,2.3282226007949935,3.4639409426462207,32221390,577853775.1,2023-10-31,0.3324,174703900000.0,174703900000.0,2.0251,7.8987
854,SHSE.601226,华电重工,5.7,5.71,5.77,5.69,5.75,0.8771929824561431,1.4035087719298103,5327474,30496957.52,2023-10-31,0.4597,6708295000.0,6663261000.0,1.6043,27.7312
855,SHSE.601228,广州港,3.12,3.12,3.14,3.1,3.12,0.0,1.2820512820512833,9017603,28112373.36,2023-10-31,0.1381,23538937815.12,20376775654.56,1.175,22.2965
856,SHSE.601229,上海银行,6.02,6.02,6.08,6.01,6.07,0.8305647840531671,1.1627906976744233,22410346,135568883.08,2023-10-31,0.1618,86234473552.07,84055035693.81,0.407,3.8398
857,SHSE.601231,环旭电子,14.67,14.68,14.79,14.46,14.53,-0.9543285616905317,2.2494887525562257,6779294,98660104.99,2023-10-31,0.3107,32077971027.88,31701063234.72,2.0151,14.0604
858,SHSE.601233,桐昆股份,14.4,14.4,14.56,14.26,14.44,0.2777777777777768,2.083333333333338,12116700,174683905.0,2023-10-31,0.5297,34816565478.92,33031948174.28,0.9793,-38.771
859,SHSE.601236,红塔证券,7.79,7.78,7.85,7.76,7.8,0.12836970474967568,1.1553273427471098,23725655,185238444.0,2023-10-31,0.503,36790944387.6,36790944387.6,1.6063,161.5103
860,SHSE.601238,广汽集团,10.17,10.14,10.19,9.96,10.02,-1.4749262536873142,2.261553588987204,26268308,263593995.44,2023-10-31,0.3583,105069434710.56,73456493467.44,0.9098,23.2618
861,SHSE.601279,英利汽车,6.03,6.05,6.09,5.86,5.9,-2.1558872305140975,3.8142620232172395,7863700,46634132.0,2023-10-31,4.0236,8816093626.3,1153097091.5,2.3539,66.9974
862,SHSE.601288,农业银行,3.56,3.55,3.6,3.54,3.59,0.8426966292134797,1.6853932584269677,321090252,1148219512.24,2023-10-31,0.1006,1256439091604.07,1146086716689.43,0.5379,4.6715
863,SHSE.601298,青岛港,5.98,5.99,6.0,5.84,5.99,0.16722408026754731,2.6755852842809387,15420272,91409213.84,2023-10-31,0.286,38881689000.0,32298529250.0,0.9902,7.9933
864,SHSE.601311,骆驼股份,8.27,8.29,8.31,8.18,8.23,-0.48367593712211887,1.5719467956469262,7628908,62834241.52,2023-10-31,0.6503,9654992551.14,9654992551.14,1.0612,16.8969
865,SHSE.601318,中国平安,45.31,45.42,45.93,45.18,45.46,0.33105274773779225,1.655263738689031,42308883,1926939393.94,2023-10-31,0.3931,827837265234.22,489270418814.7,0.9167,10.5366
866,SHSE.601319,中国人保,5.34,5.33,5.4,5.32,5.34,0.0,1.4981273408239715,64336615,344357950.12,2023-10-31,0.1812,236156109713.22,189558020153.22,0.9822,11.4378
867,SHSE.601326,秦港股份,2.99,2.99,2.99,2.95,2.97,-0.6688963210702337,1.3377926421404693,16514400,48992746.0,2023-10-31,0.3471,16594613640.0,14129950230.0,0.9066,11.2028
868,SHSE.601328,交通银行,5.59,5.58,5.65,5.55,5.63,0.7155635062611854,1.7889087656529614,111024948,622405535.55,2023-10-31,0.2829,418099151011.35,220982364404.45,0.4716,4.4752
869,SHSE.601330,绿色动力,6.83,6.82,6.9,6.81,6.86,0.43923865300146137,1.3177159590044034,2617002,17933894.66,2023-10-31,0.2646,9559070608.36,6785162435.24,1.2755,13.853
870,SHSE.601333,广深铁路,2.68,2.68,2.69,2.54,2.58,-3.731343283582089,5.597014925373131,82382260,213734632.48,2023-10-31,1.4575,18275525460.0,14582771460.0,0.693,1001.6718
871,SHSE.601336,新华保险,33.35,33.25,33.75,33.1,33.4,0.14992503748125774,1.9490254872563677,11058899,369247144.98,2023-10-31,0.5303,104192856440.0,69653673956.0,0.962,12.9079
872,SHSE.601339,百隆东方,5.4,5.38,5.52,5.34,5.49,1.6666666666666607,3.3333333333333277,8639840,46914341.54,2023-10-31,0.576,8235000000.0,8235000000.0,0.8199,7.6428
873,SHSE.601360,三六零,9.02,9.02,9.12,8.89,8.98,-0.44345898004433115,2.549889135254974,71916477,647243216.4,2023-10-31,1.0065,64165361509.06,64165361509.06,2.036,-105.5801
874,SHSE.601366,利群股份,5.35,5.35,5.36,5.28,5.34,-0.18691588785045843,1.4953271028037398,1940700,10318215.0,2023-10-31,0.2305,4537000981.68,4495412517.0,1.1463,-27.9435
875,SHSE.601368,绿城水务,5.28,5.28,5.34,5.27,5.31,0.5681818181818121,1.325757575757581,5968700,31681482.0,2023-10-31,0.676,4688587038.87,4688587038.87,0.9893,34.7402
876,SHSE.601369,陕鼓动力,7.86,7.87,7.92,7.75,7.77,-1.1450381679389388,2.1628498727735357,5004614,39118583.18,2023-10-31,0.2988,13420275756.09,13015279074.84,1.5885,15.2291
877,SHSE.601375,中原证券,3.93,3.92,3.95,3.89,3.91,-0.5089058524173073,1.5267175572519098,40233925,157622409.52,2023-10-31,1.167,18153679177.0,13479802027.0,1.3055,85.5959
878,SHSE.601377,兴业证券,6.28,6.25,6.3,6.21,6.24,-0.6369426751592355,1.433121019108278,67078146,418790714.07,2023-10-31,0.7767,53888560714.56,53888560714.56,1.018,22.1061
879,SHSE.601388,怡球资源,2.73,2.72,2.74,2.69,2.71,-0.73260073260073,1.8315018315018412,8888636,24081812.64,2023-10-31,0.4038,5965400930.76,5965313289.36,1.3958,27.7122
880,SHSE.601390,中国中铁,6.16,6.18,6.2,6.0,6.05,-1.7857142857142905,3.2467532467532494,111294766,674121334.53,2023-10-31,0.5465,149750785697.15,123199412662.15,0.5484,4.6388
881,SHSE.601398,工商银行,4.69,4.69,4.74,4.67,4.73,0.8528784648187626,1.4925373134328417,241111606,1136787729.87,2023-10-31,0.0894,1685801596030.97,1275265765309.47,0.5106,4.6493
882,SHSE.601399,国机重装,2.99,2.99,3.0,2.96,2.97,-0.6688963210702337,1.3377926421404693,11074900,32921547.0,2023-10-31,0.1535,21424260993.3,21424260993.3,1.5451,49.0757
883,SHSE.601456,国联证券,10.81,10.76,10.9,10.68,10.74,-0.647548566142464,2.0351526364477395,32065126,345091684.7,2023-10-31,1.3421,30413243824.32,25659290224.32,1.7006,35.758
884,SHSE.601500,通用股份,3.86,3.85,3.89,3.77,3.8,-1.5544041450777257,3.108808290155443,34589014,132209894.06,2023-10-31,2.2056,5992070793.0,5959312171.0,1.1067,39.2304
885,SHSE.601512,中新集团,8.15,8.13,8.19,8.02,8.18,0.36809815950920033,2.0858895705521463,5276122,42770724.72,2023-10-31,0.352,12260920200.0,12260920200.0,0.8832,7.6365
886,SHSE.601515,东峰集团,4.02,4.03,4.04,3.96,3.97,-1.243781094527352,1.9900497512437831,9542488,38052430.88,2023-10-31,0.5178,7316559231.31,7316559231.31,1.2747,30.3402
887,SHSE.601518,吉林高速,2.7,2.7,2.7,2.62,2.65,-1.85185185185186,2.9629629629629655,25426230,67357490.8,2023-10-31,1.3449,5009965897.85,5009965897.85,1.0302,10.7238
888,SHSE.601519,大智慧,7.71,7.74,7.84,7.68,7.75,0.5188067444876765,2.0752269779507153,31245866,242409780.48,2023-10-31,1.5593,15650526700.0,15529958400.0,8.3812,67.9833
889,SHSE.601528,瑞丰银行,5.27,5.28,5.35,5.25,5.29,0.379506641366234,1.8975332068311128,17937500,95070869.85,2023-10-31,2.2736,10379833779.55,4173474677.48,0.6468,6.0715
890,SHSE.601555,东吴证券,8.01,8.06,8.13,7.96,8.02,0.12484394506866447,2.1223470661673014,53828989,432827134.6,2023-10-31,1.075,40160171261.02,40160171261.02,1.0195,17.8865
891,SHSE.601566,九牧王,10.0,10.06,10.06,9.87,9.95,-0.5000000000000115,1.9000000000000128,1416137,14093191.15,2023-10-31,0.2464,5717639642.5,5717639642.5,1.4923,48.3411
892,SHSE.601567,三星医疗,16.35,16.31,16.54,16.29,16.32,-0.18348623853211565,1.5290519877675839,10925584,178980186.77,2023-10-31,0.7832,23044983558.72,22764984288.96,2.1716,13.276
893,SHSE.601568,北元集团,5.21,5.21,5.26,5.2,5.24,0.5758157389635254,1.151631477927056,7224876,37863382.13,2023-10-31,0.2812,20814444453.76,13464383783.6,1.5947,41.8647
894,SHSE.601577,长沙银行,7.36,7.37,7.39,7.24,7.35,-0.13586956521740579,2.0380434782608625,14009728,102586541.46,2023-10-31,0.3484,29558420091.9,29551384929.15,0.5028,4.0469
895,SHSE.601579,会稽山,11.24,11.28,11.35,11.16,11.32,0.7117437722419906,1.6903914590747287,4454612,50161731.88,2023-10-31,0.9291,5427525789.88,5427525789.88,1.489,36.5282
896,SHSE.601588,北辰实业,2.04,2.05,2.08,2.02,2.07,1.4705882352941124,2.9411764705882377,29738100,61035094.0,2023-10-31,1.118,6969731400.0,5506200000.0,0.5439,-9.1628
897,SHSE.601595,上海电影,18.26,18.62,18.85,18.01,18.26,0.0,4.600219058050382,10559120,193543122.4,2023-10-31,2.3559,8184132000.0,8184132000.0,4.9704,-148.046
898,SHSE.601598,中国外运,4.41,4.4,4.47,4.37,4.39,-0.45351473922903285,2.2675736961451167,22541945,99507531.5,2023-10-31,0.4289,32021612081.25,23073475081.25,0.8726,8.7605
899,SHSE.601599,浙文影业,3.39,3.39,3.41,3.36,3.41,0.5899705014749346,1.4749262536873233,10179600,34531010.0,2023-10-31,1.1403,3957449764.73,3044192127.24,2.803,35.0596
900,SHSE.601600,中国铝业,6.14,6.12,6.22,6.12,6.2,0.9771986970684043,1.6286644951140006,76440396,472307761.25,2023-10-31,0.5845,106401867616.2,81087983294.6,1.8636,25.6649
901,SHSE.601601,中国太保,27.14,27.23,27.9,27.1,27.75,2.247605011053788,2.94767870302136,25136676,694575287.06,2023-10-31,0.3672,266964475376.25,189949900376.25,1.1193,15.5746
902,SHSE.601606,长城军工,12.59,12.55,12.74,12.44,12.59,0.0,2.382843526608425,9448174,118933212.37,2023-10-31,1.3046,9118035556.0,9118035556.0,3.5085,86.7241
903,SHSE.601607,上海医药,17.88,17.87,18.1,17.85,18.03,0.838926174496657,1.3982102908277405,14086802,254055848.15,2023-10-31,0.7293,66770518003.62,34825304770.62,0.9746,14.5153
904,SHSE.601608,中信重工,3.69,3.68,3.69,3.64,3.66,-0.8130081300812941,1.3550135501354965,13676059,50033450.65,2023-10-31,0.3152,15882274612.38,15882274612.38,2.0157,72.6588
905,SHSE.601609,金田股份,6.84,6.86,6.9,6.82,6.86,0.29239766081872176,1.1695906432748548,7876800,54012342.0,2023-10-31,0.535,10145153535.3,10100572110.3,1.3338,25.2063
906,SHSE.601611,中国核建,6.96,6.97,7.01,6.94,6.98,0.287356321839094,1.005747126436773,7850501,54783842.98,2023-10-31,0.2686,21071721283.12,20400068416.9,1.1497,11.2074
907,SHSE.601615,明阳智能,14.2,14.24,14.35,13.78,13.97,-1.6197183098591417,4.014084507042256,25228425,351740267.8,2023-10-31,1.1151,31739612372.82,31607243828.82,1.1117,28.4041
908,SHSE.601616,广电电气,3.29,3.28,3.31,3.25,3.27,-0.6079027355623157,1.8237082066869317,5908666,19326026.16,2023-10-31,0.6316,3059330250.0,3059330250.0,1.2688,1098.4879
909,SHSE.601618,中国中冶,3.31,3.3,3.32,3.28,3.31,0.0,1.2084592145015116,62008625,204561788.25,2023-10-31,0.3473,68595179452.7,59092169452.7,0.6994,5.8405
910,SHSE.601619,嘉泽新能,3.69,3.7,3.7,3.58,3.6,-2.4390243902438935,3.2520325203252063,27727018,100305763.44,2023-10-31,1.1454,8763716736.0,8714295936.0,1.3861,11.5668
911,SHSE.601628,中国人寿,33.22,33.0,33.66,32.9,33.6,1.14388922335944,2.287778446718838,12154616,406222541.48,2023-10-31,0.0584,949694088000.0,699670608000.0,2.1492,55.0037
912,SHSE.601633,长城汽车,30.01,30.17,30.29,28.98,29.38,-2.0993002332555855,4.365211596134618,26941867,792758353.43,2023-10-31,0.4369,249623527820.16,181161812295.36,3.816,48.9409
913,SHSE.601636,旗滨集团,8.0,8.0,8.03,7.88,7.98,-0.24999999999999467,1.8749999999999933,17397301,138132756.15,2023-10-31,0.6483,21414340741.08,21414340741.08,1.6801,16.3284
914,SHSE.601658,邮储银行,4.56,4.55,4.59,4.51,4.57,0.21929824561404132,1.7543859649122824,116710174,532300294.44,2023-10-31,0.1739,453166117493.66,306749346064.0,0.5856,5.207
915,SHSE.601665,齐鲁银行,4.03,4.02,4.05,4.0,4.03,0.0,1.2406947890818814,12920454,51994751.3,2023-10-31,0.557,18461318304.52,9348752789.22,0.5915,4.6185
916,SHSE.601666,平煤股份,10.06,10.03,10.13,9.98,10.0,-0.5964214711729698,1.491053677932409,18938789,190075816.03,2023-10-31,0.8229,23138762650.0,23015906650.0,1.0326,5.596
917,SHSE.601668,中国建筑,5.17,5.17,5.2,5.13,5.18,0.19342359767891004,1.3539651837524234,107474957,554926343.9,2023-10-31,0.2601,217143084819.92,214039622499.92,0.5332,4.2521
918,SHSE.601669,中国电建,5.26,5.26,5.28,5.24,5.26,0.0,0.7604562737642593,59612466,313363655.59,2023-10-31,0.456,90609598096.84,68756225971.0,0.713,7.3592
919,SHSE.601677,明泰铝业,12.3,12.34,12.34,12.11,12.27,-0.24390243902440156,1.8699186991869954,13637360,166558133.05,2023-10-31,1.2483,14631877171.29,13404877171.29,1.0,10.1607
920,SHSE.601678,滨化股份,4.49,4.49,4.53,4.46,4.52,0.6681514476614581,1.5590200445434361,12628947,56847999.4,2023-10-31,0.6136,9302323967.52,9302323967.52,0.821,20.9435
921,SHSE.601686,友发集团,6.5,6.48,6.54,6.37,6.39,-1.692307692307693,2.615384615384614,5400680,34701993.6,2023-10-31,0.9471,9135844663.5,3643827529.5,1.4554,13.7812
922,SHSE.601688,华泰证券,15.56,15.8,16.2,15.68,16.03,3.020565552699228,3.3419023136246757,66509163,1065320168.07,2023-10-31,0.9078,145466853260.05,117441218385.89,0.9673,11.3498
923,SHSE.601689,拓普集团,65.28,64.0,65.44,63.5,64.44,-1.2867647058823595,2.9718137254901924,12858789,830350549.82,2023-10-31,1.1668,71016041104.2,71016041104.2,5.4312,34.0031
924,SHSE.601696,中银证券,10.91,10.88,11.03,10.84,10.9,-0.09165902841429263,1.7415215398716728,22531793,245898438.98,2023-10-31,0.8111,30280200000.0,30280200000.0,1.7682,35.5463
925,SHSE.601698,中国卫通,19.4,19.33,19.61,18.77,19.0,-2.0618556701030855,4.329896907216495,64548251,1235501043.63,2023-10-31,1.528,80263322828.0,80263322828.0,5.2181,100.2693
926,SHSE.601699,潞安环能,18.64,18.55,19.15,18.55,19.0,1.93133047210301,3.2188841201716625,17835267,337758559.9,2023-10-31,0.5962,56836774800.0,56836774800.0,1.1658,4.6704
927,SHSE.601700,风范股份,4.81,4.83,4.92,4.81,4.85,0.8316008316008316,2.2869022869022935,9413700,45624057.0,2023-10-31,0.8241,5539896495.0,5539896495.0,2.1037,142.2721
928,SHSE.601702,华峰铝业,16.74,16.73,16.78,16.2,16.38,-2.1505376344086002,3.464755077658315,2848400,46704872.0,2023-10-31,0.2853,16355931228.0,16355931228.0,3.8086,20.1305
929,SHSE.601717,郑煤机,12.57,12.75,12.85,12.31,12.38,-1.511535401750197,4.295942720763716,14461896,180471420.68,2023-10-31,0.9477,22042812468.6,18892743752.6,1.1296,7.2424
930,SHSE.601718,际华集团,2.88,2.88,2.9,2.87,2.89,0.3472222222222321,1.0416666666666599,24361338,70448693.13,2023-10-31,0.5547,12691808977.56,12691808977.56,0.746,81.4885
931,SHSE.601727,上海电气,4.54,4.53,4.53,4.41,4.44,-2.2026431718061623,2.643171806167403,53084285,236326733.21,2023-10-31,0.4195,69174352368.48,56189652288.48,1.2989,-52.0504
932,SHSE.601728,中国电信,5.31,5.28,5.38,5.26,5.33,0.37664783427495685,2.25988700564972,146271558,779674162.37,2023-10-31,0.7466,487733049265.67,104416967286.06,1.1103,16.1764
933,SHSE.601766,中国中车,5.43,5.44,5.45,5.32,5.34,-1.6574585635359074,2.3941068139963146,66304684,354892755.88,2023-10-31,0.2725,153251934229.92,129910441576.32,0.9847,13.012
934,SHSE.601777,力帆科技,3.91,3.91,3.94,3.77,3.82,-2.3017902813299296,4.34782608695652,29644299,113614522.23,2023-10-31,1.3173,17463217860.0,8596719000.0,1.6988,272.0192
935,SHSE.601778,晶科科技,3.62,3.66,3.76,3.65,3.66,1.104972375690605,3.0386740331491677,76572000,282520088.82,2023-10-31,2.1443,13069679309.46,13069679309.46,0.858,43.737
936,SHSE.601788,光大证券,16.53,16.52,16.6,16.38,16.46,-0.4234724742891771,1.330913490623124,21269028,350317527.26,2023-10-31,0.5444,75893564537.94,64304262889.94,1.3152,18.3271
937,SHSE.601789,宁波建工,4.37,4.37,4.4,4.32,4.34,-0.6864988558352492,1.8306636155606424,27999257,121679124.24,2023-10-31,2.5763,4716705880.6,4716705880.6,1.1213,13.1274
938,SHSE.601798,蓝科高新,6.75,6.76,6.91,6.75,6.84,1.333333333333342,2.3703703703703725,4044119,27626679.12,2023-10-31,1.1407,2424972874.32,2424972874.32,1.7666,-12.933
939,SHSE.601799,星宇股份,145.7,146.07,147.5,144.14,146.2,0.34317089910775866,2.3061084420041276,955396,139345626.77,2023-10-31,0.3344,41766331057.8,41766331057.8,4.7434,43.099
940,SHSE.601800,中国交建,8.16,8.18,8.19,8.06,8.12,-0.4901960784313819,1.5931372549019485,25882378,210113624.56,2023-10-31,0.2203,132060930771.0,95387551651.0,0.5163,6.7676
941,SHSE.601801,皖新传媒,6.6,6.61,6.78,6.54,6.62,0.3030303030303161,3.63636363636364,27489575,181885041.76,2023-10-31,1.3819,13168535358.94,13168535358.94,1.1148,15.3108
942,SHSE.601808,中海油服,15.77,15.71,15.72,15.41,15.6,-1.07799619530754,1.9657577679137634,5526484,85759116.99,2023-10-31,0.1867,74436835200.0,46183300800.0,1.8198,29.0967
943,SHSE.601811,新华文轩,12.9,12.83,13.08,12.63,12.8,-0.7751937984496138,3.48837209302325,4934088,63328131.08,2023-10-31,0.6231,15793164800.0,10136369920.0,1.2016,10.0931
944,SHSE.601816,京沪高铁,5.01,5.01,5.02,4.97,5.0,-0.19960079840318778,0.9980039920159646,50176078,250749642.7,2023-10-31,0.1022,245532423055.0,245532423055.0,1.2756,29.9943
945,SHSE.601818,光大银行,2.95,2.96,2.98,2.95,2.97,0.6779661016949268,1.0169491525423662,101737125,301882860.13,2023-10-31,0.2192,175484086651.17,137828242216.17,0.396,3.8227
946,SHSE.601825,沪农商行,5.96,5.96,5.99,5.9,5.96,0.0,1.5100671140939574,16935609,100833952.46,2023-10-31,0.3664,57480888892.2,27545710132.2,0.5228,4.6373
947,SHSE.601827,三峰环境,7.79,7.78,7.86,7.71,7.78,-0.12836970474967568,1.9255455712451908,7621400,59279057.0,2023-10-31,0.4541,13056925040.0,13056925040.0,1.2701,10.3316
948,SHSE.601828,美凯龙,4.23,4.23,4.27,4.2,4.26,0.7092198581560183,1.6548463356973848,13388983,56628191.28,2023-10-31,0.3705,18551161186.98,15393284386.14,0.3534,-16.4201
949,SHSE.601838,成都银行,12.41,12.39,12.44,12.3,12.36,-0.40290088638195165,1.1281224818694504,25260880,312384791.56,2023-10-31,0.6637,47140199606.52,47039899714.44,0.7682,4.118
950,SHSE.601857,中国石油,7.13,7.1,7.15,7.0,7.12,-0.14025245441794398,2.10378681626929,157033421,1113276522.46,2023-10-31,0.097,1303109362064.16,1152885194064.16,0.9184,8.0888
951,SHSE.601858,中国科传,26.3,26.08,26.52,25.62,26.03,-1.0266159695817456,3.422053231939158,15342258,399306811.61,2023-10-31,1.9408,20576715000.0,20576715000.0,4.1898,42.5907
952,SHSE.601860,紫金银行,2.59,2.59,2.61,2.58,2.6,0.38610038610038533,1.1583011583011509,29829000,77439859.0,2023-10-31,0.8504,9518544581.0,9120267124.8,0.5337,5.6858
953,SHSE.601865,福莱特,25.85,26.88,27.85,25.38,25.8,-0.19342359767892114,9.5551257253385,15319664,401353414.25,2023-10-31,0.904,60664153059.6,43721569093.8,2.8211,23.4491
954,SHSE.601866,中远海发,2.31,2.31,2.32,2.28,2.3,-0.43290043290044045,1.731601731601733,25081654,57557608.66,2023-10-31,0.3046,31224658807.6,18939648514.7,1.0764,22.1755
955,SHSE.601868,中国能建,2.19,2.19,2.2,2.17,2.18,-0.45662100456620447,1.3698630136986416,85591860,186798430.86,2023-10-31,0.6018,90886736726.48,31005052099.34,0.9532,13.5879
956,SHSE.601869,长飞光纤,32.03,31.33,31.64,30.06,30.31,-5.369965657196385,4.932875429285051,3289382,100275915.29,2023-10-31,0.8095,22972103823.48,12316114297.34,2.0144,19.598
957,SHSE.601872,招商轮船,6.42,6.36,6.48,6.26,6.43,0.15576323987538387,3.426791277258577,30240723,192461294.55,2023-10-31,0.3713,52363613128.19,52363613128.19,1.4437,10.5202
958,SHSE.601877,正泰电器,23.02,23.02,23.38,22.87,23.09,0.3040834057341346,2.2154648132058994,8566222,197382885.04,2023-10-31,0.3986,49619693655.84,49619693655.84,1.3005,12.9851
959,SHSE.601878,浙商证券,10.03,10.03,10.1,10.0,10.07,0.3988035892323216,0.9970089730807543,17510019,175990146.18,2023-10-31,0.4515,39053380550.4,39053380550.4,1.5078,21.3615
960,SHSE.601880,辽港股份,1.52,1.53,1.53,1.5,1.51,-0.6578947368421018,1.9736842105263175,41822384,63192955.3,2023-10-31,0.2221,36220469382.16,28430808223.67,0.9199,29.4635
961,SHSE.601881,中国银河,12.12,12.08,12.27,12.04,12.13,0.08250825082509738,1.8976897689769012,55810876,677066688.43,2023-10-31,0.8134,127997864227.49,83226220629.2,1.3424,16.1544
962,SHSE.601882,海天精工,27.62,27.04,27.5,26.61,27.02,-2.172338884866043,3.22230267921796,2307861,62080023.65,2023-10-31,0.4421,14104440000.0,14104440000.0,6.2279,23.7261
963,SHSE.601886,江河集团,7.0,6.98,7.03,6.8,6.88,-1.7142857142857126,3.285714285714292,9353134,64142324.54,2023-10-31,0.8255,7795054172.8,7795054172.8,1.1408,17.7855
964,SHSE.601888,中国中免,95.42,94.9,95.3,93.6,94.6,-0.8593586250262075,1.7815971494445637,10562158,996404953.32,2023-10-31,0.541,195714065562.4,184704186462.4,3.72,34.8959
965,SHSE.601890,亚星锚链,9.12,9.25,9.41,9.13,9.18,0.6578947368421018,3.0701754385964843,17861086,165108997.04,2023-10-31,1.8617,8807292000.0,8807292000.0,2.6027,38.5448
966,SHSE.601898,中煤能源,8.55,8.48,8.63,8.43,8.6,0.5847953216374213,2.33918128654972,21756817,186245679.55,2023-10-31,0.2377,114024505240.0,78707203440.0,0.7952,7.3088
967,SHSE.601899,紫金矿业,12.42,12.4,12.46,12.28,12.44,0.16103059581320522,1.4492753623188526,75169604,929308103.08,2023-10-31,0.3662,327502546225.6,255334722520.72,3.1717,16.7608
968,SHSE.601900,南方传媒,14.49,14.77,15.11,14.22,14.39,-0.6901311249137287,6.14216701173222,33846923,494944543.26,2023-10-31,3.7781,12891663784.74,12891663784.74,1.7523,12.0924
969,SHSE.601901,方正证券,7.63,7.61,7.69,7.55,7.58,-0.6553079947575369,1.8348623853211083,35895172,273639643.34,2023-10-31,0.436,62399328574.1,62399328574.1,1.3903,29.1114
970,SHSE.601908,京运通,4.65,4.64,4.68,4.58,4.62,-0.6451612903225823,2.1505376344085945,12860643,59343394.08,2023-10-31,0.5326,11155465217.82,11155465217.82,0.9674,-243.2431
971,SHSE.601916,浙商银行,2.52,2.53,2.55,2.52,2.55,1.1904761904761862,1.1904761904761827,91205034,231575123.46,2023-10-31,0.4233,70034821705.65,54938311705.65,0.4418,4.7212
972,SHSE.601918,新集能源,4.78,4.76,4.84,4.75,4.81,0.6276150627614996,1.8828451882845159,31185647,149413116.63,2023-10-31,1.2038,12460506058.0,12460506058.0,0.9348,5.812
973,SHSE.601919,中远海控,9.72,9.72,9.8,9.63,9.77,0.5144032921810648,1.7489711934156371,63521879,618740000.4,2023-10-31,0.4956,158005566084.52,125229365484.52,0.7777,4.608
974,SHSE.601921,浙版传媒,7.59,7.57,7.64,7.47,7.51,-1.0540184453227908,2.2397891963109346,7173928,53996245.28,2023-10-31,1.6991,16688888894.73,3170886934.62,1.3054,11.2633
975,SHSE.601928,凤凰传媒,9.65,9.58,9.73,9.44,9.61,-0.4145077720207335,3.0051813471502684,17161105,164580692.68,2023-10-31,0.6743,24456489000.0,24456489000.0,1.3754,11.5387
976,SHSE.601929,吉视传媒,1.86,1.86,1.87,1.83,1.85,-0.5376344086021501,2.1505376344086042,34394900,63586098.0,2023-10-31,1.0419,6107406685.35,6107406685.35,0.945,-19.4462
977,SHSE.601933,永辉超市,3.11,3.11,3.12,3.07,3.08,-0.9646302250803762,1.6077170418006517,27680370,85549079.6,2023-10-31,0.305,27951113938.44,27951113938.44,3.8304,-15.3214
978,SHSE.601939,建设银行,6.23,6.23,6.29,6.18,6.27,0.6420545746388395,1.7656500802568267,119208624,743189855.19,2023-10-31,1.2426,1567568828837.22,60152233189.62,0.545,4.7278
979,SHSE.601949,中国出版,8.54,8.6,8.78,8.41,8.47,-0.8196721311475197,4.332552693208423,18450672,157750134.27,2023-10-31,1.0124,16126609417.38,15436575000.0,1.8503,21.1133
980,SHSE.601952,苏垦农发,10.56,10.53,10.6,10.5,10.59,0.28409090909089496,0.9469696969696936,4081887,43102763.88,2023-10-31,0.2962,14593020000.0,14593020000.0,2.3001,19.375
981,SHSE.601956,东贝集团,5.83,5.83,5.84,5.74,5.75,-1.3722126929674117,1.7152658662092564,4709800,27180711.8,2023-10-31,1.4609,3577456225.0,1853710288.5,1.4731,19.4981
982,SHSE.601958,金钼股份,10.12,10.11,10.23,9.97,10.04,-0.7905138339920903,2.5691699604743063,13255661,133148864.21,2023-10-31,0.4108,32395108176.0,32395108176.0,2.2202,12.0057
983,SHSE.601963,重庆银行,7.64,7.63,7.69,7.56,7.62,-0.2617801047120394,1.7015706806282827,4979291,37886776.87,2023-10-31,0.7202,26476140883.02,5268558746.58,0.5558,5.4068
984,SHSE.601965,中国汽研,18.7,18.69,18.82,18.31,18.56,-0.7486631016042855,2.727272727272736,3040214,56303756.12,2023-10-31,0.3095,18638928014.72,18233786600.32,2.9813,24.6452
985,SHSE.601966,玲珑轮胎,19.96,19.96,20.06,19.74,20.0,0.2004008016031955,1.6032064128256525,6798200,135326157.0,2023-10-31,0.4614,29470454260.0,29470454260.0,1.4438,28.4736
986,SHSE.601968,宝钢包装,5.71,5.73,5.78,5.61,5.63,-1.4010507880910739,2.977232924693519,5872350,33216020.06,2023-10-31,0.6488,6379010549.62,5095895609.05,1.663,24.575
987,SHSE.601969,海南矿业,6.73,6.73,6.73,6.63,6.65,-1.1887072808320909,1.4858841010401267,11244369,74920402.61,2023-10-31,0.5549,13549526679.85,13476605439.85,2.0329,27.2343
988,SHSE.601975,招商南油,3.01,3.0,3.01,2.98,2.99,-0.6644518272425071,0.9966777408637809,46551094,139299027.86,2023-10-31,0.9593,14509823705.52,14509823705.52,1.6699,8.6217
989,SHSE.601985,中国核电,7.36,7.38,7.45,7.34,7.42,0.8152173913043459,1.4945652173913087,54554142,404141287.16,2023-10-31,0.2889,140113973713.14,140113973713.14,1.5783,13.5986
990,SHSE.601988,中国银行,3.84,3.84,3.92,3.82,3.9,1.5625,2.604166666666669,228710522,887710176.79,2023-10-31,0.1085,1148112385839.9,821985507899.4,0.5301,4.9893
991,SHSE.601989,中国重工,4.05,4.05,4.06,4.01,4.03,-0.49382716049382047,1.2345679012345634,39537187,159302241.74,2023-10-31,0.179,91892202355.72,88997727226.46,1.0995,-85.641
992,SHSE.601990,南京证券,8.05,8.04,8.09,8.01,8.04,-0.12422360248449671,0.9937888198757772,10856895,87348663.28,2023-10-31,0.2999,29638342713.36,29104241758.68,1.75,43.7122
993,SHSE.601991,大唐发电,2.59,2.6,2.61,2.57,2.59,0.0,1.5444015444015458,45485200,117968736.0,2023-10-31,0.3669,47932380205.36,32105870784.54,1.6232,28.8477
994,SHSE.601992,金隅集团,2.05,2.05,2.08,2.04,2.07,0.9756097560975618,1.9512195121951237,36928554,76216701.66,2023-10-31,0.4431,22102986247.38,17251707606.48,0.4825,-19.9843
995,SHSE.601995,中金公司,37.34,37.08,37.4,36.73,36.84,-1.339046598821636,1.794322442421001,12131430,447867963.36,2023-10-31,1.305,177836143017.12,34247247992.04,2.0487,28.7156
996,SHSE.601996,丰林集团,2.72,2.72,2.73,2.69,2.71,-0.3676470588235392,1.4705882352941189,11844366,32048225.54,2023-10-31,1.0339,3104637788.0,3104637788.0,1.0748,40.5999
997,SHSE.601997,贵阳银行,5.2,5.2,5.22,5.17,5.21,0.19230769230769162,0.9615384615384581,25303138,131508149.11,2023-10-31,0.709,19048791975.96,18594627486.69,0.3462,3.1865
998,SHSE.601998,中信银行,5.33,5.32,5.39,5.29,5.38,0.9380863039399667,1.8761726078799181,46904332,251174825.46,2023-10-31,0.1376,263441738832.52,183375702016.26,0.4506,3.9655
999,SHSE.601999,出版传媒,6.46,6.47,6.57,6.41,6.48,0.3095975232198178,2.4767801857585163,8113254,52640769.22,2023-10-31,1.4727,3569927256.0,3569927256.0,1.4358,34.5965
1000,SHSE.603000,人民网,32.26,32.25,33.17,31.7,32.4,0.43397396156230617,4.556726596404224,31294244,1016559006.58,2023-10-31,2.8303,35824390214.4,35824390214.4,10.2588,133.3071
1001,SHSE.603001,ST奥康,5.72,5.72,5.73,5.68,5.72,0.0,0.8741258741258865,1144500,6524715.0,2023-10-31,0.2854,2293605600.0,2293605600.0,0.7844,-6.9759
1002,SHSE.603002,宏昌电子,5.48,5.43,5.5,5.37,5.42,-1.0948905109489093,2.3722627737226256,5265500,28504927.0,2023-10-31,0.857,6146705518.78,3330111414.0,1.7952,62.2597
1003,SHSE.603003,龙宇股份,11.02,11.02,11.02,10.45,10.6,-3.8112522686025385,5.172413793103451,46469315,499160188.53,2023-10-31,11.5468,4265901036.4,4265901036.4,1.1624,71.9427
1004,SHSE.603005,晶方科技,23.96,23.8,24.11,23.46,23.74,-0.9181969949916602,2.712854757929877,50741759,1204585011.07,2023-10-31,7.7804,15493085465.24,15482556300.44,3.8363,131.6179
1005,SHSE.603006,联明股份,11.14,11.13,11.25,10.97,11.07,-0.6283662477558405,2.5134649910233335,2322189,25749819.47,2023-10-31,1.2153,2814594547.5,2115235519.02,1.9526,18.6999
1006,SHSE.603007,ST花王,4.19,4.24,4.24,4.05,4.1,-2.147971360381884,4.534606205250605,3810700,15633139.0,2023-10-31,1.0891,1434514834.7,1434514834.7,4.6745,-6.853
1007,SHSE.603008,喜临门,19.31,19.23,19.42,19.07,19.2,-0.5696530295183799,1.812532366649412,3035249,58263007.68,2023-10-31,0.7835,7438421510.4,7438421510.4,2.0212,31.1434
1008,SHSE.603009,北特科技,10.32,10.5,11.3,10.0,10.16,-1.5503875968992276,12.596899224806208,51299602,544231144.49,2023-10-31,15.1591,3644697704.24,3438235135.2,2.1328,97.9204
1009,SHSE.603010,万盛股份,11.39,11.39,11.46,11.21,11.34,-0.4389815627743654,2.194907813871817,5610000,63526721.0,2023-10-31,1.1561,6685821244.62,5502991896.36,1.6431,27.2966
1010,SHSE.603011,合锻智能,6.9,6.89,6.94,6.8,6.84,-0.8695652173913104,2.028985507246385,4860200,33336315.0,2023-10-31,0.983,3381794749.08,3381794749.08,1.4946,-90.3388
1011,SHSE.603012,创力集团,5.79,5.77,5.82,5.74,5.78,-0.17271157167529916,1.381692573402419,7075100,40862782.0,2023-10-31,1.1024,3766016800.0,3709650240.0,1.0913,9.2724
1012,SHSE.603013,亚普股份,16.45,16.34,16.45,15.99,16.11,-2.0668693009118555,2.7963525835866205,5757600,93112755.0,2023-10-31,1.126,8257974143.04,8237566575.0,2.0868,15.9767
1013,SHSE.603015,弘讯科技,8.52,8.53,8.53,8.41,8.46,-0.704225352112664,1.408450704225343,3452100,29151867.0,2023-10-31,0.854,3419692740.0,3419692740.0,2.575,90.5045
1014,SHSE.603016,新宏泰,19.45,19.53,19.53,19.1,19.19,-1.3367609254498647,2.210796915167094,631200,12130496.0,2023-10-31,0.426,2843190400.0,2843190400.0,3.4936,41.5017
1015,SHSE.603017,中衡设计,10.11,10.11,10.11,9.88,9.92,-1.879327398615227,2.2749752720078997,2344500,23333961.0,2023-10-31,0.8497,2736985317.76,2736985317.76,1.9119,27.8063
1016,SHSE.603018,华设集团,7.74,7.73,7.76,7.61,7.66,-1.033591731266148,1.937984496124024,8696599,66682645.95,2023-10-31,1.3007,5237762092.32,5121636492.32,1.142,7.6279
1017,SHSE.603019,中科曙光,37.5,37.4,37.41,36.39,36.71,-2.106666666666668,2.7199999999999895,35836089,1317726054.64,2023-10-31,2.4638,53727984135.54,53395781028.64,3.0718,32.7441
1018,SHSE.603020,爱普股份,9.07,9.09,9.14,9.02,9.13,0.6615214994487362,1.323042998897475,2627600,23926896.0,2023-10-31,0.6856,3498960876.62,3498960876.62,1.1145,40.4613
1019,SHSE.603021,山东华鹏,5.54,5.55,5.6,5.52,5.57,0.5415162454873723,1.4440433212996402,2937080,16331722.2,2023-10-31,0.918,1782110749.9,1782110749.9,4.8236,-4.5642
1020,SHSE.603022,新通联,9.72,9.72,9.9,9.64,9.74,0.2057613168724215,2.674897119341561,2683500,26187647.0,2023-10-31,1.3418,1948000000.0,1948000000.0,2.5646,51.9171
1021,SHSE.603023,威帝股份,5.05,5.07,5.08,4.87,4.95,-1.9801980198019709,4.158415841584158,26288065,129785582.73,2023-10-31,4.6769,2782295044.65,2782295044.65,3.7536,626.3295
1022,SHSE.603025,大豪科技,12.2,12.25,12.25,12.02,12.1,-0.8196721311475419,1.885245901639348,3886452,47085095.34,2023-10-31,0.3508,13421014753.3,13403586397.3,6.0722,33.9341
1023,SHSE.603026,胜华新材,52.18,52.19,52.48,51.58,51.96,-0.42161747796090054,1.724798773476425,2132275,110805483.12,2023-10-31,1.052,10531252800.0,10531252800.0,2.6679,106.5572
1024,SHSE.603027,千禾味业,17.29,17.88,18.41,17.67,17.74,2.6026604973973466,4.27993059572006,29414433,525776946.29,2023-10-31,3.0687,18233546065.64,17004474586.6,5.2478,33.5353
1025,SHSE.603028,赛福天,13.4,13.21,13.41,13.13,13.3,-0.7462686567164201,2.0895522388059655,5591320,74111294.2,2023-10-31,1.9479,3817632000.0,3817632000.0,5.1377,-63.1694
1026,SHSE.603029,天鹅股份,19.2,19.73,20.5,19.35,19.58,1.9791666666666652,5.989583333333326,6387786,126733877.34,2023-10-31,5.2643,2375876360.0,2375876360.0,2.8938,28.6534
1027,SHSE.603030,*ST全筑,3.41,3.4,3.46,3.34,3.39,-0.5865102639296182,3.5190615835777157,8985908,30587154.02,2023-10-31,1.4856,2050556600.67,2050556600.67,-12.8725,-4.277
1028,SHSE.603031,安孚科技,45.5,45.48,46.5,45.04,45.36,-0.3076923076923088,3.2087912087912103,280220,12729719.8,2023-10-31,0.2502,5080320000.0,5080320000.0,7.8668,48.1762
1029,SHSE.603032,德新科技,21.06,21.04,21.13,20.38,20.51,-2.61158594491927,3.561253561253561,5230541,107942916.25,2023-10-31,2.2929,4829206662.0,4678659160.0,3.8132,27.1058
1030,SHSE.603033,三维股份,17.79,17.77,18.07,17.61,17.8,0.05621135469364713,2.585722315907818,3477156,62074148.22,2023-10-31,0.3448,18366133165.2,17948713019.2,5.2806,70.7849
1031,SHSE.603035,常熟汽饰,19.52,19.55,19.65,19.19,19.45,-0.3586065573770503,2.3565573770491666,5394878,104615958.88,2023-10-31,1.4196,7391601646.85,7391601646.85,1.5206,14.0459
1032,SHSE.603036,如通股份,12.78,12.8,12.8,12.45,12.61,-1.3302034428794962,2.738654147104863,5529895,69662072.75,2023-10-31,2.6843,2597735975.25,2597735975.25,2.1036,27.4654
1033,SHSE.603037,凯众股份,19.45,18.97,19.29,17.58,17.68,-9.100257069408734,8.791773778920312,20616426,377728460.93,2023-10-31,15.18,2408771802.32,2401169048.72,2.7748,29.9625
1034,SHSE.603038,华立股份,9.77,9.7,9.95,9.7,9.89,1.22824974411464,2.5588536335721597,3208800,31596218.0,2023-10-31,1.5526,2044012753.33,2044012753.33,1.4974,51.7036
1035,SHSE.603039,泛微网络,49.0,48.83,50.1,47.05,49.9,1.8367346938775508,6.224489795918376,3451080,168038544.6,2023-10-31,1.3243,13004093342.7,13004093342.7,6.2279,117.1565
1036,SHSE.603040,新坐标,21.23,21.0,21.4,20.71,20.87,-1.6957136128120553,3.2501177578897678,2623791,54968004.34,2023-10-31,1.9599,2819701789.52,2793960731.52,2.3645,15.8108
1037,SHSE.603041,美思德,12.7,12.72,13.08,12.65,12.73,0.23622047244096223,3.3858267716535413,4709507,60268953.6,2023-10-31,2.5714,2331470119.16,2331470119.16,1.6324,22.2653
1038,SHSE.603042,华脉科技,16.1,16.11,17.71,15.8,17.09,6.149068322981366,11.863354037267081,35668712,596328499.21,2023-10-31,22.2111,2744480365.6,2744480365.6,2.9665,-24.4377
1039,SHSE.603043,广州酒家,21.24,21.26,21.48,21.05,21.25,0.04708097928438626,2.024482109227871,2964080,62833449.6,2023-10-31,0.5211,12086379606.25,12086379606.25,3.3786,22.3104
1040,SHSE.603045,福达合金,15.48,15.52,15.65,15.23,15.36,-0.7751937984496138,2.713178294573643,2450021,37920135.33,2023-10-31,1.8089,2080437580.8,2080437580.8,2.2445,39.1385
1041,SHSE.603048,浙江黎明,17.91,18.09,19.62,17.99,18.14,1.2841987716359693,9.101060859854844,6580900,121290866.0,2023-10-31,17.4467,2664403200.0,684240800.0,2.074,87.8893
1042,SHSE.603050,科林电气,16.7,16.79,16.89,16.53,16.71,0.05988023952097077,2.1556886227544876,4611184,77160094.8,2023-10-31,2.0305,3794743079.4,3794743079.4,2.6016,21.0166
1043,SHSE.603051,鹿山新材,34.33,34.7,34.77,33.52,33.75,-1.6894844159627054,3.641130206816196,2128695,72149199.31,2023-10-31,4.3497,3149516250.0,1651694793.75,2.5235,-39.0607
1044,SHSE.603052,可川科技,30.26,30.24,32.32,30.02,31.97,5.651024454725695,7.600793126239262,4680900,148131643.4,2023-10-31,15.9976,3079350400.0,935442200.0,2.7289,29.7698
1045,SHSE.603053,成都燃气,10.13,10.13,10.19,10.01,10.07,-0.5923000987166915,1.7769002961500464,2101733,21159157.65,2023-10-31,0.2364,8951122300.0,8951122300.0,2.0615,17.7719
1046,SHSE.603055,台华新材,11.45,11.4,12.36,11.3,12.14,6.026200873362453,9.257641921397369,15278534,183655987.95,2023-10-31,1.7213,10810190797.78,10775661068.62,2.5298,36.2295
1047,SHSE.603056,德邦股份,14.88,15.13,15.13,14.68,14.95,0.47043010752687575,3.0241935483871036,3399826,50580906.66,2023-10-31,0.3541,15352981211.75,14351967035.25,2.0785,19.3399
1048,SHSE.603057,紫燕食品,23.48,23.6,23.83,23.07,23.76,1.192504258943794,3.236797274275971,3557239,83715342.86,2023-10-31,5.2265,9789120000.0,1617151338.0,4.7145,29.1588
1049,SHSE.603058,永吉股份,8.1,8.12,8.15,8.01,8.09,-0.12345679012345512,1.7283950617284023,3441600,27803410.0,2023-10-31,0.8264,3397560252.85,3369219364.85,3.3811,30.4105
1050,SHSE.603059,倍加洁,22.62,22.88,22.94,22.51,22.73,0.4862953138815129,1.9009725906277617,1071500,24388562.0,2023-10-31,1.0683,2279798088.4,2279798088.4,1.8769,20.1181
1051,SHSE.603060,国检集团,10.15,10.09,10.12,9.64,9.81,-3.349753694581281,4.729064039408853,4895202,48001286.69,2023-10-31,0.61,7872837968.43,7872837968.43,4.5197,31.5754
1052,SHSE.603061,金海通,88.78,88.65,89.87,86.77,87.3,-1.6670421266051005,3.4917774273485116,843300,74063980.0,2023-10-31,5.622,5238000000.0,1309500000.0,3.8324,62.6661
1053,SHSE.603063,禾望电气,24.92,24.7,25.05,24.18,24.48,-1.765650080256831,3.4911717495987196,4264810,104529970.66,2023-10-31,0.9622,10850196960.0,10850196960.0,2.8276,21.7822
1054,SHSE.603065,宿迁联盛,14.3,14.16,14.36,14.01,14.11,-1.328671328671338,2.447552447552445,1269615,17960059.2,2023-10-31,3.0301,5911632440.92,591209000.0,2.8494,73.5326
1055,SHSE.603066,音飞储存,9.94,9.89,10.0,9.81,9.86,-0.8048289738430636,1.9114688128772588,1644503,16252098.85,2023-10-31,0.5469,2964930594.0,2964930594.0,2.2302,21.7871
1056,SHSE.603067,振华股份,10.02,10.03,10.28,9.98,10.18,1.5968063872255467,2.9940119760478936,7249672,73796804.24,2023-10-31,1.433,5181784569.88,5150084049.88,1.9036,13.3615
1057,SHSE.603068,博通集成,29.29,29.21,29.6,29.0,29.42,0.44383748719700744,2.0484807101399842,3688567,108204466.35,2023-10-31,2.4521,4425502499.72,4425502499.72,2.5868,-21.3598
1058,SHSE.603069,海汽集团,17.63,17.52,19.39,17.37,18.75,6.352807714123654,11.457742484401587,15222072,285439394.4,2023-10-31,4.8171,5925000000.0,5925000000.0,6.3363,62.3262
1059,SHSE.603070,万控智造,16.57,16.57,16.82,16.4,16.46,-0.6638503319251643,2.534701267350644,1399769,23114918.86,2023-10-31,1.7263,6600460000.0,1334674918.06,3.2098,30.2171
1060,SHSE.603071,物产环能,15.03,15.06,15.19,15.02,15.19,1.0645375914837052,1.13107119095143,2238083,33841984.11,2023-10-31,0.9416,8475327973.98,3610432081.62,1.717,7.652
1061,SHSE.603073,彩蝶实业,19.75,19.78,19.87,19.55,19.63,-0.6075949367088662,1.6202531645569636,920506,18077126.57,2023-10-31,3.1742,2277080000.0,569270000.0,1.7993,21.1039
1062,SHSE.603075,热威股份,27.24,27.0,27.26,26.46,26.6,-2.3494860499265635,2.936857562408226,7116200,190651287.06,2023-10-31,18.3387,10640266000.0,1032191188.0,5.513,39.5362
1063,SHSE.603076,乐惠国际,28.17,28.01,28.22,27.2,27.56,-2.1654242101526555,3.6208732694355676,2673700,73737482.2,2023-10-31,2.2151,3326529040.64,3326529040.64,2.4762,492.224
1064,SHSE.603077,和邦生物,2.39,2.39,2.4,2.36,2.38,-0.4184100418410108,1.673640167364018,54337770,129093804.8,2023-10-31,0.6153,21018375542.64,21018375542.64,1.0627,15.0308
1065,SHSE.603078,江化微,16.81,16.76,16.86,16.48,16.6,-1.2492563950029623,2.2605591909577574,6161739,102405898.16,2023-10-31,1.8605,6401578316.8,5497805244.2,3.7653,52.2785
1066,SHSE.603079,圣达生物,13.57,13.57,13.76,13.53,13.68,0.8106116433308719,1.6949152542372912,1676772,22923224.19,2023-10-31,0.9795,2341864945.44,2341864945.44,1.7909,-128.7104
1067,SHSE.603080,新疆火炬,17.31,17.2,17.34,16.81,16.93,-2.1952628538417063,3.061813980358181,6587850,112140844.5,2023-10-31,4.6557,2395595000.0,2395595000.0,1.6986,18.5244
1068,SHSE.603081,大丰实业,10.87,10.88,10.92,10.66,10.8,-0.6439742410303428,2.3919043238270454,5889700,63403158.0,2023-10-31,1.458,4423977799.2,4362806599.2,1.5782,24.805
1069,SHSE.603083,剑桥科技,37.18,37.35,37.5,35.81,35.99,-3.200645508337807,4.54545454545454,21307765,775258239.65,2023-10-31,8.1795,9649096826.59,9375509484.19,4.4789,44.2859
1070,SHSE.603085,天成自控,11.34,11.37,11.4,10.8,10.93,-3.615520282186946,5.291005291005288,14181123,155945315.88,2023-10-31,3.8304,4340303000.0,4046563993.62,4.8182,-15.2455
1071,SHSE.603086,先达股份,5.7,5.71,5.79,5.69,5.71,0.17543859649122862,1.7543859649122744,5035382,28859002.34,2023-10-31,1.1581,2482783046.53,2482783046.53,1.1699,37.0918
1072,SHSE.603087,甘李药业,47.88,47.98,49.77,46.95,47.01,-1.8170426065162948,5.889724310776943,15325084,736472263.86,2023-10-31,2.8857,26591356932.0,24965830813.95,2.6885,110.4451
1073,SHSE.603088,宁波精达,7.78,7.85,7.85,7.68,7.78,0.0,2.1850899742930583,10428402,80897460.65,2023-10-31,2.4067,3406838971.2,3371185534.08,5.0186,21.6082
1074,SHSE.603089,正裕工业,10.95,10.88,11.92,10.73,11.23,2.5570776255707806,10.867579908675795,17868671,201019970.43,2023-10-31,8.0308,2498687386.69,2498687386.69,2.1896,44.8453
1075,SHSE.603090,宏盛股份,20.35,20.1,20.5,19.83,20.04,-1.523341523341537,3.2923832923833003,1172600,23485104.0,2023-10-31,1.1726,2004000000.0,2004000000.0,3.5605,28.2131
1076,SHSE.603093,南华期货,12.37,12.37,12.56,12.25,12.32,-0.4042037186742009,2.5060630557801176,4926000,60945902.0,2023-10-31,0.8075,7516011801.76,7516011801.76,2.075,18.218
1077,SHSE.603095,越剑智能,17.13,17.12,17.51,17.01,17.32,1.1091652072387603,2.918855808523059,2651980,45848452.4,2023-10-31,1.4351,3200736000.0,3200736000.0,1.275,37.0713
1078,SHSE.603096,新经典,17.8,17.8,18.08,17.5,17.7,-0.5617977528090012,3.258426966292125,2758459,49058260.43,2023-10-31,1.6975,2876313454.5,2876313454.5,1.4527,20.5615
1079,SHSE.603097,江苏华辰,21.21,21.06,22.76,20.95,21.18,-0.14144271570014633,8.533710513908543,3508000,74974175.32,2023-10-31,8.77,3388800000.0,847200000.0,3.8933,37.2661
1080,SHSE.603098,森特股份,17.02,16.9,17.0,16.38,16.7,-1.8801410105757976,3.6427732079906052,1966000,32660473.65,2023-10-31,0.3649,9012989632.6,8997959632.6,3.3054,262.2021
1081,SHSE.603099,长白山,14.46,14.37,14.54,14.16,14.24,-1.5214384508990375,2.627939142461957,4525800,64694787.0,2023-10-31,1.6972,3797380800.0,3797380800.0,3.5943,31.6918
1082,SHSE.603100,川仪股份,30.39,30.5,30.65,29.0,29.5,-2.9285949325436045,5.429417571569591,3263905,96839952.32,2023-10-31,0.8346,11652352500.0,11537302500.0,3.1254,16.4233
1083,SHSE.603101,汇嘉时代,8.73,8.7,8.99,7.97,8.2,-6.071019473081341,11.683848797250864,48459992,408135141.92,2023-10-31,10.3019,3857280000.0,3857280000.0,2.642,-127.1786
1084,SHSE.603102,百合股份,39.42,39.28,39.99,39.14,39.6,0.45662100456620447,2.156265854895995,1013300,39979297.2,2023-10-31,2.8313,2534400000.0,1417258260.0,1.6758,15.85
1085,SHSE.603103,横店影视,14.53,14.58,14.88,14.35,14.49,-0.2752924982794114,3.647625602202348,2950180,42867117.38,2023-10-31,0.4652,9189558000.0,9189558000.0,6.5166,369.134
1086,SHSE.603105,芯能科技,12.44,12.4,12.47,12.07,12.28,-1.2861736334405127,3.2154340836012896,5685061,69338094.05,2023-10-31,1.137,6140000000.0,6140000000.0,3.247,28.3679
1087,SHSE.603106,恒银科技,6.68,6.68,6.75,6.51,6.6,-1.19760479041916,3.5928143712574885,12088863,79884687.26,2023-10-31,2.3225,3435432000.0,3435432000.0,2.4354,-25.3273
1088,SHSE.603108,润达医疗,19.71,20.5,21.68,19.3,19.72,0.050735667174017784,12.075088787417549,159755670,3280126712.66,2023-10-31,27.5611,11430534698.68,11430534698.68,2.8777,28.9266
1089,SHSE.603109,神驰机电,15.46,15.24,15.48,15.2,15.28,-1.1642949547218673,1.8111254851229048,3054300,46864916.2,2023-10-31,1.4689,3192499296.0,3177157381.44,1.8138,12.6716
1090,SHSE.603110,东方材料,36.38,36.15,36.8,33.56,33.8,-7.091808686091272,8.905992303463426,13846695,480618181.7,2023-10-31,6.8811,6801463541.6,6801463541.6,10.4341,352.0004
1091,SHSE.603111,康尼机电,4.55,4.84,5.01,4.8,5.01,10.109890109890118,4.615384615384615,20245900,100776131.14,2023-10-31,2.4218,4976310174.84,4188276082.5,1.3112,17.2762
1092,SHSE.603112,华翔股份,12.29,12.2,12.49,12.1,12.26,-0.24410089503661414,3.173311635476002,2466100,30364425.0,2023-10-31,0.5743,5359672998.3,5264788640.86,2.1549,18.1731
1093,SHSE.603113,金能科技,8.27,8.28,8.33,8.19,8.24,-0.36275695284159193,1.6928657799274556,5709085,47045449.55,2023-10-31,0.6733,6987095112.64,6987095112.64,0.8345,-1355.4389
1094,SHSE.603115,海星股份,14.05,14.05,14.2,13.98,14.18,0.92526690391459,1.565836298932376,1934850,27364491.53,2023-10-31,0.8089,3391856000.0,3391856000.0,1.7571,30.1841
1095,SHSE.603116,红蜻蜓,6.28,6.26,6.38,6.22,6.29,0.15923566878981443,2.5477707006369448,4722340,29704872.0,2023-10-31,0.8196,3624303032.0,3624303032.0,1.2001,-333.336
1096,SHSE.603117,ST万林,3.42,3.45,3.45,3.39,3.41,-0.29239766081871066,1.7543859649122824,657920,2239257.0,2023-10-31,0.1039,2159022751.82,2159022751.82,1.5646,-3.8531
1097,SHSE.603118,共进股份,9.5,9.42,9.62,9.28,9.32,-1.8947368421052602,3.578947368421051,33407508,315547666.56,2023-10-31,4.2434,7376428132.72,7337416103.92,1.3992,132.3519
1098,SHSE.603119,浙江荣泰,25.09,24.89,25.46,24.85,24.94,-0.5978477481068056,2.431247508967714,8708203,218406164.27,2023-10-31,12.6951,6983200000.0,1710765609.82,4.3462,44.5665
1099,SHSE.603121,华培动力,8.23,8.33,8.58,8.28,8.37,1.7010935601457833,3.64520048602674,12268780,103363739.9,2023-10-31,3.6241,2833527194.55,2833527194.55,2.3411,36.7658
1100,SHSE.603122,合富中国,8.06,8.06,8.19,8.01,8.11,0.6203473945409321,2.233250620347391,5129800,41639892.0,2023-10-31,2.864,3228206853.63,1452620606.28,2.7698,44.5039
1101,SHSE.603123,翠微股份,15.24,15.5,15.5,14.2,14.57,-4.396325459317585,8.530183727034126,63675119,946251193.41,2023-10-31,9.762,11637593209.05,9503660576.93,3.7897,-13.9128
1102,SHSE.603125,常青科技,30.64,30.46,31.15,30.36,30.79,0.4895561357702194,2.5783289817232347,2672943,82145854.02,2023-10-31,5.5524,5928614500.0,1482230600.0,2.7966,27.6453
1103,SHSE.603126,中材节能,6.83,6.81,6.81,6.62,6.64,-2.7818448023426146,2.781844802342599,5468700,36529064.0,2023-10-31,0.8958,4053720000.0,4053720000.0,1.9677,31.3341
1104,SHSE.603127,昭衍新药,26.5,26.68,27.19,26.08,26.77,1.0188679245282994,4.18867924528303,25238746,673496753.4,2023-10-31,4.0031,20074520472.23,16878006566.56,2.4379,26.0768
1105,SHSE.603128,华贸物流,7.26,7.25,7.32,7.18,7.24,-0.2754820936639035,1.9283746556473909,10794503,77939231.1,2023-10-31,0.8184,9549825642.84,9549825642.84,1.5982,13.297
1106,SHSE.603129,春风动力,101.81,101.18,101.48,98.35,99.5,-2.268932324918971,3.074354189175925,1774233,176544289.99,2023-10-31,1.1793,14970189218.5,14970189218.5,3.0392,16.0486
1107,SHSE.603130,云中马,21.86,21.88,22.17,21.58,21.67,-0.8691674290942308,2.698993595608433,2780900,60749584.6,2023-10-31,7.9454,3033800000.0,758450000.0,2.3236,28.1701
1108,SHSE.603131,上海沪工,17.72,17.4,17.61,16.6,16.83,-5.02257336343116,5.699774266365678,24988035,426436286.19,2023-10-31,7.8581,5351752900.89,5351752900.89,4.1429,-37.3281
1109,SHSE.603132,金徽股份,12.62,12.65,12.78,12.59,12.71,0.7131537242472286,1.5055467511885856,1322600,16787922.0,2023-10-31,0.8287,12430380000.0,2028516000.0,4.0271,30.5054
1110,SHSE.603133,*ST碳元,6.94,6.88,6.97,6.88,6.95,0.14409221902016434,1.296829971181554,861900,5974288.0,2023-10-31,0.412,1453837140.0,1453837140.0,5.807,-16.6475
1111,SHSE.603135,中重科技,15.73,15.76,15.81,15.39,15.52,-1.3350286077558837,2.6700572155117603,2326402,36088714.6,2023-10-31,2.5849,6984000000.0,1396800000.0,2.2943,35.7456
1112,SHSE.603136,天目湖,19.01,19.36,19.45,18.81,19.07,0.31562335612833614,3.366649132035773,2873054,54703019.7,2023-10-31,1.5422,3552631976.81,3552631976.81,2.7181,25.7692
1113,SHSE.603137,恒尚节能,18.84,18.9,18.97,18.6,18.84,0.0,1.963906581740963,1122035,21113402.01,2023-10-31,3.4348,2461760006.28,615440006.28,2.2362,18.3357
1114,SHSE.603138,海量数据,17.03,17.07,17.15,16.61,16.82,-1.2331180270111597,3.1708749266001126,4288514,72116019.13,2023-10-31,1.5248,4762465091.8,4730679496.8,5.841,-52.6954
1115,SHSE.603139,康惠制药,20.83,20.76,20.98,20.35,20.83,0.0,3.024483917426784,4218400,87126822.95,2023-10-31,4.2235,2080500400.0,2080500400.0,2.1166,-29.6795
1116,SHSE.603150,万朗磁塑,27.55,27.44,27.74,26.38,26.78,-2.7949183303085268,4.9364791288566225,1499300,40107121.0,2023-10-31,2.8679,2289422200.0,1400015016.4,1.6649,16.744
1117,SHSE.603151,邦基科技,14.93,14.96,15.05,14.86,15.03,0.6697923643670389,1.2726054922973964,1008620,15081389.95,2023-10-31,1.2478,2525040000.0,1214904960.0,2.0833,24.8867
1118,SHSE.603153,上海建科,15.93,15.94,16.42,15.59,15.74,-1.1927181418706856,5.210295040803527,5338940,85012458.6,2023-10-31,9.7072,6451213808.44,865700000.0,1.9721,20.8719
1119,SHSE.603155,新亚强,23.99,23.86,24.27,23.75,24.13,0.5835764902042628,2.167569820758648,469265,11282645.4,2023-10-31,0.208,5442811060.0,5442811060.0,2.4244,34.4122
1120,SHSE.603156,养元饮品,25.46,25.39,25.45,24.68,24.89,-2.23880597014926,3.0243519245875863,1393630,34675264.2,2023-10-31,0.1101,31498135704.0,31498135704.0,2.9701,17.9354
1121,SHSE.603158,腾龙股份,9.25,9.5,10.18,9.5,10.18,10.05405405405404,7.351351351351348,104124084,1050496895.25,2023-10-31,21.2152,4996336935.08,4996336935.08,2.4613,31.5254
1122,SHSE.603159,上海亚虹,16.33,16.28,16.5,15.9,16.05,-1.7146356399264984,3.67421922841396,2889020,46794948.2,2023-10-31,2.0636,2247000000.0,2247000000.0,4.5864,60.8633
1123,SHSE.603160,汇顶科技,73.7,73.0,75.15,72.81,73.95,0.33921302578019397,3.1750339213025827,10801636,797362411.19,2023-10-31,2.3585,33868592776.95,33868592776.95,4.2885,-53.2786
1124,SHSE.603161,科华控股,17.31,17.2,17.33,16.9,17.03,-1.6175621028307163,2.4841132293471966,5130870,87650853.2,2023-10-31,3.8462,2271802000.0,2271802000.0,1.6799,15.0264
1125,SHSE.603162,海通发展,15.69,15.71,15.75,15.44,15.63,-0.3824091778202643,1.9757807520713864,2029340,31599291.8,2023-10-31,3.322,9609136783.86,954813286.26,2.6524,30.9822
1126,SHSE.603163,圣晖集成,35.96,36.9,38.95,35.3,36.28,0.8898776418242438,10.150166852057858,3791650,137919180.75,2023-10-31,10.8324,3628000000.0,1269899770.0,3.4315,25.004
1127,SHSE.603165,荣晟环保,13.85,13.98,13.98,13.46,13.53,-2.310469314079422,3.7545126353790583,2807400,38187501.92,2023-10-31,1.0083,3767175164.28,3767175164.28,1.8062,14.7674
1128,SHSE.603166,福达股份,7.1,7.08,7.15,6.92,6.94,-2.2535211267605493,3.2394366197183158,10225537,71703762.75,2023-10-31,1.5824,4484688037.94,4484688037.94,1.9137,55.3741
1129,SHSE.603167,渤海轮渡,7.8,7.91,8.06,7.77,7.85,0.6410256410256387,3.7179487179487296,18263547,144251270.27,2023-10-31,3.8929,3682784348.55,3682784348.55,0.9766,13.924
1130,SHSE.603168,莎普爱思,10.95,10.87,11.46,10.8,11.07,1.0958904109589218,6.0273972602739745,39478813,437774045.75,2023-10-31,12.238,4196212188.75,3571098963.93,2.3654,52.3713
1131,SHSE.603169,兰石重装,6.2,6.15,6.18,5.85,5.89,-5.000000000000004,5.322580645161292,26056190,155132447.1,2023-10-31,1.9947,7694058690.22,7694058690.22,2.3474,45.8077
1132,SHSE.603170,宝立食品,19.75,19.99,20.15,19.45,19.69,-0.30379746835442756,3.544303797468351,1898406,37415675.2,2023-10-31,1.1954,7876196900.0,3126968900.0,6.2068,26.0043
1133,SHSE.603171,税友股份,31.71,31.48,31.86,30.5,30.79,-2.901292967518143,4.288867865026804,1294700,40049790.0,2023-10-31,1.4307,12538596305.0,2786318573.3,5.1032,80.4667
1134,SHSE.603172,万丰股份,16.55,16.53,16.68,16.44,16.66,0.6646525679758319,1.450151057401803,1034305,17143581.76,2023-10-31,3.1621,2222110800.0,544941852.7,2.1635,45.4147
1135,SHSE.603173,福斯达,24.59,24.58,24.65,24.01,24.1,-1.9926799511996718,2.6026840178934405,1605561,38951117.8,2023-10-31,4.0139,3856000000.0,964000000.0,2.7445,22.2504
1136,SHSE.603176,汇通集团,6.28,6.27,6.27,6.1,6.16,-1.9108280254777066,2.7070063694267503,6487300,40041765.0,2023-10-31,4.325,2874629326.8,923962664.24,2.7997,60.2716
1137,SHSE.603177,德创环保,12.18,12.18,12.98,12.05,12.62,3.6124794745484357,7.635467980295564,3468951,43790562.07,2023-10-31,1.6989,2634929800.0,2576903040.0,6.3867,-230.6647
1138,SHSE.603178,圣龙股份,38.37,37.18,42.21,37.14,40.61,5.837894188167847,13.213448006254888,56050377,2242828953.49,2023-10-31,23.7088,9600686487.41,9600686487.41,7.5847,196.1682
1139,SHSE.603179,新泉股份,46.5,46.0,46.59,44.57,45.29,-2.6021505376344067,4.344086021505383,5498839,249566114.3,2023-10-31,1.1284,22069906266.59,22069906266.59,4.9056,30.772
1140,SHSE.603180,金牌厨柜,26.71,26.58,26.8,26.01,26.13,-2.1714713590415657,2.9576937476600493,1334112,35063002.84,2023-10-31,0.8649,4030732326.66,4030732326.66,1.5265,14.4602
1141,SHSE.603181,皇马科技,11.25,11.25,11.25,11.02,11.11,-1.244444444444448,2.0444444444444483,1260691,13987825.25,2023-10-31,0.2141,6540457000.0,6540457000.0,2.4448,19.6268
1142,SHSE.603182,嘉华股份,14.41,14.42,14.51,14.33,14.46,0.346981263011803,1.2491325468424685,1160384,16716716.24,2023-10-31,1.2467,2379393000.0,1345917597.12,2.377,22.1265
1143,SHSE.603183,建研院,4.75,4.75,4.78,4.72,4.75,0.0,1.2631578947368527,8108980,38517683.0,2023-10-31,1.6491,2379973967.25,2335740494.75,1.5878,18.6651
1144,SHSE.603185,弘元绿能,37.43,37.37,37.65,36.94,37.33,-0.26716537536735085,1.8968741651082044,4136406,154114052.86,2023-10-31,0.7235,21569816964.85,21341196360.56,1.6658,14.1842
1145,SHSE.603186,华正新材,41.04,41.04,41.54,39.4,39.59,-3.5331384015594436,5.214424951267058,3579889,143882876.88,2023-10-31,2.5229,5622252189.93,5617552065.13,3.5358,-102.2141
1146,SHSE.603187,海容冷链,16.74,16.85,16.85,16.24,16.4,-2.0310633213859064,3.6439665471923717,3986867,65572215.07,2023-10-31,1.0371,6337721960.4,6304565949.2,1.6043,16.6942
1147,SHSE.603188,亚邦股份,3.9,3.9,3.93,3.88,3.92,0.512820512820511,1.282051282051289,7100800,27734642.0,2023-10-31,1.2454,2235066400.0,2235066400.0,1.7913,-2.9065
1148,SHSE.603189,网达软件,13.94,13.83,13.94,13.59,13.73,-1.506456241032994,2.510760401721662,3143200,43212287.0,2023-10-31,1.1661,3700898831.77,3700898831.77,2.3137,-59.7935
1149,SHSE.603190,亚通精工,32.32,32.1,32.5,31.45,31.83,-1.5160891089109008,3.248762376237626,2011100,63992759.6,2023-10-31,6.7037,3819600000.0,954900000.0,1.8743,24.9422
1150,SHSE.603191,望变电气,15.38,15.35,15.35,15.07,15.16,-1.4304291287386306,1.8205461638491505,4335706,65851096.96,2023-10-31,2.3602,5050817890.12,2784896699.6,2.0865,16.2064
1151,SHSE.603192,汇得科技,19.02,19.16,19.48,19.15,19.4,1.9978969505783262,1.735015772870672,1015420,19606270.7,2023-10-31,0.7323,2690133339.8,2690133339.8,1.881,53.2971
1152,SHSE.603193,润本股份,18.98,18.85,19.66,18.68,19.31,1.738672286617482,5.163329820864069,15471608,297773725.21,2023-10-31,26.2834,7812696893.34,1136673398.45,8.6338,37.3273
1153,SHSE.603195,公牛集团,107.45,108.1,108.1,104.23,105.75,-1.582131223825034,3.6016751977663937,1210697,127605166.83,2023-10-31,0.1363,94298845281.75,93904060439.25,7.0593,25.9032
1154,SHSE.603196,日播时尚,16.31,16.2,16.32,15.79,16.16,-0.9196811771919,3.2495401594114113,2871600,45942213.0,2023-10-31,1.2073,3857079336.32,3843612561.92,4.7894,436.4504
1155,SHSE.603197,保隆科技,63.5,65.36,67.55,63.0,64.08,0.913385826771651,7.165354330708657,4102606,265590745.53,2023-10-31,1.9633,13573400224.32,13390506612.72,4.7815,30.9908
1156,SHSE.603198,迎驾贡酒,76.77,76.77,77.7,75.92,76.7,-0.09118145108765185,2.318614041943469,2707946,207520393.58,2023-10-31,0.3385,61360000000.0,61360000000.0,7.9651,28.4459
1157,SHSE.603199,九华旅游,26.26,26.3,26.43,25.81,26.02,-0.9139375476009182,2.3610053313023647,2085305,54422228.25,2023-10-31,1.8841,2879893600.0,2879893600.0,2.0639,21.0047
1158,SHSE.603200,上海洗霸,17.58,17.51,17.86,17.51,17.65,0.3981797497155881,1.9908987485779177,1996072,35309535.68,2023-10-31,1.1447,3077662252.35,3077662252.35,3.3591,113.3151
1159,SHSE.603201,常润股份,23.82,23.99,25.28,23.99,25.0,4.953820319059621,5.415617128463487,3824719,93909288.11,2023-10-31,8.3333,2782266700.0,1147416700.0,2.0185,16.2371
1160,SHSE.603203,快克智能,24.22,23.81,24.04,22.85,23.89,-1.362510322047883,4.913294797687852,1777121,41774072.03,2023-10-31,0.7165,5985567041.63,5925189223.49,4.4954,28.72
1161,SHSE.603206,嘉环科技,18.08,18.03,18.09,17.5,17.7,-2.101769911504414,3.2632743362831853,6502865,115441929.22,2023-10-31,7.4574,5402039787.6,1543439787.6,2.5396,25.435
1162,SHSE.603208,江山欧派,34.11,34.32,34.6,33.7,34.09,-0.058633831720888985,2.638522427440629,948473,32241987.1,2023-10-31,0.5353,6039816456.66,6039816456.66,4.308,-158.7432
1163,SHSE.603209,兴通股份,16.15,15.97,16.15,15.63,15.9,-1.5479876160990558,3.2198142414860547,2288740,36194119.4,2023-10-31,1.2491,4452000000.0,2913277500.0,2.0395,19.2319
1164,SHSE.603211,晋拓股份,15.89,15.88,15.89,15.0,15.13,-4.782882315921966,5.60100692259283,15099000,231690757.1,2023-10-31,22.2201,4112455040.0,1028113760.0,3.6094,79.7005
1165,SHSE.603212,赛伍技术,15.75,15.75,15.86,15.54,15.67,-0.5079365079365128,2.0317460317460334,3911043,61146097.15,2023-10-31,0.894,6894653266.12,6855478266.12,2.2903,247.1809
1166,SHSE.603213,镇洋发展,11.04,11.18,11.23,11.02,11.19,1.3586956521739246,1.902173913043486,2115351,23546186.86,2023-10-31,1.3578,4865412000.0,1743342838.47,2.8917,22.4432
1167,SHSE.603214,爱婴室,15.8,15.81,15.93,15.65,15.78,-0.12658227848102444,1.7721518987341731,1838412,29025236.24,2023-10-31,1.3083,2217357250.08,2217357250.08,2.0489,25.2085
1168,SHSE.603215,比依股份,16.03,15.98,16.08,15.74,15.96,-0.4366812227074246,2.1210230817217597,3872771,61529197.45,2023-10-31,5.4961,3010983260.04,1124607834.0,2.7708,13.5472
1169,SHSE.603216,梦天家居,12.71,12.71,12.85,12.68,12.78,0.5507474429582881,1.3375295043273008,1324149,16881252.77,2023-10-31,2.3358,2862975600.0,724498200.0,1.637,21.1591
1170,SHSE.603217,元利科技,20.44,20.35,20.7,20.28,20.48,0.1956947162426559,2.054794520547936,856572,17536104.64,2023-10-31,0.4165,4263772160.0,4211513753.6,1.3792,16.7423
1171,SHSE.603218,日月股份,14.33,14.26,14.4,13.96,14.07,-1.8143754361479414,3.070481507327282,12622444,178053895.82,2023-10-31,1.3045,14506451400.0,13614034762.23,1.4912,27.5314
1172,SHSE.603219,富佳股份,14.94,14.2,16.28,14.19,15.1,1.070950468540821,13.989290495314602,34786051,529216254.14,2023-10-31,22.4014,8477140000.0,2344807199.5,5.5402,31.6097
1173,SHSE.603220,中贝通信,43.19,41.9,43.28,40.2,40.87,-5.371613799490627,7.131280388978927,46125877,1922861907.54,2023-10-31,13.8175,13747383701.12,13643301829.53,7.5687,96.4888
1174,SHSE.603221,爱丽家居,9.78,9.76,9.76,9.5,9.56,-2.249488752556228,2.65848670756646,3088350,29680921.5,2023-10-31,1.2868,2294400000.0,2294400000.0,1.6038,95.2762
1175,SHSE.603222,济民医疗,9.66,9.6,10.1,9.58,9.87,2.1739130434782483,5.3830227743271175,10781683,106530415.89,2023-10-31,2.0069,5302533286.05,5302533286.05,3.1429,-2512.2053
1176,SHSE.603223,恒通股份,10.18,10.1,10.22,9.98,10.04,-1.3752455795677854,2.357563850687625,5414158,54475377.58,2023-10-31,0.9787,7170437941.84,5554031616.0,1.908,49.0653
1177,SHSE.603225,新凤鸣,12.36,12.45,12.64,12.41,12.59,1.860841423948223,1.8608414239482236,8920903,111924840.59,2023-10-31,0.5833,19256026041.0,19256026041.0,1.1792,48.4303
1178,SHSE.603226,菲林格尔,5.65,5.63,5.69,5.59,5.65,0.0,1.7699115044247882,4272998,24082001.64,2023-10-31,1.202,2008528500.5,2008528500.5,2.0508,-241.2202
1179,SHSE.603227,雪峰科技,7.63,7.66,7.69,7.57,7.65,0.2621231979030192,1.572739187418088,5109800,39017939.3,2023-10-31,0.669,8198449070.85,5843259987.75,1.8758,10.9537
1180,SHSE.603228,景旺电子,20.97,21.21,22.32,21.21,22.08,5.293276108726741,5.29327610872675,15865875,349309576.5,2023-10-31,1.8846,18588543077.76,18588543077.76,2.3082,18.237
1181,SHSE.603229,奥翔药业,15.38,15.46,15.67,15.16,15.24,-0.9102730819245841,3.3159947984395304,12266476,188526012.96,2023-10-31,2.0683,9038377488.36,9038377488.36,4.2774,31.8661
1182,SHSE.603230,内蒙新华,12.04,12.1,12.16,11.88,11.97,-0.5813953488371992,2.325581395348832,2831613,33913817.57,2023-10-31,3.1673,4231670310.0,1070129970.0,1.6368,14.0484
1183,SHSE.603232,格尔软件,13.69,13.74,14.46,13.6,13.7,0.07304601899196239,6.281957633308993,13096377,182574739.3,2023-10-31,5.6132,3196411321.5,3196411321.5,2.3775,708.9065
1184,SHSE.603233,大参林,24.06,24.47,24.49,23.43,23.8,-1.0806317539484578,4.405652535328341,6656064,157422544.3,2023-10-31,0.5852,27105869956.2,27068205718.4,4.08,21.0638
1185,SHSE.603235,天新药业,26.55,26.58,26.72,25.81,26.06,-1.8455743879472797,3.427495291902072,1427978,37289795.62,2023-10-31,3.2617,11408546800.0,1140906800.0,2.7375,23.5793
1186,SHSE.603236,移远通信,48.28,48.15,48.81,47.61,47.91,-0.7663628831814484,2.4855012427506273,5942557,285837439.4,2023-10-31,2.2461,12675783746.46,12675783746.46,3.6141,74.7185
1187,SHSE.603237,五芳斋,27.47,27.45,27.47,27.01,27.13,-1.2377138696760048,1.6745540589734158,1069099,29109349.72,2023-10-31,1.2283,3902384626.0,2361282719.02,2.0542,25.9512
1188,SHSE.603238,诺邦股份,13.4,13.38,14.74,13.38,14.74,10.000000000000009,10.14925373134328,5761139,82776380.07,2023-10-31,3.2455,2616482660.0,2616482660.0,1.9675,42.5152
1189,SHSE.603239,浙江仙通,16.66,16.5,17.28,16.3,16.76,0.6002400960384291,5.882352941176474,10283185,171798212.25,2023-10-31,3.7985,4537267200.0,4537267200.0,4.4647,34.3345
1190,SHSE.603255,鼎际得,35.8,35.23,35.56,35.05,35.45,-0.9776536312849027,1.4245810055866066,573994,20215775.85,2023-10-31,0.946,4767375095.15,2150937541.6,3.0155,65.8044
1191,SHSE.603256,宏和科技,8.32,8.3,8.35,8.04,8.1,-2.644230769230782,3.7259615384615445,5308100,43191665.0,2023-10-31,0.6034,7148351250.0,7125792750.0,4.956,-217.1041
1192,SHSE.603258,电魂网络,24.48,24.4,24.8,24.0,24.15,-1.3480392156862808,3.2679738562091534,4426900,107664556.0,2023-10-31,1.8086,5911149615.0,5911149615.0,2.5308,49.2229
1193,SHSE.603259,药明康德,90.46,85.8,88.7,83.36,86.51,-4.366570860048624,5.903161618394875,42636455,3681583042.08,2023-10-31,1.6616,256818407288.81,221978351344.76,4.9784,26.9988
1194,SHSE.603260,合盛硅业,56.81,56.61,57.63,56.49,57.25,0.77451152966026,2.0066889632107032,2549277,145798364.28,2023-10-31,0.2373,67681347372.25,61495979283.25,2.111,24.3576
1195,SHSE.603261,立航科技,33.55,33.55,34.09,33.26,33.56,0.029806259314479888,2.4739195230998674,731600,24576047.0,2023-10-31,2.8407,2632138386.32,864306790.56,3.0053,107.6705
1196,SHSE.603266,天龙股份,24.6,27.06,27.06,27.06,27.06,9.999999999999986,0.0,12980945,351264371.7,2023-10-31,6.5268,5381875455.0,5381875455.0,3.8074,47.5352
1197,SHSE.603267,鸿远电子,53.53,53.4,58.5,53.21,55.1,2.9329348029142555,9.882308985615541,8848926,496189316.85,2023-10-31,3.8167,12789635680.0,12774692560.0,3.0774,33.457
1198,SHSE.603268,松发股份,17.27,17.19,17.37,16.89,17.15,-0.6948465547191751,2.779386218876667,1361400,23244589.7,2023-10-31,1.0964,2129494920.0,2129494920.0,16.5467,-15.467
1199,SHSE.603269,海鸥股份,14.5,14.47,14.85,14.45,14.58,0.5517241379310311,2.758620689655175,5404788,79097651.98,2023-10-31,3.431,2296735086.96,2296735086.96,2.4397,32.1901
1200,SHSE.603270,金帝股份,30.82,30.72,30.72,30.0,30.13,-2.23880597014926,2.336145360155739,4658665,141148172.7,2023-10-31,9.4998,6601683876.71,1477560827.99,3.1096,44.6513
1201,SHSE.603272,联翔股份,17.22,17.28,17.42,17.15,17.26,0.23228803716610624,1.5679442508710986,754074,13043232.14,2023-10-31,1.7742,1788602020.0,733584520.0,2.7953,89.5473
1202,SHSE.603273,天元智能,36.0,32.4,37.69,32.4,33.25,-7.638888888888884,14.694444444444443,31958230,1086400152.68,2023-10-31,60.8709,7125920550.0,1745679463.5,18.1444,98.7247
1203,SHSE.603275,众辰科技,42.63,42.56,42.63,41.7,42.0,-1.4778325123152802,2.1815622800844467,1750574,73715833.2,2023-10-31,4.8031,6248417742.0,1530765516.0,2.3994,33.7594
1204,SHSE.603276,恒兴新材,23.88,23.6,24.15,23.41,23.61,-1.1306532663316604,3.0988274706867607,5188951,122938951.47,2023-10-31,13.6502,3777600000.0,897501639.03,2.1662,46.6719
1205,SHSE.603277,银都股份,28.07,28.01,28.27,27.66,28.1,0.10687566797293879,2.1731385821161364,664900,18601221.87,2023-10-31,0.1593,11820208800.0,11728251550.0,4.3762,24.3647
1206,SHSE.603278,大业股份,11.22,11.23,11.39,11.02,11.04,-1.6042780748663277,3.297682709447424,3584900,40065145.8,2023-10-31,1.213,3263091331.68,3262721491.68,1.8305,178.451
1207,SHSE.603279,景津装备,24.03,23.89,23.89,22.86,22.99,-4.327923429047031,4.286308780690808,6444996,149122144.35,2023-10-31,1.1332,13257928376.0,13075336209.43,3.1107,13.445
1208,SHSE.603280,南方路机,23.78,23.79,23.8,23.23,23.49,-1.2195121951219634,2.396972245584526,1559100,36584823.0,2023-10-31,5.7528,2546472607.83,636618157.83,2.0802,22.5996
1209,SHSE.603281,江瀚新材,28.33,28.17,28.56,28.13,28.25,-0.2823861630780078,1.5178256265442984,582000,16473226.25,2023-10-31,0.6236,10546666685.5,2636666685.5,2.2603,14.1778
1210,SHSE.603282,亚光股份,27.78,27.78,27.78,26.51,26.73,-3.7796976241900704,4.571634269258458,3474897,94230922.8,2023-10-31,10.3728,3577008600.0,895455000.0,3.0021,17.586
1211,SHSE.603283,赛腾股份,50.6,55.66,55.66,53.1,54.1,6.9169960474308345,5.0592885375493974,13882249,760484593.44,2023-10-31,7.4616,10837103606.8,10065231856.8,5.6103,22.7644
1212,SHSE.603286,日盈电子,19.0,19.4,19.5,18.66,19.09,0.47368421052631504,4.421052631578946,4800800,91528432.0,2023-10-31,5.4507,2182062042.79,1681370840.0,2.5502,-285.4581
1213,SHSE.603288,海天味业,37.87,37.81,37.83,37.01,37.65,-0.5809347768682249,2.1653023501452346,14935496,560311722.57,2023-10-31,0.2686,209356610481.6,209356610481.6,7.6178,35.7307
1214,SHSE.603289,泰瑞机器,9.29,9.2,9.35,9.2,9.3,0.10764262648010892,1.6146393972012958,2651200,24610470.0,2023-10-31,1.0072,2748777210.6,2447957160.0,1.9722,36.2315
1215,SHSE.603290,斯达半导,170.43,171.0,173.06,168.84,171.96,0.8977292730153241,2.4760898902775326,2470280,422830242.81,2023-10-31,1.4452,29393597065.68,29393597065.68,4.7589,33.1873
1216,SHSE.603291,联合水务,15.56,15.64,15.64,15.25,15.4,-1.0282776349614386,2.5064267352185126,2715812,41762394.84,2023-10-31,6.417,6517597301.6,651759739.4,3.9438,42.4161
1217,SHSE.603296,华勤技术,81.0,81.0,83.79,80.02,81.99,1.2222222222222134,4.654320987654334,5263506,429422827.82,2023-10-31,8.8525,59381455095.9,4874961829.95,2.9587,20.6319
1218,SHSE.603297,永新光学,86.15,86.07,86.13,81.22,82.44,-4.3064422518862555,5.699361578641899,971863,80385274.45,2023-10-31,0.8838,9156404700.0,9065885580.0,5.1845,36.0706
1219,SHSE.603298,杭叉集团,22.56,22.52,23.09,21.87,22.0,-2.4822695035460973,5.407801418439711,7067720,157789278.19,2023-10-31,0.7554,20582760770.0,20582760770.0,2.5081,13.3073
1220,SHSE.603299,苏盐井神,8.8,8.66,8.72,8.62,8.68,-1.363636363636378,1.1363636363636525,5287200,45806615.0,2023-10-31,0.6865,6788531382.92,6684631782.92,1.2707,10.3563
1221,SHSE.603300,华铁应急,5.83,5.83,5.85,5.7,5.72,-1.8867924528301994,2.5728987993138843,10902576,62782691.94,2023-10-31,0.6124,11184872613.2,10183872613.2,2.1345,14.5303
1222,SHSE.603301,振德医疗,25.82,25.8,25.99,25.28,25.78,-0.15491866769945517,2.7498063516653652,2616501,67057590.38,2023-10-31,1.1516,6869111987.56,5857338094.08,1.2528,13.044
1223,SHSE.603303,得邦照明,13.27,13.3,13.32,13.0,13.23,-0.30143180105500766,2.4114544084400924,2458280,32270059.6,2023-10-31,0.5154,6309976727.25,6309976727.25,1.8624,15.847
1224,SHSE.603305,旭升集团,18.03,18.03,18.04,17.34,17.68,-1.9412090959512018,3.8824181919023806,11293637,199361158.36,2023-10-31,1.2102,16499240015.44,16499240015.44,2.7031,21.127
1225,SHSE.603306,华懋科技,31.14,31.01,32.26,30.86,31.96,2.633269107257541,4.495825305073856,16232592,512601601.22,2023-10-31,4.9779,10421955163.36,10421955163.36,3.0471,46.7922
1226,SHSE.603307,扬州金泉,48.04,45.0,45.51,43.57,43.79,-8.846794338051623,4.03830141548709,2202137,97119620.15,2023-10-31,13.1471,2933930000.0,733482500.0,2.2412,12.7551
1227,SHSE.603308,应流股份,13.85,13.75,13.8,13.55,13.61,-1.7328519855595692,1.8050541516245486,2483840,33866810.0,2023-10-31,0.3636,9297629594.81,9297629594.81,2.1116,22.2581
1228,SHSE.603309,维力医疗,14.87,14.87,15.3,14.51,14.96,0.605245460659054,5.312710154673846,12534640,187106755.74,2023-10-31,4.307,4385676861.28,4353782141.28,2.4804,25.3526
1229,SHSE.603311,金海高科,10.66,10.63,11.25,10.63,10.89,2.157598499061919,5.81613508442776,5553492,60703525.82,2023-10-31,2.3543,2568775747.23,2568775747.23,2.0785,77.4281
1230,SHSE.603313,梦百合,10.58,10.6,10.6,10.0,10.14,-4.15879017013232,5.671077504725894,7507000,76491397.0,2023-10-31,1.5469,4920932255.46,4920932255.46,1.5762,88.6039
1231,SHSE.603315,福鞍股份,11.3,11.35,11.42,11.0,11.05,-2.212389380530977,3.7168141592920345,3170900,35293720.0,2023-10-31,1.0328,3392640217.2,3392640217.2,2.2699,54.6617
1232,SHSE.603316,诚邦股份,6.4,6.4,6.47,6.35,6.39,-0.15625000000001332,1.8750000000000018,4240320,27119926.6,2023-10-31,1.6046,1688646960.0,1688646960.0,2.0565,-16.9504
1233,SHSE.603317,天味食品,14.9,14.9,14.97,14.49,14.75,-1.0067114093959773,3.2214765100671174,10159203,149224474.39,2023-10-31,0.9602,15717229981.5,15605230576.5,3.7682,37.6167
1234,SHSE.603318,水发燃气,7.94,7.94,7.94,7.82,7.86,-1.0075566750629705,1.5113350125944598,4231102,33245666.66,2023-10-31,1.1032,3608297462.64,3014660485.26,2.2142,68.971
1235,SHSE.603319,湘油泵,16.87,17.25,17.85,16.88,16.96,0.5334914048606976,5.7498518079431085,7255889,124931735.21,2023-10-31,3.5057,3528807195.52,3510329207.68,2.1253,16.2943
1236,SHSE.603320,迪贝电气,14.26,14.25,14.54,14.24,14.34,0.5610098176718203,2.1037868162692774,1419214,20386321.8,2023-10-31,1.0915,1864505212.56,1864505212.56,2.4413,73.2771
1237,SHSE.603321,梅轮电梯,7.76,7.76,7.88,7.7,7.84,1.0309278350515427,2.3195876288659756,3046400,23813699.72,2023-10-31,0.9923,2406880000.0,2406880000.0,2.0493,37.8426
1238,SHSE.603322,超讯通信,33.18,33.77,34.34,32.52,32.59,-1.7781796262808847,5.48523206751055,7951600,264359190.0,2023-10-31,5.0774,5136472095.6,5103816915.6,26.0853,-53.9869
1239,SHSE.603323,苏农银行,4.21,4.23,4.28,4.21,4.26,1.187648456057011,1.6627078384798168,30973080,131275594.96,2023-10-31,2.0064,7681091435.82,6576291112.08,0.503,4.519
1240,SHSE.603324,盛剑环境,32.26,32.0,32.5,31.66,32.36,0.309981401115933,2.6038437693738374,2877203,92417341.27,2023-10-31,6.4831,4035405260.0,1436130360.36,2.6788,33.7822
1241,SHSE.603326,我乐家居,10.18,10.21,10.24,9.96,10.03,-1.4734774066797685,2.750491159135554,9481704,95434448.4,2023-10-31,3.0052,3238733940.4,3164592180.4,2.8601,16.1563
1242,SHSE.603327,福蓉科技,13.68,13.95,14.5,13.59,14.17,3.5818713450292305,6.652046783625733,32151992,449010381.66,2023-10-31,4.7444,9602867300.0,9602867300.0,5.0308,31.0646
1243,SHSE.603328,依顿电子,8.15,8.14,8.19,7.93,8.0,-1.8404907975460127,3.190184049079752,16584334,133602105.85,2023-10-31,1.661,7987540888.0,7987540888.0,2.1413,23.2848
1244,SHSE.603329,上海雅仕,14.02,14.03,14.06,13.72,13.81,-1.4978601997146845,2.4251069900142643,2272789,31574784.75,2023-10-31,1.4316,2192423052.95,2192423052.95,2.0323,1115.7265
1245,SHSE.603330,天洋新材,8.01,7.95,8.04,7.8,7.86,-1.872659176029956,2.996254681647932,5272948,41617476.88,2023-10-31,1.236,3400814881.14,3353082083.64,1.8017,-32.1956
1246,SHSE.603331,百达精工,13.18,13.1,13.25,13.08,13.23,0.3793626707132125,1.2898330804248856,1632180,21509784.6,2023-10-31,0.8094,2678660054.28,2667784994.28,2.1203,26.7176
1247,SHSE.603332,苏州龙杰,10.03,11.03,11.03,9.49,9.6,-4.287138584247252,15.35393818544366,27819153,279535756.51,2023-10-31,12.8586,2076932966.4,2076932966.4,1.6873,-93.8147
1248,SHSE.603333,尚纬股份,4.85,4.87,4.87,4.81,4.84,-0.20618556701030855,1.237113402061866,5617800,27162551.0,2023-10-31,0.9039,3008193516.24,3008193516.24,1.4056,101.4258
1249,SHSE.603335,迪生力,6.61,6.67,6.69,6.43,6.53,-1.2102874432677768,3.9334341906202823,25802035,168898747.75,2023-10-31,6.0265,2795784238.0,2795784238.0,6.1515,-21.1576
1250,SHSE.603336,宏辉果蔬,4.95,4.95,4.99,4.93,4.96,0.20202020202020332,1.2121212121212221,4570477,22642242.98,2023-10-31,0.8013,2829023633.28,2829023633.28,2.5333,95.9123
1251,SHSE.603337,杰克股份,21.4,21.5,21.8,20.8,20.93,-2.1962616822429837,4.672897196261683,1774900,37508679.54,2023-10-31,0.3684,10138890318.83,10082805453.63,2.3286,21.0296
1252,SHSE.603338,浙江鼎力,50.62,51.63,55.68,51.63,54.45,7.566179375740822,8.000790201501378,15872317,861466510.62,2023-10-31,3.1347,27570642011.55,27570642011.55,3.4005,16.4673
1253,SHSE.603339,四方科技,11.74,11.71,11.8,11.62,11.7,-0.34071550255537764,1.533219761499161,2250000,26284517.0,2023-10-31,0.7271,3620461747.5,3620461747.5,1.5216,11.4648
1254,SHSE.603345,安井食品,129.22,129.09,130.16,127.8,129.21,-0.00773874013310083,1.8263426714130935,1715857,221170233.74,2023-10-31,0.585,37896547716.72,37896547716.72,3.0817,24.7163
1255,SHSE.603348,文灿股份,42.43,42.59,42.59,39.62,39.9,-5.962762196559046,6.999764317699755,6601747,267676530.03,2023-10-31,2.5002,10535590212.0,10535590212.0,3.3524,367.9704
1256,SHSE.603351,威尔药业,26.77,26.77,27.3,26.61,27.13,1.3447889428464643,2.577512140455739,1000408,27082965.98,2023-10-31,0.7465,3675529860.16,3635834329.36,2.3702,38.7924
1257,SHSE.603353,和顺石油,26.53,27.27,27.51,25.32,25.57,-3.6185450433471544,8.2548058801357,6453540,167803390.0,2023-10-31,3.7219,4433684580.0,4433684580.0,2.6091,65.2269
1258,SHSE.603355,莱克电气,23.35,23.25,23.25,22.84,22.98,-1.5845824411134912,1.7558886509635978,1909741,43828666.92,2023-10-31,0.3357,13185032123.22,13073034956.82,3.3343,13.771
1259,SHSE.603356,华菱精工,13.32,13.3,13.39,13.1,13.24,-0.6006006006005982,2.177177177177184,1689400,22313894.0,2023-10-31,1.267,1765421600.0,1765421600.0,2.389,-60.069
1260,SHSE.603357,设计总院,8.7,8.67,8.7,8.62,8.66,-0.45977011494251485,0.9195402298850583,5474285,47393355.47,2023-10-31,1.0036,4858047353.7,4723607712.42,1.4758,10.0617
1261,SHSE.603358,华达科技,17.07,17.06,17.56,16.88,17.55,2.811950790861162,3.983596953719975,3723242,64392175.58,2023-10-31,0.848,7705152000.0,7705152000.0,2.3407,27.5812
1262,SHSE.603359,东珠生态,8.2,8.2,8.26,8.08,8.17,-0.3658536585365746,2.195121951219509,2540234,20716843.5,2023-10-31,0.5694,3644604320.0,3644604320.0,0.9954,-30.477
1263,SHSE.603360,百傲化学,10.35,10.35,10.37,10.03,10.12,-2.2222222222222254,3.2850241545893706,3841252,38913985.24,2023-10-31,1.0742,3646420092.92,3618802410.52,2.2984,10.4336
1264,SHSE.603363,傲农生物,8.02,7.98,8.09,7.92,8.01,-0.12468827930174342,2.119700748129675,10278450,82432651.5,2023-10-31,1.3943,6977176358.22,5904767969.28,6.5518,-3.9729
1265,SHSE.603365,水星家纺,14.49,14.93,14.95,13.85,14.32,-1.1732229123533444,7.591442374051067,4941688,70329767.41,2023-10-31,1.8704,3783394120.0,3783394120.0,1.3427,10.8788
1266,SHSE.603366,日出东方,5.81,5.82,5.88,5.72,5.76,-0.8605851979345935,2.753872633390708,7204600,41754231.0,2023-10-31,0.8937,4688490245.76,4643365023.36,1.1912,11.2969
1267,SHSE.603367,辰欣药业,14.07,14.03,14.46,13.93,14.28,1.4925373134328401,3.766879886282879,8603460,122210608.97,2023-10-31,1.9044,6472467120.0,6451175640.0,1.1603,14.4414
1268,SHSE.603368,柳药集团,20.85,20.85,21.11,20.66,20.76,-0.4316546762589968,2.1582733812949604,4297684,89620548.49,2023-10-31,1.193,7519871361.96,7478444781.96,1.1961,9.3902
1269,SHSE.603369,今世缘,58.99,59.02,59.32,57.5,58.5,-0.83064926258688,3.0852686896084087,5692562,331112232.99,2023-10-31,0.4538,73388250000.0,73388250000.0,5.735,24.0065
1270,SHSE.603377,东方时尚,5.33,5.33,5.37,5.21,5.25,-1.5009380863039379,3.001876172607883,5321100,27974124.0,2023-10-31,0.7383,3783945144.0,3783945144.0,1.6948,-80.5802
1271,SHSE.603378,亚士创能,8.83,8.8,8.88,8.72,8.85,0.22650056625141968,1.8120045300113266,3003880,26421720.55,2023-10-31,0.7009,3805744702.5,3793080281.7,2.145,32.6105
1272,SHSE.603379,三美股份,28.0,27.89,28.5,27.82,28.3,1.0714285714285676,2.4285714285714275,3566840,100574683.0,2023-10-31,0.5843,17276556747.1,17276556747.1,2.9526,65.9718
1273,SHSE.603380,易德龙,23.76,23.61,24.88,23.61,24.36,2.525252525252508,5.345117845117843,4228196,102259598.52,2023-10-31,2.6354,3919131804.0,3908347632.0,2.9553,26.9143
1274,SHSE.603383,顶点软件,57.81,57.11,58.2,56.88,57.04,-1.3319494897076734,2.2833419823559944,1164950,66780373.7,2023-10-31,0.689,9766232852.64,9644421080.64,7.1549,45.9504
1275,SHSE.603385,惠达卫浴,7.35,7.36,7.45,7.33,7.39,0.5442176870748217,1.6326530612244914,3125772,23103700.77,2023-10-31,0.8417,2820920392.22,2744316731.16,0.7394,426.0266
1276,SHSE.603386,骏亚科技,12.38,12.37,12.73,12.32,12.35,-0.24232633279483995,3.311793214862683,2810120,34893783.0,2023-10-31,0.8611,4030083616.0,4030083616.0,2.6426,31.2787
1277,SHSE.603387,基蛋生物,11.38,11.38,11.54,11.33,11.43,0.4393673110720364,1.845342706502628,3800986,43493739.5,2023-10-31,0.7495,5796764699.31,5796764699.31,2.309,22.9321
1278,SHSE.603388,元成股份,8.59,8.5,9.3,8.23,8.4,-2.211874272409775,12.456344586728758,51342682,444673876.66,2023-10-31,15.7622,2736162004.8,2736162004.8,2.0291,-52.1067
1279,SHSE.603389,亚振家居,6.07,6.09,6.12,6.0,6.02,-0.8237232289950658,1.97693574958814,2826060,17081850.0,2023-10-31,1.0756,1581767040.0,1581767040.0,3.6559,-16.5189
1280,SHSE.603390,通达电气,8.54,8.53,8.65,8.5,8.56,0.23419203747074846,1.7564402810304494,3913543,33562424.94,2023-10-31,1.1128,3010440583.04,3010440583.04,1.9217,-62.7565
1281,SHSE.603392,万泰生物,43.04,43.2,44.24,42.81,43.86,1.9052044609665364,3.322490706319702,6951115,303629438.06,2023-10-31,0.5497,55623558976.14,55464751653.06,4.1798,21.3908
1282,SHSE.603393,新天然气,30.23,28.21,28.35,27.21,27.21,-9.990076083360899,3.77108832285809,17051434,469107116.29,2023-10-31,4.5334,11534899307.67,10234441846.02,1.6578,13.1784
1283,SHSE.603396,金辰股份,49.16,49.52,49.52,47.82,48.28,-1.7900732302685074,3.45809601301872,1740314,84126308.36,2023-10-31,1.5003,5603641953.76,5600474302.96,3.6917,66.614
1284,SHSE.603398,沐邦高科,18.15,18.13,18.37,17.75,17.82,-1.8181818181818077,3.4159779614325125,1975257,35358440.37,2023-10-31,0.5765,6105746914.74,6105746914.74,8.3367,-27.3388
1285,SHSE.603399,吉翔股份,11.05,10.96,11.17,10.65,10.84,-1.9004524886877872,4.705882352941172,34053524,370817921.36,2023-10-31,6.6473,5622173035.16,5553230635.16,2.8022,37.5397
1286,SHSE.603408,建霖家居,12.1,12.19,12.19,11.65,11.84,-2.148760330578514,4.462809917355365,5483500,64881658.8,2023-10-31,4.6903,5317255200.0,1384233734.72,1.8015,13.6025
1287,SHSE.603416,信捷电气,36.2,36.07,36.3,35.44,35.82,-1.0497237569060847,2.375690607734805,1616901,57813439.01,2023-10-31,1.1503,5034859200.0,5034859200.0,2.408,25.9757
1288,SHSE.603421,鼎信通讯,9.13,9.08,9.17,8.92,8.99,-1.533406352683464,2.7382256297918945,5263602,47395607.98,2023-10-31,0.8071,5863192693.89,5863192693.89,1.7545,59.9094
1289,SHSE.603429,集友股份,8.37,8.51,8.62,8.41,8.54,2.0310633213858953,2.508960573476692,6064407,51787147.32,2023-10-31,1.1563,4479105871.1,4479105871.1,2.8956,25.7971
1290,SHSE.603439,贵州三力,18.49,18.28,18.8,18.26,18.65,0.8653326122228133,2.9204975662520236,4768800,88603607.0,2023-10-31,1.1679,7643930328.4,7615507728.4,5.6016,29.9046
1291,SHSE.603444,吉比特,267.04,266.8,271.49,263.76,266.0,-0.38945476333134277,2.8946974236069565,1272604,340297397.42,2023-10-31,1.7665,19162932866.0,19162932866.0,4.5538,14.6455
1292,SHSE.603456,九洲药业,29.19,29.48,30.79,29.05,29.73,1.8499486125385323,5.960945529290847,25118496,749906388.2,2023-10-31,2.7968,26741906911.44,26700715996.44,3.1837,23.3663
1293,SHSE.603458,勘设股份,9.08,9.04,9.11,8.99,9.06,-0.22026431718060735,1.3215859030836918,3185931,28769969.48,2023-10-31,1.0234,2843065571.82,2820557813.82,0.8413,26.7227
1294,SHSE.603466,风语筑,12.15,12.3,12.33,11.89,11.99,-1.3168724279835398,3.621399176954728,11562838,139175536.96,2023-10-31,1.9441,7131345655.5,7131345655.5,3.03,27.151
1295,SHSE.603477,巨星农牧,33.7,33.44,34.0,32.51,32.58,-3.3234421364985334,4.42136498516321,6178565,204798850.37,2023-10-31,1.2208,16488825770.52,16488825770.52,5.4079,-187.6417
1296,SHSE.603486,科沃斯,43.62,43.4,43.5,42.48,43.16,-1.0545621274644645,2.3383768913342577,6196924,266233941.39,2023-10-31,1.0909,24885510673.4,24516887155.8,3.8009,21.091
1297,SHSE.603488,展鹏科技,8.11,8.1,8.17,7.99,8.02,-1.1097410604192337,2.219482120838468,2283952,18406718.44,2023-10-31,0.7822,2341763328.8,2341763328.8,2.3828,43.1385
1298,SHSE.603489,八方股份,49.41,49.0,49.6,46.8,47.72,-3.4203602509613407,5.666869054847206,1644284,78330367.16,2023-10-31,0.9789,8022621357.64,8015971957.4,2.9279,50.6773
1299,SHSE.603496,恒为科技,33.23,32.72,32.8,30.21,30.53,-8.125188083057466,7.794161901895867,45729670,1430117640.29,2023-10-31,14.2812,9775988188.79,9775988188.79,7.503,154.9971
1300,SHSE.603499,翔港科技,9.4,9.38,9.5,9.33,9.48,0.8510638297872353,1.8085106382978715,1544900,14558236.0,2023-10-31,0.768,1906934639.64,1906934639.64,3.332,103.8513
1301,SHSE.603500,祥和实业,11.42,11.4,11.58,11.35,11.45,0.26269702276706663,2.0140105078809145,1610600,18458161.0,2023-10-31,0.6655,2811361735.2,2771137198.2,2.9847,39.965
1302,SHSE.603501,韦尔股份,111.1,112.8,114.89,109.4,110.31,-0.7110711071107056,4.941494149414937,17406220,1933896444.04,2023-10-31,1.472,130635690375.06,130486913402.79,7.3187,-165.1538
1303,SHSE.603505,金石资源,31.34,31.08,31.45,30.85,31.0,-1.084875558391829,1.91448627951499,3320030,103195543.3,2023-10-31,0.549,18809597262.0,18747939223.0,12.2785,59.554
1304,SHSE.603506,南都物业,11.42,11.39,11.69,11.28,11.65,2.0140105078809034,3.5901926444833636,3005006,34356004.27,2023-10-31,1.6003,2187611125.35,2187611125.35,2.018,18.6629
1305,SHSE.603507,振江股份,25.13,25.63,26.35,25.55,25.92,3.143653004377245,3.1834460803820166,7334199,191153551.06,2023-10-31,5.1638,3681441809.28,3681441809.28,1.5632,22.8431
1306,SHSE.603508,思维列控,15.6,15.65,15.8,15.49,15.68,0.512820512820511,1.9871794871794906,3304220,51689095.54,2023-10-31,0.8666,5978382231.36,5978382231.36,1.3633,15.0699
1307,SHSE.603511,爱慕股份,16.69,16.68,16.82,16.4,16.45,-1.4379868184541733,2.5164769322947973,1200545,19876249.6,2023-10-31,2.2054,6713590450.0,895502270.6,1.5151,25.7413
1308,SHSE.603515,欧普照明,19.64,19.43,19.61,18.7,19.52,-0.6109979633401319,4.6334012219959275,5215362,100798801.94,2023-10-31,0.7051,14570236203.2,14437397137.6,2.2854,15.5536
1309,SHSE.603516,淳中科技,18.44,18.49,18.59,17.55,17.73,-3.850325379609554,5.639913232104116,15451840,277274373.6,2023-10-31,8.3438,3283409994.57,3283409994.57,3.2993,169.777
1310,SHSE.603517,绝味食品,35.16,35.11,35.35,34.7,35.3,0.3981797497155881,1.8486916951080734,4451630,155720955.51,2023-10-31,0.7052,22282726145.3,22282726145.3,3.1051,55.3268
1311,SHSE.603518,锦泓集团,9.09,9.13,9.16,8.87,8.94,-1.650165016501659,3.1903190319032007,7152790,64307988.6,2023-10-31,2.078,3104120945.52,3077323295.52,0.9609,16.324
1312,SHSE.603519,立霸股份,13.04,13.05,13.37,13.0,13.2,1.2269938650306678,2.8374233128834296,3314472,43700472.4,2023-10-31,1.2445,3515527474.8,3515527474.8,2.4304,5.1876
1313,SHSE.603520,司太立,15.74,15.74,16.06,15.66,15.88,0.8894536213468918,2.541296060991096,6186657,98215926.13,2023-10-31,1.8062,5439130275.88,5439130275.88,3.094,-97.0016
1314,SHSE.603527,众源新材,10.52,10.53,10.59,10.4,10.47,-0.47528517110264623,1.8060836501901094,1612238,16873960.65,2023-10-31,0.6612,3318688464.0,2552837280.0,1.7468,29.0132
1315,SHSE.603528,多伦科技,8.42,8.29,8.54,8.25,8.29,-1.5439429928741144,3.444180522565311,20012155,167368828.5,2023-10-31,3.2063,5174159579.58,5174159579.58,3.5001,399.6699
1316,SHSE.603529,爱玛科技,28.63,28.51,28.8,28.09,28.1,-1.8512050296891291,2.4799161718477154,3098850,87753209.5,2023-10-31,1.3863,24220087076.7,6281283116.7,3.3203,11.7889
1317,SHSE.603530,神马电力,14.66,14.84,14.87,14.4,14.53,-0.8867667121418843,3.206002728512953,3038211,44238883.44,2023-10-31,0.7029,6280786141.31,6280786141.31,3.7716,52.1314
1318,SHSE.603533,掌阅科技,18.82,19.1,19.73,18.56,18.82,0.0,6.216790648246555,9673100,184655721.0,2023-10-31,2.204,8260038434.7,8260038434.7,3.242,150.7887
1319,SHSE.603535,嘉诚国际,17.31,17.49,17.49,17.0,17.15,-0.9243212016175617,2.830733679953775,993145,17001007.15,2023-10-31,0.4554,4000209991.4,3740081621.15,1.7104,22.6019
1320,SHSE.603536,惠发食品,8.0,8.0,8.05,7.92,7.99,-0.12499999999999734,1.6250000000000098,3201860,25585155.0,2023-10-31,1.3088,1954691977.0,1954691977.0,4.1988,-26.5024
1321,SHSE.603538,美诺华,20.9,20.79,21.68,20.37,20.68,-1.0526315789473606,6.267942583732052,14315614,300793523.05,2023-10-31,6.7795,4413214138.52,4366811630.72,2.1441,24.6157
1322,SHSE.603551,奥普家居,10.76,10.79,10.87,10.48,10.5,-2.4163568773234223,3.624535315985119,2064600,21925784.0,2023-10-31,0.5172,4217850000.0,4191169500.0,2.8673,14.3522
1323,SHSE.603555,ST贵人,1.8,1.8,1.84,1.79,1.81,0.5555555555555536,2.77777777777778,20561600,37305396.0,2023-10-31,1.3084,2844424697.98,2844424697.98,1.7344,-57.0603
1324,SHSE.603556,海兴电力,21.08,21.99,23.19,21.99,22.69,7.637571157495282,5.692599620493373,10605080,239480259.63,2023-10-31,2.1701,11088240867.6,11088240867.6,1.7541,12.8424
1325,SHSE.603557,ST起步,2.23,2.23,2.25,2.21,2.24,0.4484304932735439,1.793721973094172,4537500,10095232.0,2023-10-31,0.9183,1106815254.72,1106815254.72,3.0396,-1.5502
1326,SHSE.603558,健盛集团,9.03,9.03,9.18,9.0,9.13,1.1074197120708895,1.9933554817275718,4633200,42250100.0,2023-10-31,1.2553,3369709064.37,3369709064.37,1.3722,17.3954
1327,SHSE.603559,ST通脉,8.34,8.76,8.76,8.76,8.76,5.035971223021574,0.0,337255,2954353.8,2023-10-31,0.2353,1255423693.32,1255423693.32,4.0883,-7.5521
1328,SHSE.603565,中谷物流,9.74,9.76,9.83,9.35,9.47,-2.772073921971252,4.928131416837787,4336055,40996852.84,2023-10-31,0.2065,19887597585.41,19887597585.41,1.9496,11.4455
1329,SHSE.603566,普莱柯,20.41,20.69,20.69,20.3,20.48,0.3429691327780482,1.9108280254777097,2081100,42575710.0,2023-10-31,0.5925,7227731415.04,7193335336.96,2.6419,32.1111
1330,SHSE.603567,珍宝岛,12.77,12.7,13.04,12.7,12.99,1.7227877838684513,2.662490211433045,12032646,155455110.8,2023-10-31,1.2807,12236107060.08,12204631406.76,1.6209,24.0959
1331,SHSE.603568,伟明环保,17.81,17.87,18.02,17.73,17.94,0.7299270072992803,1.6282987085906746,3297977,58999675.34,2023-10-31,0.1947,30581323370.52,30394209170.52,2.9099,15.538
1332,SHSE.603569,长久物流,14.21,14.24,14.3,12.79,12.79,-9.992962702322316,10.626319493314577,23678371,312449513.56,2023-10-31,3.99,7590104122.9,7590104122.9,2.9211,72.4532
1333,SHSE.603577,汇金通,9.18,9.09,9.22,8.9,9.03,-1.6339869281045805,3.4858387799564303,1949020,17568057.8,2023-10-31,0.6761,3062426073.0,2603062162.05,1.7429,106.6427
1334,SHSE.603578,三星新材,15.26,14.7,14.7,13.81,14.04,-7.994757536041941,5.832241153342063,7409763,104485321.91,2023-10-31,4.1084,2532212729.28,2532212729.28,2.4127,19.2988
1335,SHSE.603579,荣泰健康,20.57,20.57,20.66,20.28,20.45,-0.5833738454059323,1.8473505104521097,4258029,86934564.65,2023-10-31,3.0639,2842025886.95,2842025886.95,1.4536,14.9348
1336,SHSE.603580,艾艾精工,13.4,13.43,13.71,13.39,13.49,0.6716417910447747,2.3880597014925393,1541924,20846316.96,2023-10-31,1.18,1762781468.0,1762781468.0,3.998,-863.8913
1337,SHSE.603583,捷昌驱动,20.53,20.38,20.38,19.58,20.01,-2.532878714076958,3.8967364831953275,11862949,237125491.22,2023-10-31,3.1035,7696507430.55,7648761569.55,1.8784,33.5087
1338,SHSE.603585,苏利股份,14.7,14.64,14.76,14.54,14.67,-0.20408163265305257,1.4965986394557869,670240,9797146.4,2023-10-31,0.3724,2640630366.9,2640630366.9,1.1086,30.5321
1339,SHSE.603586,金麒麟,13.53,13.45,13.56,13.38,13.45,-0.591278640059123,1.3303769401330356,4183313,56320140.89,2023-10-31,2.1338,2636909891.0,2636909891.0,1.1858,15.7273
1340,SHSE.603587,地素时尚,14.37,14.29,14.29,13.99,14.06,-2.1572720946416046,2.087682672233813,4617150,64804201.26,2023-10-31,0.9672,6712051124.92,6712051124.92,1.8382,15.8783
1341,SHSE.603588,高能环境,8.04,8.02,8.02,7.82,7.86,-2.238805970149238,2.4875621890547177,7709754,60713961.2,2023-10-31,0.5103,12083640812.52,11874005770.02,1.2757,16.166
1342,SHSE.603589,口子窖,49.99,50.1,50.35,49.8,50.18,0.3800760152030458,1.1002200440088103,6141087,307595027.79,2023-10-31,1.0289,30108000000.0,29950725141.48,3.2192,17.7416
1343,SHSE.603590,康辰药业,39.7,39.7,40.02,38.73,39.11,-1.4861460957178885,3.2493702770781017,2518800,99444575.0,2023-10-31,1.5991,6257600000.0,6160216100.0,1.997,42.7275
1344,SHSE.603595,东尼电子,40.35,39.91,41.98,39.0,40.96,1.5117719950433761,7.385377942998753,8374982,337806998.02,2023-10-31,3.603,9520837672.96,9520837672.96,4.4566,-188.2546
1345,SHSE.603596,伯特利,76.19,76.1,76.2,74.5,75.75,-0.5775036093975561,2.2312639453996628,2498174,188697418.36,2023-10-31,0.5932,32850315321.75,32724683946.75,7.1794,40.2836
1346,SHSE.603598,引力传媒,9.5,9.4,9.73,9.4,9.58,0.8421052631578885,3.4736842105263164,5282800,50747697.0,2023-10-31,1.9722,2566126582.0,2566126582.0,14.1921,-28.2538
1347,SHSE.603599,广信股份,17.91,17.38,17.59,16.18,16.64,-7.0910106085985465,7.872696817420437,16797912,282520802.27,2023-10-31,1.8487,15148349548.8,15119991877.12,1.6179,8.4687
1348,SHSE.603600,永艺股份,9.45,9.4,9.56,9.36,9.39,-0.6349206349206216,2.116402116402128,1420150,13395667.0,2023-10-31,0.4695,3126004016.64,2840593689.6,1.5156,11.9554
1349,SHSE.603601,再升科技,4.47,4.44,4.47,4.38,4.42,-1.118568232662187,2.0134228187919434,7842459,34568469.21,2023-10-31,0.7676,4515665640.2,4515665640.2,2.0725,36.3866
1350,SHSE.603602,纵横通信,15.42,15.38,15.74,15.16,15.59,1.1024643320363126,3.7613488975356684,5433644,84113715.0,2023-10-31,2.6655,3178010540.23,3178010540.23,4.2025,106.538
1351,SHSE.603603,*ST博天,2.93,2.96,2.96,2.88,2.89,-1.3651877133105783,2.7303754266211624,4668000,13551110.0,2023-10-31,0.571,2798952864.89,2362698469.47,1.6381,1.4849
1352,SHSE.603605,珀莱雅,100.0,101.01,104.5,100.0,103.86,3.8599999999999968,4.5,3482380,357770749.61,2023-10-31,0.8821,41214072715.56,41003937762.84,10.602,38.5882
1353,SHSE.603606,东方电缆,43.22,42.7,43.12,41.78,42.1,-2.5913928736695957,3.1004164738546884,7870637,332229790.47,2023-10-31,1.1445,28952816992.8,28952816992.8,4.6799,31.2
1354,SHSE.603607,京华激光,15.85,15.71,16.47,15.55,15.94,0.5678233438485725,5.804416403785478,10745886,171246073.5,2023-10-31,6.0195,2845557792.0,2845557792.0,2.9192,32.3162
1355,SHSE.603608,天创时尚,4.58,4.58,4.77,4.58,4.66,1.7467248908296984,4.148471615720513,6278420,29344197.8,2023-10-31,1.4959,1955830407.36,1955830407.36,1.6083,-13.6674
1356,SHSE.603609,禾丰股份,8.89,8.88,8.91,8.74,8.82,-0.7874015748031482,1.912260967379077,3228609,28475334.38,2023-10-31,0.3512,8109404907.66,8109404907.66,1.1704,39.8741
1357,SHSE.603610,麒盛科技,12.01,12.01,12.02,11.07,11.21,-6.661115736885915,7.910074937552033,12159120,137997228.65,2023-10-31,3.3918,4018664503.71,4018664503.71,1.2335,88.3137
1358,SHSE.603611,诺力股份,18.07,19.18,19.88,18.32,18.56,2.7116768123962354,8.633093525179849,16930956,317926302.7,2023-10-31,6.5726,4781070680.96,4781070680.96,1.8602,10.1726
1359,SHSE.603612,索通发展,17.83,17.87,18.14,17.63,17.74,-0.5047672462142438,2.860347728547401,3763848,67050023.33,2023-10-31,0.8632,9594610949.36,7734863506.26,1.5157,-24.5048
1360,SHSE.603613,国联股份,38.1,38.0,38.22,37.25,37.62,-1.2598425196850505,2.5459317585301804,6250745,235756262.07,2023-10-31,0.8654,27174179235.06,27174179235.06,4.0552,18.7621
1361,SHSE.603615,茶花股份,10.82,10.91,10.98,10.62,10.75,-0.6469500924214389,3.3271719038817116,6004900,64636732.0,2023-10-31,2.4832,2599565000.0,2599565000.0,2.1914,-424.6814
1362,SHSE.603616,韩建河山,6.36,6.31,6.31,6.0,6.03,-5.188679245283023,4.874213836477981,52982526,324764086.63,2023-10-31,13.8928,2359647540.0,2299649040.0,3.5073,-7.0778
1363,SHSE.603617,君禾股份,8.1,8.11,8.35,8.05,8.12,0.24691358024691024,3.703703703703691,11416404,93229067.34,2023-10-31,2.9193,3175499256.44,3175499256.44,2.1026,80.8682
1364,SHSE.603618,杭电股份,6.13,6.1,6.17,6.06,6.11,-0.32626427406198255,1.7944535073409515,6574093,40165608.37,2023-10-31,0.9513,4222392229.38,4222392229.38,1.5414,26.6853
1365,SHSE.603619,中曼石油,21.16,20.9,21.01,20.35,20.46,-3.3081285444234387,3.1190926275992443,8852622,182179065.5,2023-10-31,2.2137,8184002046.0,8182080852.0,2.7803,9.9618
1366,SHSE.603626,科森科技,7.27,7.34,7.7,7.28,7.43,2.2008253094910613,5.77716643741403,25191961,189366442.33,2023-10-31,4.5401,4122756096.7,4122756096.7,1.3992,-37.103
1367,SHSE.603628,清源股份,12.54,12.48,12.58,11.75,11.95,-4.70494417862839,6.618819776714514,7764622,93047157.6,2023-10-31,2.8359,3271910000.0,3271910000.0,2.6782,17.5893
1368,SHSE.603629,利通电子,36.92,37.65,37.65,33.23,33.23,-9.994582881906833,11.971830985915496,39900202,1370143141.66,2023-10-31,15.6594,8467004000.0,8467004000.0,5.2166,195.9445
1369,SHSE.603630,拉芳家化,14.86,14.88,15.16,14.88,15.06,1.3458950201884257,1.8842530282637913,3290570,49425263.0,2023-10-31,1.4611,3391580974.8,3391580974.8,1.7124,46.4545
1370,SHSE.603633,徕木股份,10.23,10.15,10.3,9.93,10.01,-2.1505376344086113,3.6168132942326583,13535198,136291632.31,2023-10-31,3.1712,4272376288.18,4272376288.18,2.2385,56.5822
1371,SHSE.603636,南威软件,12.41,12.4,12.42,11.88,12.06,-2.8203062046736505,4.351329572925054,16999897,205579259.67,2023-10-31,2.8775,7124970550.68,7124970550.68,2.7698,69.1087
1372,SHSE.603637,镇海股份,8.28,8.32,8.38,8.25,8.32,0.48309178743961567,1.5700483091787534,2171513,18079002.67,2023-10-31,0.8911,2027404063.36,2027404063.36,2.211,19.6673
1373,SHSE.603638,艾迪精密,16.68,16.73,16.73,16.02,16.34,-2.0383693045563533,4.256594724220629,2655577,43305018.27,2023-10-31,0.3168,13698393949.02,13698393949.02,4.4242,45.5531
1374,SHSE.603639,海利尔,17.57,17.5,17.6,16.96,17.06,-2.902675014228806,3.6425725668753586,2791431,47806302.76,2023-10-31,0.8286,5804331408.76,5747346573.16,1.7321,12.3067
1375,SHSE.603648,畅联股份,9.16,9.11,9.22,9.11,9.21,0.5458515283842891,1.200873362445428,2501500,22966359.0,2023-10-31,0.6902,3337821888.0,3337821888.0,1.8427,20.049
1376,SHSE.603650,彤程新材,35.77,35.13,35.59,34.3,35.0,-2.1526418786692814,3.606374056471921,11555611,402665305.85,2023-10-31,1.9452,20827204685.0,20792443525.0,6.2925,51.0835
1377,SHSE.603655,朗博科技,20.77,20.6,21.55,20.55,21.45,3.2739528165623533,4.814636494944632,3524400,74524197.34,2023-10-31,3.3249,2273700000.0,2273700000.0,4.2641,124.0049
1378,SHSE.603656,泰禾智能,13.01,13.0,13.05,12.79,12.89,-0.9223674096848544,1.9984627209838708,3606300,46501858.76,2023-10-31,1.9666,2363708364.62,2363708364.62,1.7854,89.5058
1379,SHSE.603657,春光科技,14.75,14.75,15.06,14.6,14.99,1.6271186440677932,3.1186440677966156,1451720,21673925.2,2023-10-31,1.0738,2064741337.5,2026498849.5,2.1069,35.0103
1380,SHSE.603658,安图生物,44.15,44.39,44.6,43.71,44.45,0.679501698754259,2.0158550396376005,2501550,110948725.0,2023-10-31,0.4267,26059801779.2,26059801779.2,3.1706,22.2834
1381,SHSE.603659,璞泰来,25.34,25.23,25.23,24.46,25.0,-1.3417521704814472,3.03867403314917,13819101,342544703.52,2023-10-31,0.6866,50405202300.0,50320443050.0,3.4244,20.4894
1382,SHSE.603660,苏州科达,6.18,6.17,6.29,6.13,6.17,-0.16181229773462036,2.588996763754048,8201397,50754482.46,2023-10-31,1.6595,3102902797.96,3049318815.96,3.2265,-6.5347
1383,SHSE.603661,恒林股份,31.12,30.94,31.0,29.59,29.83,-4.145244215938315,4.530848329048844,2421544,72563672.24,2023-10-31,1.7413,4148369534.73,4148369534.73,1.1398,9.8521
1384,SHSE.603662,柯力传感,28.64,28.2,28.5,27.4,28.11,-1.8505586592178824,3.8407821229050327,6099270,170288394.24,2023-10-31,2.1719,7941215325.12,7894127589.48,3.2619,28.6307
1385,SHSE.603663,三祥新材,9.06,9.01,9.13,8.98,9.11,0.5518763796909409,1.6556291390728517,4931750,44778078.33,2023-10-31,1.1677,3859669247.22,3847670284.02,3.0495,36.627
1386,SHSE.603665,康隆达,27.3,27.27,27.68,27.1,27.26,-0.146520146520146,2.1245421245421183,688292,18796617.48,2023-10-31,0.4284,4466253239.02,4380220679.02,3.3061,86.7517
1387,SHSE.603666,亿嘉和,31.12,31.0,31.29,30.2,30.72,-1.285347043701801,3.5025706940874026,1991900,60897469.62,2023-10-31,0.9646,6343397867.52,6343397867.52,2.7572,-31.2236
1388,SHSE.603667,五洲新春,17.62,17.43,17.48,16.28,16.53,-6.186152099886488,6.810442678774116,12868571,214951606.57,2023-10-31,3.9486,6094332105.84,5387197467.39,2.1135,47.3983
1389,SHSE.603668,天马科技,17.28,17.18,17.48,16.49,16.79,-2.835648148148162,5.729166666666678,17898946,303578889.92,2023-10-31,4.104,7322706247.04,7322706247.04,3.6292,-37.2093
1390,SHSE.603669,灵康药业,5.66,5.66,5.7,5.6,5.69,0.5300353356890497,1.7667844522968292,7930929,44832050.48,2023-10-31,1.0996,4103847269.84,4103847269.84,4.3624,-18.4147
1391,SHSE.603676,卫信康,10.85,10.87,11.09,10.72,10.92,0.6451612903225934,3.4101382488479195,3962900,43407055.0,2023-10-31,0.9235,4751963580.0,4685793840.0,3.535,20.1174
1392,SHSE.603677,奇精机械,14.16,14.11,14.11,13.82,13.86,-2.1186440677966156,2.0480225988700504,3919379,54502787.81,2023-10-31,2.0398,2663149020.84,2663149020.84,2.4825,38.0976
1393,SHSE.603678,火炬电子,27.36,27.37,27.99,27.03,27.55,0.694444444444442,3.5087719298245514,4506413,124056571.91,2023-10-31,0.982,12642640368.35,12642640368.35,2.3739,33.6518
1394,SHSE.603679,华体科技,16.47,16.25,17.48,16.15,16.21,-1.5786278081359906,8.075288403157268,25429430,425251645.4,2023-10-31,15.5838,2645118800.31,2645118800.31,3.0121,-1139.6551
1395,SHSE.603680,今创集团,9.22,9.2,9.44,9.2,9.25,0.32537960954446277,2.6030368763557505,1763206,16345635.76,2023-10-31,0.225,7249398594.75,7249398594.75,1.4508,27.0053
1396,SHSE.603681,永冠新材,14.28,14.21,14.51,14.2,14.27,-0.07002801120448154,2.1708683473389394,7031967,100930282.37,2023-10-31,3.6791,2727435046.19,2727435046.19,1.121,71.31
1397,SHSE.603682,锦和商管,5.82,5.8,5.94,5.78,5.88,1.0309278350515427,2.7491408934707926,6551000,38351387.36,2023-10-31,1.3865,2778300000.0,2778300000.0,2.4891,26.3499
1398,SHSE.603683,晶华新材,10.4,11.0,11.4,10.72,11.12,6.923076923076921,6.538461538461536,12788440,141675358.28,2023-10-31,5.9556,2877759133.68,2387779363.2,2.2809,70.1321
1399,SHSE.603685,晨丰科技,14.64,14.71,14.99,14.65,14.86,1.5027322404371546,2.3224043715846987,1136990,16812442.5,2023-10-31,0.6728,2511422235.24,2511422235.24,2.2925,-63.9002
1400,SHSE.603686,福龙马,9.85,9.85,9.98,9.77,9.88,0.3045685279188026,2.131979695431481,6360744,62744266.28,2023-10-31,1.5303,4106678681.56,4106678681.56,1.256,17.168
1401,SHSE.603687,大胜达,10.39,10.38,10.63,10.38,10.6,2.0211742059672577,2.4061597690086622,6583997,69621453.35,2023-10-31,1.5696,5253735664.0,4446389791.0,1.9686,49.7097
1402,SHSE.603688,石英股份,93.63,93.61,94.06,91.4,92.02,-1.7195343372850558,2.840969774644875,3502760,323741972.78,2023-10-31,0.9695,33244721134.52,33244721134.52,4.6463,7.0892
1403,SHSE.603689,皖天然气,8.93,9.17,9.17,8.56,8.58,-3.919372900335938,6.830907054871214,14926640,129653184.6,2023-10-31,3.1731,4103233940.52,4036172660.52,1.4027,11.739
1404,SHSE.603690,至纯科技,27.46,27.81,28.12,27.28,27.84,1.383831026948279,3.058994901675163,9791665,270947263.65,2023-10-31,2.5413,10766222716.8,10726600828.8,2.2996,34.0867
1405,SHSE.603693,江苏新能,11.67,11.67,11.67,11.33,11.38,-2.485004284490133,2.913453299057411,5210410,59558745.8,2023-10-31,0.6485,10144995514.4,9142692000.0,1.6036,21.3729
1406,SHSE.603696,安记食品,9.56,9.5,9.7,9.5,9.67,1.1506276150627492,2.0920502092050137,3266566,31561916.98,2023-10-31,1.3888,2274384000.0,2274384000.0,4.0957,86.6827
1407,SHSE.603697,有友食品,8.33,8.28,8.36,8.23,8.31,-0.24009603841536054,1.560624249699868,2296760,19047222.4,2023-10-31,0.537,3554121334.38,3554121334.38,1.9474,22.8356
1408,SHSE.603698,航天工程,14.05,14.0,14.23,13.92,14.02,-0.2135231316726105,2.2064056939501815,2494426,35137058.75,2023-10-31,0.4654,7514579800.0,7514579800.0,2.3591,43.3837
1409,SHSE.603699,纽威股份,14.92,14.9,15.08,14.6,14.62,-2.0107238605898137,3.2171581769437028,3445368,50951860.62,2023-10-31,0.46,10951286440.0,10951286440.0,3.0477,15.4716
1410,SHSE.603700,宁水集团,13.86,13.82,13.94,13.59,13.66,-1.4430014430014348,2.525252525252523,1415178,19437125.7,2023-10-31,0.6963,2776285720.0,2776285720.0,1.7801,19.3237
1411,SHSE.603701,德宏股份,12.95,12.95,13.1,12.79,13.03,0.617760617760621,2.393822393822398,3232613,41833384.87,2023-10-31,1.2368,3405545570.03,3405545570.03,4.5007,258.8088
1412,SHSE.603703,盛洋科技,11.32,11.32,11.37,11.16,11.18,-1.2367491166077826,1.8551236749116524,3358310,37732394.4,2023-10-31,0.8093,4639500101.6,4639500101.6,5.4778,3831.5118
1413,SHSE.603706,东方环宇,15.83,15.88,15.9,15.56,15.65,-1.137081490840175,2.147820593809222,1455103,22839875.37,2023-10-31,0.7683,2963839474.1,2963839474.1,1.9059,19.6412
1414,SHSE.603707,健友股份,12.53,12.54,12.75,12.36,12.65,0.9577015163607427,3.112529928172391,9166239,115662831.65,2023-10-31,0.5673,20450605852.6,20437767405.55,3.0159,19.989
1415,SHSE.603708,家家悦,10.99,11.05,11.1,10.93,11.04,0.45495905368515555,1.5468607825295715,2679931,29514890.24,2023-10-31,0.4405,7146598084.32,6716764262.4,2.8538,95.4963
1416,SHSE.603709,中源家居,17.49,17.53,17.8,17.2,17.38,-0.6289308176100628,3.430531732418533,1509400,26333770.8,2023-10-31,1.5723,1668480000.0,1668480000.0,2.7776,-233.0582
1417,SHSE.603711,香飘飘,16.52,16.56,16.56,16.25,16.48,-0.2421307506053183,1.8765133171912756,1251141,20606649.72,2023-10-31,0.3046,6769090784.0,6769090784.0,2.2085,23.1488
1418,SHSE.603712,七一二,26.56,26.6,26.65,26.05,26.61,0.18825301204818956,2.2590361445783054,4756100,125296664.5,2023-10-31,0.6161,20542920000.0,20542920000.0,4.5293,26.2986
1419,SHSE.603713,密尔克卫,65.97,66.1,66.25,64.5,65.05,-1.3945732908898,2.652720933757769,651700,42433799.0,2023-10-31,0.3983,10692373100.4,10643938496.65,2.673,20.1069
1420,SHSE.603716,塞力医疗,11.22,11.2,11.54,11.15,11.26,0.35650623885916666,3.4759358288769944,14675800,166591341.0,2023-10-31,7.2897,2275657023.54,2266900864.7,1.7634,-14.8525
1421,SHSE.603717,天域生态,6.9,6.89,6.94,6.81,6.85,-0.7246376811594346,1.884057971014504,3200500,21994185.2,2023-10-31,1.1031,1987501744.0,1987501744.0,1.9389,-4.6442
1422,SHSE.603718,海利生物,11.69,11.7,11.7,11.05,11.21,-4.106073567151403,5.5603079555175245,9146575,102806830.0,2023-10-31,1.4203,7375059000.0,7219240000.0,6.2292,47.2011
1423,SHSE.603719,良品铺子,20.5,20.51,20.51,20.07,20.19,-1.5121951219512098,2.14634146341464,3113300,63020616.11,2023-10-31,0.7764,8096190000.0,8096190000.0,3.2345,33.8197
1424,SHSE.603721,中广天择,17.71,18.03,19.48,17.98,19.48,9.994353472614348,8.469791078486729,19815130,378908097.5,2023-10-31,15.2424,2532400000.0,2532400000.0,4.8663,686.6406
1425,SHSE.603722,阿科力,45.99,46.4,46.99,46.0,46.32,0.717547292889753,2.1526418786692805,911634,42367754.64,2023-10-31,1.0367,4073265000.0,4073265000.0,5.3672,109.3344
1426,SHSE.603725,天安新材,9.96,9.93,10.34,9.93,10.05,0.9036144578313143,4.116465863453817,6856414,69013909.23,2023-10-31,3.3389,2194437600.0,2063787600.0,3.2617,-20.1098
1427,SHSE.603726,朗迪集团,14.17,14.1,14.58,13.8,13.9,-1.9054340155257532,5.504587155963298,10913472,154400544.6,2023-10-31,5.8785,2580551680.0,2580551680.0,2.1744,28.0145
1428,SHSE.603727,博迈科,13.16,13.16,13.16,12.84,12.87,-2.203647416413379,2.4316109422492422,4970620,64265846.4,2023-10-31,1.7644,3625727094.99,3625727094.99,1.1327,-41.9936
1429,SHSE.603728,鸣志电器,68.88,69.16,69.16,65.16,65.93,-4.282810685249694,5.807200929152149,3457468,230504935.09,2023-10-31,0.8254,27694951380.0,27616923225.0,9.8729,161.7697
1430,SHSE.603729,龙韵股份,16.93,17.18,18.0,16.85,16.85,-0.4725339633786074,6.792675723567624,8631634,148347672.7,2023-10-31,9.2477,1572745300.0,1572745300.0,4.0825,-10.528
1431,SHSE.603730,岱美股份,17.02,17.06,17.29,16.53,16.6,-2.467685076380721,4.465334900117497,3099015,51733028.06,2023-10-31,0.2438,21104396919.2,21104396919.2,4.8571,33.8876
1432,SHSE.603733,仙鹤股份,18.67,18.53,18.58,17.72,17.95,-3.85645420460633,4.606320299946435,5328680,96195856.22,2023-10-31,0.7548,12672261140.45,12672261140.45,1.8734,24.1309
1433,SHSE.603737,三棵树,59.56,59.56,59.9,58.6,59.6,0.0671591672263272,2.182672934855603,2209280,130889643.42,2023-10-31,0.4192,31409943867.6,31409943867.6,11.112,53.8404
1434,SHSE.603738,泰晶科技,17.34,17.38,17.44,16.94,17.32,-0.11534025374855261,2.883506343713956,17142186,294443781.87,2023-10-31,4.4304,6743426856.64,6701451143.84,3.8932,79.4154
1435,SHSE.603739,蔚蓝生物,14.3,14.23,14.39,13.8,13.99,-2.1678321678321733,4.125874125874125,3322500,46743300.8,2023-10-31,1.3131,3539873835.34,3539873835.34,2.0925,49.8907
1436,SHSE.603755,日辰股份,30.21,30.28,30.61,30.08,30.52,1.0261502813637913,1.7543859649122844,632400,19215026.0,2023-10-31,0.6413,3009689544.12,3009689544.12,4.218,58.8155
1437,SHSE.603757,大元泵业,24.22,24.14,24.14,23.0,23.45,-3.1791907514450823,4.70685383980182,3137900,73250894.0,2023-10-31,1.8918,3909560221.7,3889693381.7,2.4619,11.4914
1438,SHSE.603758,秦安股份,10.8,10.8,10.81,10.47,10.58,-2.0370370370370483,3.1481481481481466,6139000,65175472.0,2023-10-31,1.3991,4642472778.42,4642472778.42,1.8402,16.353
1439,SHSE.603759,海天股份,8.54,8.55,8.57,8.48,8.53,-0.11709601873536313,1.0538641686182655,2270908,19345853.96,2023-10-31,1.1631,3938812800.0,1665443296.12,1.5834,17.3934
1440,SHSE.603766,隆鑫通用,5.7,5.72,5.74,5.52,5.55,-2.6315789473684292,3.8596491228070287,15961036,89242083.1,2023-10-31,0.7772,11397157267.5,11397157267.5,1.3472,21.7481
1441,SHSE.603767,中马传动,15.84,15.7,15.89,15.28,15.39,-2.840909090909083,3.8510101010101083,9860500,153146917.6,2023-10-31,3.1949,4749838785.0,4749838785.0,3.2726,76.7258
1442,SHSE.603768,常青股份,24.62,23.01,23.88,22.16,22.16,-9.99187652315191,6.9861900893582405,26405082,600402494.46,2023-10-31,12.9437,4520640000.0,4520640000.0,2.2818,33.1568
1443,SHSE.603773,沃格光电,35.2,35.2,36.67,34.0,34.13,-3.039772727272727,7.585227272727277,10553185,372184617.03,2023-10-31,6.7483,5849286909.32,5337325066.21,4.3063,-18.6164
1444,SHSE.603776,永安行,13.39,13.39,13.43,13.05,13.08,-2.3151605675877596,2.83793876026885,2621772,34634459.6,2023-10-31,1.129,3043152343.56,3037485433.56,0.9817,-19.9673
1445,SHSE.603777,来伊份,13.27,13.33,13.4,13.25,13.35,0.6028636021100153,1.130369253956295,2198140,29281492.6,2023-10-31,0.6531,4493074771.8,4493074771.8,2.4908,125.2457
1446,SHSE.603778,国晟科技,5.27,5.25,5.4,5.21,5.25,-0.3795066413662118,3.6053130929791353,11131211,58859400.64,2023-10-31,1.7315,3374999995.5,3374999995.5,3.1688,-30.4907
1447,SHSE.603779,威龙股份,9.49,9.45,10.44,9.23,9.73,2.528977871443616,12.750263435194931,46243739,454590475.43,2023-10-31,13.8975,3237649268.42,3237649268.42,4.6442,633.9685
1448,SHSE.603786,科博达,71.15,70.66,71.05,67.0,67.68,-4.877020379479968,5.692199578355582,1795360,122500664.2,2023-10-31,0.4474,27340980624.0,27157374936.0,6.0855,50.2662
1449,SHSE.603787,新日股份,14.05,14.11,14.19,13.77,13.84,-1.4946619217081958,2.9893238434163694,1787200,24840468.0,2023-10-31,0.8761,3185190053.6,2823360000.0,2.051,28.0237
1450,SHSE.603788,宁波高发,19.51,17.56,17.98,17.56,17.56,-9.994874423372647,2.152742183495652,23898472,420042507.72,2023-10-31,10.7137,3917022594.08,3917022594.08,1.9946,31.1218
1451,SHSE.603789,星光农机,8.49,8.52,8.54,8.36,8.47,-0.2355712603062332,2.1201413427561806,2801417,23652309.72,2023-10-31,1.0775,2347197930.0,2202200000.0,5.0989,-16.7002
1452,SHSE.603790,雅运股份,13.65,13.65,13.91,13.65,13.83,1.318681318681314,1.904761904761903,1192375,16464247.4,2023-10-31,0.6231,2646508800.0,2646508800.0,2.163,70.3215
1453,SHSE.603797,联泰环保,5.51,5.53,5.56,5.49,5.54,0.5444646098003769,1.2704174228675027,3031580,16754238.4,2023-10-31,0.519,3236071751.5,3236071751.5,1.1054,13.8217
1454,SHSE.603798,康普顿,9.56,9.57,9.58,9.38,9.43,-1.3598326359832713,2.0920502092050137,2737010,25844796.0,2023-10-31,1.0673,2418320199.5,2418320199.5,2.1392,49.4235
1455,SHSE.603799,华友钴业,37.01,36.99,37.16,36.49,36.79,-0.5944339367738416,1.8103215347203314,12928458,474964998.13,2023-10-31,0.7667,62914027186.79,62040197618.62,1.9595,16.0688
1456,SHSE.603800,道森股份,29.0,28.57,28.6,27.22,27.55,-4.999999999999993,4.7586206896551815,2859654,79098335.83,2023-10-31,1.3748,5730400000.0,5730400000.0,8.5053,55.1189
1457,SHSE.603801,志邦家居,19.64,19.78,19.89,19.28,19.45,-0.9674134419552005,3.105906313645618,3728908,72573931.04,2023-10-31,0.8628,8490854962.85,8405902380.95,2.8044,14.8671
1458,SHSE.603803,瑞斯康达,8.1,8.1,8.2,7.92,7.97,-1.6049382716049387,3.4567901234567824,7687844,61794658.56,2023-10-31,1.8094,3469464989.29,3386321949.29,1.8396,-87.1961
1459,SHSE.603806,福斯特,25.75,25.73,26.06,25.3,25.57,-0.6990291262135906,2.9514563106796037,6941537,177405578.58,2023-10-31,0.3724,47666696620.85,47666696620.85,3.2614,32.292
1460,SHSE.603808,歌力思,11.66,11.57,11.65,10.6,10.8,-7.375643224699823,9.005145797598633,7350593,80098414.44,2023-10-31,1.9915,3986203082.4,3986203082.4,1.3578,52.9971
1461,SHSE.603809,豪能股份,11.62,11.6,11.96,11.16,11.43,-1.6351118760757233,6.8846815834767705,19421079,223159092.89,2023-10-31,4.9415,4492178537.85,4492178537.85,2.1163,23.0198
1462,SHSE.603810,丰山集团,12.8,12.82,12.96,12.73,12.88,0.6250000000000089,1.7968750000000033,1229180,15763580.32,2023-10-31,0.7573,2090572802.64,2090572802.64,1.3663,74.2665
1463,SHSE.603811,诚意药业,10.81,10.8,10.96,10.66,10.8,-0.09250693802035359,2.775208140610552,4440047,47994092.2,2023-10-31,1.3566,3534886656.0,3534886656.0,3.0916,20.4331
1464,SHSE.603813,原尚股份,15.85,15.81,16.07,15.64,15.95,0.6309148264984188,2.712933753943216,1109900,17681247.0,2023-10-31,1.2413,1694288750.0,1426121400.0,2.5573,-237.3066
1465,SHSE.603815,交建股份,7.44,7.43,7.58,7.35,7.48,0.5376344086021501,3.0913978494623713,8750911,65162097.62,2023-10-31,1.4139,4629553277.8,4629553277.8,2.0643,24.6879
1466,SHSE.603816,顾家家居,38.43,38.57,38.62,36.42,37.06,-3.5649232370543738,5.724694249284402,7620086,281339757.18,2023-10-31,0.9271,30459299694.14,30459299694.14,3.25,15.947
1467,SHSE.603817,海峡环保,6.12,6.14,6.14,6.08,6.11,-0.16339869281045694,0.9803921568627386,4190435,25623495.85,2023-10-31,0.8097,3264926292.42,3162084709.29,1.256,18.9533
1468,SHSE.603818,曲美家居,5.17,5.16,5.23,5.14,5.2,0.5802707930367523,1.740812379110266,3462600,17918491.0,2023-10-31,0.5966,3043591439.2,3018056839.2,1.5616,-9.2438
1469,SHSE.603819,神力股份,13.38,13.71,13.85,13.04,13.18,-1.4947683109118204,6.053811659192829,1133692,14985987.2,2023-10-31,0.5207,2869683864.66,2869683864.66,3.9838,-26.5779
1470,SHSE.603822,嘉澳环保,31.76,31.37,31.88,30.41,31.19,-1.7947103274559173,4.628463476070525,828130,25495211.0,2023-10-31,1.0779,2414340891.89,2396199384.34,2.2313,-76.3183
1471,SHSE.603823,百合花,10.05,10.05,10.15,9.92,10.07,0.19900497512437276,2.2885572139303525,3869246,38892244.71,2023-10-31,0.9414,4150455993.32,4139087245.28,1.9149,38.5002
1472,SHSE.603825,华扬联众,11.31,11.28,11.71,11.2,11.5,1.6799292661361598,4.509283819628661,7949140,90996373.2,2023-10-31,3.1378,2913370348.0,2913370348.0,2.0218,-3.5104
1473,SHSE.603826,坤彩科技,53.96,54.05,54.24,53.8,53.96,0.0,0.8154188287620548,405276,21875111.36,2023-10-31,0.0866,25253280000.0,25253280000.0,13.5702,347.6996
1474,SHSE.603828,柯利达,3.6,3.57,3.65,3.56,3.63,0.8333333333333304,2.499999999999996,7047295,25447692.29,2023-10-31,1.1826,2163335373.54,2163260838.75,2.4624,-6.5156
1475,SHSE.603829,洛凯股份,14.65,14.77,15.17,14.69,14.79,0.9556313993174026,3.2764505119453955,2760900,41082649.0,2023-10-31,1.7256,2366400000.0,2366400000.0,2.5988,21.9161
1476,SHSE.603833,欧派家居,87.41,87.42,88.3,85.5,87.07,-0.3889715135568017,3.203294817526596,1707721,147977937.98,2023-10-31,0.2803,53038902167.17,53038902167.17,3.1046,17.6342
1477,SHSE.603836,海程邦达,14.99,14.97,15.5,14.91,15.27,1.867911941294187,3.935957304869912,3674498,55573507.8,2023-10-31,4.2862,3133942068.99,1309081417.71,1.8335,27.1138
1478,SHSE.603838,四通股份,6.54,6.56,6.58,6.43,6.52,-0.3058103975535187,2.2935779816513815,1987100,12947186.0,2023-10-31,0.6209,2086504320.0,2086504320.0,2.07,-44.9489
1479,SHSE.603839,安正时尚,7.43,7.4,7.47,7.31,7.39,-0.538358008075368,2.1534320323014824,2478400,18289948.4,2023-10-31,0.6208,2950177862.4,2950177862.4,1.4912,-7.9678
1480,SHSE.603843,正平股份,3.88,3.84,3.9,3.83,3.87,-0.2577319587628857,1.8041237113402022,9560000,36925464.4,2023-10-31,1.3664,2707541927.19,2707541927.19,1.8469,-7.6084
1481,SHSE.603848,好太太,15.8,15.57,15.57,14.7,14.9,-5.696202531645566,5.506329113924056,5018100,74821196.0,2023-10-31,1.2514,5974900000.0,5974900000.0,2.7114,20.9919
1482,SHSE.603855,华荣股份,17.79,17.75,17.97,16.88,17.0,-4.440697020798201,6.127037661607644,6156158,105029700.21,2023-10-31,1.8237,5738503000.0,5738503000.0,3.2401,15.2068
1483,SHSE.603856,东宏股份,12.09,12.04,12.04,11.67,11.7,-3.2258064516129115,3.060380479735312,7995392,94291483.08,2023-10-31,3.1182,3005737020.0,3000050820.0,1.3474,19.795
1484,SHSE.603858,步长制药,17.31,17.32,17.51,17.28,17.35,0.23108030040439598,1.328711727325248,5777060,100443065.38,2023-10-31,0.5223,19189839890.75,19189839890.75,1.5697,-10.2539
1485,SHSE.603859,能科科技,40.98,40.61,40.89,39.35,39.82,-2.830649097120541,3.7579306979014135,2603897,103594091.72,2023-10-31,1.5633,6632751020.06,6632751020.06,2.4869,26.0679
1486,SHSE.603860,中公高科,26.3,26.56,27.04,26.43,26.72,1.5969581749049278,2.3193916349809864,1630000,43684894.0,2023-10-31,2.4445,1781689600.0,1781689600.0,2.44,38.1841
1487,SHSE.603861,白云电器,10.8,10.54,10.84,10.3,10.5,-2.777777777777779,4.999999999999992,23605274,248421042.62,2023-10-31,5.5668,4577774586.0,4452389077.5,1.6768,40.1475
1488,SHSE.603863,松炀资源,37.99,38.0,40.7,36.96,38.5,1.342458541721503,9.84469597262438,12607800,493519021.0,2023-10-31,6.1607,7879025000.0,7879025000.0,10.8916,-24.1702
1489,SHSE.603866,桃李面包,8.75,8.75,8.87,8.68,8.74,-0.11428571428571122,2.171428571428566,7538744,66093815.42,2023-10-31,0.4713,13981545414.7,13981545414.7,2.8146,22.9406
1490,SHSE.603867,新化股份,30.55,30.46,30.61,29.92,30.09,-1.5057283142389521,2.2585924713584213,1179600,35578696.0,2023-10-31,0.6356,5584441825.83,5584441825.83,2.7128,19.566
1491,SHSE.603868,飞科电器,55.05,55.01,55.01,53.16,53.69,-2.4704813805631276,3.3605812897366056,1052781,56510396.33,2023-10-31,0.2417,23387364000.0,23387364000.0,6.9109,25.7584
1492,SHSE.603869,新智认知,9.44,9.41,9.51,9.36,9.4,-0.4237288135593098,1.5889830508474614,4459416,42011055.64,2023-10-31,0.8839,4742304775.2,4742304775.2,1.1976,-1605.5114
1493,SHSE.603871,嘉友国际,17.2,17.21,17.34,17.0,17.28,0.46511627906977715,1.976744186046511,3691360,63571253.94,2023-10-31,0.5282,12075962958.72,12075962958.72,2.6134,12.4689
1494,SHSE.603876,鼎胜新材,14.35,14.28,14.38,13.39,13.52,-5.783972125435543,6.8989547038327546,15867142,216836260.74,2023-10-31,1.8012,11962112694.48,11909814143.76,1.8895,14.6492
1495,SHSE.603877,太平鸟,15.8,15.8,15.9,15.57,15.67,-0.8227848101265867,2.0886075949367093,3233900,50663095.0,2023-10-31,0.6842,7425058791.02,7406677881.02,1.7503,30.7179
1496,SHSE.603878,武进不锈,7.57,7.57,7.6,7.12,7.22,-4.623513870541618,6.340819022457062,15137261,109845796.31,2023-10-31,2.698,4050870434.14,4050870434.14,1.4872,11.744
1497,SHSE.603879,永悦科技,6.43,6.4,6.62,6.25,6.26,-2.6438569206842955,5.754276827371697,6509427,41623143.29,2023-10-31,1.8115,2258119344.4,2249496194.4,4.8197,-41.9551
1498,SHSE.603880,ST南卫,4.68,4.68,4.86,4.65,4.7,0.42735042735044804,4.487179487179486,3150692,14958157.86,2023-10-31,1.09,1374627800.0,1358497400.0,2.2032,-101.4667
1499,SHSE.603881,数据港,20.02,20.03,20.12,19.72,19.86,-0.7992007992008054,1.9980019980020087,4304943,85582416.44,2023-10-31,0.9348,9145491789.36,9145491789.36,2.942,63.997
1500,SHSE.603882,金域医学,61.04,60.49,62.18,60.05,61.9,1.4089121887286948,3.489515072083884,3018831,185121967.22,2023-10-31,0.6483,29016941922.5,28823585016.3,3.4235,32.9566
1501,SHSE.603883,老百姓,25.75,25.75,25.76,25.12,25.38,-1.4368932038834936,2.485436893203886,4260495,107895743.31,2023-10-31,0.7316,14852225648.88,14779903460.76,2.2275,16.6523
1502,SHSE.603885,吉祥航空,14.23,14.34,14.69,14.25,14.59,2.5298664792691383,3.092059030217846,16225678,236122499.63,2023-10-31,0.7329,32302336860.12,32302336860.12,3.4026,-559.7282
1503,SHSE.603886,元祖股份,19.28,19.46,19.71,19.29,19.59,1.6078838174273802,2.1784232365145315,2822339,55229940.94,2023-10-31,1.176,4701600000.0,4701600000.0,2.7931,17.4332
1504,SHSE.603887,城地香江,8.08,8.1,8.1,7.82,7.85,-2.846534653465349,3.4653465346534573,12880604,102171912.44,2023-10-31,2.8575,3538450818.1,3538450818.1,1.1414,578.249
1505,SHSE.603888,新华网,25.73,25.73,26.14,25.24,25.46,-1.0493587252234704,3.49786241741159,8584826,219924858.6,2023-10-31,1.654,13214487505.6,13214487505.6,3.9892,51.5614
1506,SHSE.603889,新澳股份,6.75,6.78,7.02,6.72,6.89,2.0740740740740726,4.444444444444442,6306095,43392892.98,2023-10-31,0.8802,4936305657.27,4936305657.27,1.5874,12.248
1507,SHSE.603890,春秋电子,10.85,11.94,11.94,10.85,11.08,2.1198156682027625,10.046082949308754,56228122,636548769.7,2023-10-31,12.8071,4864563709.68,4864563709.68,1.8867,-159.9494
1508,SHSE.603893,瑞芯微,65.85,65.84,66.82,64.81,65.12,-1.1085801063021816,3.0523917995444054,3091143,201845022.04,2023-10-31,0.7429,27217581248.0,27094087680.0,9.2126,275.6072
1509,SHSE.603895,天永智能,22.49,22.49,22.69,22.34,22.5,0.04446420631392112,1.5562472209871119,993700,22363373.0,2023-10-31,0.9194,2431800000.0,2431800000.0,5.0679,-19.7203
1510,SHSE.603896,寿仙谷,37.09,36.87,37.19,36.36,36.5,-1.5907252628741042,2.237799946077105,1641210,60208516.1,2023-10-31,0.8132,7366744557.0,7366744557.0,3.7041,25.6674
1511,SHSE.603897,长城科技,18.6,18.63,18.74,18.48,18.64,0.21505376344086446,1.3978494623655806,3691995,68717679.39,2023-10-31,1.7884,3847961093.84,3847961093.84,1.4418,25.5685
1512,SHSE.603898,好莱客,10.61,10.66,10.84,10.6,10.72,1.036757775683328,2.262016965127241,1421700,15224929.0,2023-10-31,0.4567,3336957640.64,3336957640.64,1.1479,14.6035
1513,SHSE.603899,晨光股份,39.0,39.05,39.19,38.3,38.75,-0.6410256410256387,2.2820512820512837,2523956,97719350.16,2023-10-31,0.2732,35905617087.5,35798351275.0,4.8158,24.9116
1514,SHSE.603900,莱绅通灵,6.32,6.32,6.38,6.26,6.34,0.31645569620253333,1.8987341772151913,2852960,18025671.2,2023-10-31,0.8379,2183013145.6,2158604145.6,0.9993,-33.4454
1515,SHSE.603901,永创智能,11.72,11.71,11.78,11.44,11.54,-1.5358361774744145,2.9010238907849817,1578400,18207624.0,2023-10-31,0.3277,5630515939.22,5558699818.86,2.2451,44.238
1516,SHSE.603903,中持股份,9.85,9.86,9.86,9.52,9.6,-2.538071065989844,3.4517766497461917,7184232,69044647.76,2023-10-31,3.5512,2451067008.0,1942116019.2,1.4419,18.2711
1517,SHSE.603906,龙蟠科技,12.39,12.33,12.49,12.24,12.36,-0.2421307506053405,2.0177562550443904,7877600,97250198.0,2023-10-31,1.3941,6984375241.08,6984375241.08,1.7616,-10.2422
1518,SHSE.603908,牧高笛,40.62,40.43,41.0,39.81,40.2,-1.0339734121122435,2.929591334318064,893500,35895172.0,2023-10-31,1.3398,2680938000.0,2680938000.0,4.7506,22.2734
1519,SHSE.603909,建发合诚,11.58,11.55,11.64,11.44,11.57,-0.08635578583764403,1.7271157167530315,905600,10455229.9,2023-10-31,0.3474,3015988229.8,3015988229.8,3.1561,50.1257
1520,SHSE.603912,佳力图,10.05,9.97,10.34,9.8,9.85,-1.9900497512437942,5.3731343283582,53287220,533953923.84,2023-10-31,9.8357,5336462316.4,5336462316.4,2.9158,149.0617
1521,SHSE.603915,国茂股份,16.1,16.0,16.0,15.58,15.74,-2.2360248447205078,2.608695652173912,4666884,73513322.71,2023-10-31,0.7137,10423697894.4,10292022878.2,2.9956,26.8054
1522,SHSE.603916,苏博特,11.91,11.92,11.98,11.74,11.8,-0.9235936188077165,2.0151133501259464,2710100,32043867.0,2023-10-31,0.6448,4959664855.8,4959664855.8,1.21,25.5774
1523,SHSE.603917,合力科技,18.35,18.31,18.55,17.82,18.06,-1.580381471389658,3.978201634877386,2252940,40799750.2,2023-10-31,1.4368,2831808000.0,2831808000.0,2.5855,47.6571
1524,SHSE.603918,金桥信息,20.64,20.58,20.82,20.07,20.2,-2.131782945736438,3.6337209302325584,17463635,355915544.7,2023-10-31,4.7685,7440937165.2,7397818245.2,6.6952,272.0991
1525,SHSE.603919,金徽酒,27.19,27.19,27.74,26.87,27.48,1.0665685913938905,3.199705774181675,4506585,123149625.55,2023-10-31,0.8884,13939504717.56,13939504717.56,4.2623,41.1036
1526,SHSE.603920,世运电路,17.23,17.39,18.3,17.39,17.8,3.3081834010446842,5.281485780615207,17050114,305682982.6,2023-10-31,3.2038,9472735114.0,9472735114.0,3.2012,18.5609
1527,SHSE.603922,金鸿顺,25.1,25.01,25.17,24.7,24.71,-1.553784860557772,1.8725099601593722,358700,8918729.0,2023-10-31,0.2802,3162880000.0,3162880000.0,3.1753,-65.2159
1528,SHSE.603926,铁流股份,10.82,10.8,11.09,10.66,10.72,-0.9242144177449174,3.97412199630314,3308315,35931162.5,2023-10-31,1.5885,2460588732.32,2232569497.6,1.4975,26.2929
1529,SHSE.603927,中科软,31.22,31.46,31.46,30.3,30.61,-1.9538757206918667,3.715566944266496,4982280,153020241.2,2023-10-31,0.8393,18170096000.0,18170096000.0,6.0967,25.8215
1530,SHSE.603928,兴业股份,12.16,12.15,12.26,12.03,12.21,0.4111842105263275,1.891447368421056,1083300,13191949.0,2023-10-31,0.5374,2461536000.0,2461536000.0,1.6322,26.7377
1531,SHSE.603929,亚翔集成,21.36,23.5,23.5,23.5,23.5,10.018726591760307,0.0,1002700,23563450.0,2023-10-31,0.47,5013960000.0,5013960000.0,3.7204,16.0549
1532,SHSE.603931,格林达,29.81,29.61,30.41,29.51,30.29,1.6101979201610161,3.0191211003019074,2269089,68028742.25,2023-10-31,1.1371,6044623330.2,6044623330.2,4.2651,41.246
1533,SHSE.603933,睿能科技,16.15,16.3,16.4,15.72,15.82,-2.043343653250762,4.210526315789461,4316200,68854554.0,2023-10-31,2.1063,3325831876.5,3241821744.0,2.5865,69.4717
1534,SHSE.603936,博敏电子,10.76,10.8,11.05,10.53,10.59,-1.5799256505576231,4.832713754646853,18745918,201989337.04,2023-10-31,2.9381,6756664671.36,6756664671.36,1.2984,1278.3191
1535,SHSE.603937,丽岛新材,12.59,12.61,12.71,12.55,12.64,0.3971405877680745,1.2708498808578248,1529500,19281197.0,2023-10-31,0.7322,2640243200.0,2640243200.0,1.6499,43.2483
1536,SHSE.603938,三孚股份,17.13,16.95,17.23,16.92,17.09,-0.23350846468184194,1.8096906012842893,2016280,34423619.4,2023-10-31,0.527,6539052653.73,6539052653.73,2.7446,21.8253
1537,SHSE.603939,益丰药房,33.61,33.9,34.0,32.56,32.76,-2.529009223445411,4.2844391550133825,5862691,192366065.41,2023-10-31,0.5815,33106594149.72,33025883501.52,3.5259,22.9716
1538,SHSE.603948,建业股份,22.25,22.11,22.7,22.11,22.34,0.40449438202248,2.6516853932584263,1148900,25717035.0,2023-10-31,0.7125,3630138300.0,3602548400.0,1.8752,11.8652
1539,SHSE.603949,雪龙集团,26.35,26.15,26.51,24.9,25.02,-5.047438330170784,6.110056925996216,6206700,159015539.2,2023-10-31,2.9583,5282639733.6,5249348622.0,5.2672,89.3071
1540,SHSE.603950,长源东谷,14.12,14.11,14.23,13.68,13.83,-2.053824362606227,3.895184135977342,4506985,62722057.3,2023-10-31,1.3905,4482728964.0,4482728964.0,1.8281,21.4009
1541,SHSE.603955,大千生态,15.7,15.62,15.86,15.6,15.74,0.2547770700636942,1.6560509554140113,898200,14133241.0,2023-10-31,0.6618,2136232800.0,2136232800.0,1.3058,120.5478
1542,SHSE.603956,威派格,8.08,7.99,7.99,7.83,7.92,-1.980198019801982,1.980198019801982,11393664,90061748.04,2023-10-31,2.2409,4026808074.96,4026808074.96,2.1682,-64.0
1543,SHSE.603958,哈森股份,9.53,9.43,9.64,9.1,9.23,-3.147953830010486,5.666316894018897,9568100,88951659.0,2023-10-31,4.3618,2040960675.0,2024692800.0,2.5122,-37.9066
1544,SHSE.603959,百利科技,7.66,7.66,7.75,7.57,7.66,0.0,2.349869451697124,6307600,48176494.0,2023-10-31,1.2865,3755690278.72,3755690278.72,5.5796,-45.9799
1545,SHSE.603960,克来机电,14.47,14.5,14.5,13.91,14.04,-2.971665514858335,4.077401520387006,5961133,84156192.17,2023-10-31,2.279,3695096340.0,3672459648.0,3.5701,45.0942
1546,SHSE.603963,大理药业,11.0,11.0,11.4,10.81,11.22,2.0000000000000018,5.363636363636362,6026693,67513951.07,2023-10-31,2.7431,2465034000.0,2465034000.0,6.3899,-114.0514
1547,SHSE.603966,法兰泰克,8.24,8.25,8.28,8.07,8.14,-1.2135922330097082,2.5485436893203772,5176220,42204951.2,2023-10-31,1.4374,2931308871.7,2931308871.7,2.005,15.8741
1548,SHSE.603967,中创物流,9.57,9.53,9.69,9.51,9.63,0.6269592476489061,1.8808777429467054,2275170,21878779.2,2023-10-31,0.6563,3338400417.3,3338400417.3,1.5029,14.1719
1549,SHSE.603968,醋化股份,14.4,14.47,14.58,14.24,14.39,-0.0694444444444442,2.36111111111111,1377069,19809052.01,2023-10-31,0.6734,3012042850.0,2942467200.0,1.4856,20.8822
1550,SHSE.603969,银龙股份,5.49,5.43,5.64,5.38,5.4,-1.6393442622950838,4.73588342440801,39949847,218473729.8,2023-10-31,4.7716,4599428400.0,4521150000.0,2.1035,36.5229
1551,SHSE.603970,中农立华,15.86,15.86,15.91,15.6,15.71,-0.9457755359394637,1.9546027742749086,1236760,19437676.34,2023-10-31,0.4601,4222850105.14,4222850105.14,3.0001,18.9101
1552,SHSE.603976,正川股份,20.4,20.4,20.62,20.22,20.51,0.5392156862745301,1.960784313725501,773300,15804772.0,2023-10-31,0.5114,3101153819.89,3101153819.89,2.6137,53.3737
1553,SHSE.603977,国泰集团,8.44,8.41,8.48,8.36,8.42,-0.23696682464454666,1.4218009478673106,6891960,58020809.4,2023-10-31,1.1094,5230856191.76,5230856191.76,1.7214,31.0182
1554,SHSE.603978,深圳新星,16.6,16.59,16.72,16.41,16.61,0.060240963855417995,1.8674698795180644,759400,12587758.0,2023-10-31,0.4576,2756514194.39,2756514194.39,1.7759,-20.4834
1555,SHSE.603979,金诚信,36.15,36.15,36.42,35.81,36.26,0.3042876901798053,1.68741355463347,1388460,50199230.56,2023-10-31,0.2306,21833415716.42,21833415716.42,3.22,24.869
1556,SHSE.603980,吉华集团,4.61,4.62,4.64,4.59,4.63,0.433839479392617,1.0845986984815579,4043494,18681920.31,2023-10-31,0.5776,3241000000.0,3241000000.0,0.799,-14.1093
1557,SHSE.603982,泉峰汽车,15.55,15.51,15.56,15.04,15.16,-2.508038585209005,3.344051446945346,9218307,140402808.19,2023-10-31,3.7895,3962361741.28,3687797950.4,1.7039,-8.3019
1558,SHSE.603983,丸美股份,24.68,25.6,26.72,24.91,26.4,6.969205834683945,7.333873581847644,5671615,146686437.85,2023-10-31,1.4144,10586400000.0,10586400000.0,3.2457,46.4313
1559,SHSE.603985,恒润股份,46.64,45.03,45.55,41.98,41.98,-9.991423670668965,7.654373927958834,59588951,2524006887.03,2023-10-31,13.5166,18507218965.94,18507218965.94,5.3841,192.3508
1560,SHSE.603986,兆易创新,106.88,109.0,109.76,105.27,107.0,0.11227544910179521,4.200973053892224,11344234,1211384105.93,2023-10-31,1.7082,71358979236.0,71060469673.0,4.5928,180.9625
1561,SHSE.603987,康德莱,10.52,10.5,10.72,10.43,10.48,-0.3802281368821214,2.7566539923954463,8199000,86446820.0,2023-10-31,1.8592,4621698654.4,4621698654.4,1.9763,19.0607
1562,SHSE.603988,中电电机,10.15,10.15,10.2,10.05,10.09,-0.5911330049261143,1.477832512315257,1833000,18526474.0,2023-10-31,0.7793,2373168000.0,2373168000.0,3.7321,95.4882
1563,SHSE.603989,艾华集团,22.08,22.74,23.36,22.7,22.87,3.5778985507246563,2.9891304347826093,8214628,188348097.26,2023-10-31,2.0495,9166757333.64,9166757333.64,2.6504,21.3671
1564,SHSE.603990,麦迪科技,14.05,14.33,15.39,14.15,14.65,4.2704626334519435,8.825622775800712,18700528,275428472.48,2023-10-31,6.7169,4487042009.15,4078714660.05,3.5375,-59.1117
1565,SHSE.603991,至正股份,36.4,36.51,36.88,36.25,36.44,0.1098901098901095,1.7307692307692377,357500,13057080.0,2023-10-31,0.4796,2716055327.12,2716055327.12,9.4745,-129.7398
1566,SHSE.603992,松霖科技,14.51,14.49,14.86,14.21,14.68,1.1716057891109521,4.479669193659536,3513541,51281443.78,2023-10-31,0.8762,5886868036.12,5886868036.12,2.485,17.5037
1567,SHSE.603993,洛阳钼业,5.62,5.6,5.6,5.47,5.54,-1.4234875444839923,2.313167259786475,83881755,463325620.82,2023-10-31,0.4775,119659792829.82,97868380109.82,2.2405,37.3455
1568,SHSE.603995,甬金股份,21.49,21.5,21.64,21.23,21.48,-0.04653327128896212,1.9078641228478368,2559850,54916889.47,2023-10-31,0.6731,8192045042.04,8169214401.12,1.5895,18.1314
1569,SHSE.603997,继峰股份,15.33,15.0,15.03,14.25,14.66,-4.370515329419433,5.088062622309193,8994108,131938482.67,2023-10-31,0.7808,16886794627.0,16886794627.0,4.2975,-14.2364
1570,SHSE.603998,方盛制药,10.77,10.77,11.4,10.67,10.99,2.042711234911798,6.778087279480041,22918560,254220482.19,2023-10-31,5.2803,4834496823.8,4770078938.8,3.3978,28.711
1571,SHSE.603999,读者传媒,5.93,5.98,6.06,5.9,5.94,0.1686340640809636,2.6981450252950974,4686705,27945051.7,2023-10-31,0.8137,3421440000.0,3421440000.0,1.7938,37.607
1572,SHSE.605001,威奥股份,6.39,6.4,6.46,6.3,6.42,0.46948356807512415,2.503912363067295,3513019,22487327.47,2023-10-31,0.8942,2522328120.0,2522328120.0,1.0303,-46.0983
1573,SHSE.605003,众望布艺,19.7,19.64,19.94,19.5,19.79,0.4568527918781706,2.2335025380710727,1188875,23484678.25,2023-10-31,1.0808,2176900000.0,2176900000.0,1.9051,32.2776
1574,SHSE.605005,合兴股份,18.13,18.13,18.35,17.61,17.83,-1.6547159404302292,4.081632653061236,4192102,74769177.1,2023-10-31,8.1768,7149830000.0,914109349.33,4.2272,31.2879
1575,SHSE.605006,山东玻纤,7.13,7.18,7.18,7.1,7.16,0.42075736325386526,1.1220196353436196,1104480,7879824.6,2023-10-31,0.1841,4372014333.32,4296045301.32,1.6289,21.7429
1576,SHSE.605007,五洲特纸,15.1,15.13,15.26,14.98,15.03,-0.46357615894040416,1.854304635761585,4587752,69276995.24,2023-10-31,5.5335,6070565326.86,1246107615.75,2.8657,68.8954
1577,SHSE.605008,长鸿高科,14.5,14.6,14.67,14.41,14.46,-0.27586206896551557,1.7931034482758605,1780620,25816939.99,2023-10-31,0.2772,9288820786.44,9288820786.44,4.4191,95.6422
1578,SHSE.605009,豪悦护理,39.79,39.6,39.86,39.32,39.79,0.0,1.3571249057552128,531332,21049352.2,2023-10-31,0.3441,6176480300.71,6144250400.71,2.0062,13.123
1579,SHSE.605011,杭州热电,24.84,24.74,25.0,24.3,24.5,-1.3687600644122333,2.8180354267310763,3048182,74874786.82,2023-10-31,2.5171,9802450000.0,2966950000.0,4.5934,46.9894
1580,SHSE.605016,百龙创园,28.8,28.65,29.42,28.41,28.85,0.17361111111111605,3.50694444444445,2096496,60595340.24,2023-10-31,1.6784,7170032800.0,3603676580.0,4.9241,41.1715
1581,SHSE.605018,长华集团,11.23,11.19,11.37,11.03,11.05,-1.6028495102404228,3.0276046304541393,2865440,31963357.54,2023-10-31,0.6105,5210134150.65,5186599860.65,1.9587,52.0627
1582,SHSE.605020,永和股份,23.64,23.58,23.71,23.02,23.39,-1.0575296108291,2.91878172588833,1930020,44995273.2,2023-10-31,1.108,8870226632.81,4074319514.01,3.6668,37.836
1583,SHSE.605028,世茂能源,18.13,18.05,18.26,18.0,18.2,0.38610038610038533,1.4340871483728712,826600,15003178.0,2023-10-31,2.0665,2912000000.0,728000000.0,2.3221,14.2593
1584,SHSE.605033,美邦股份,18.95,19.02,19.34,18.88,19.2,1.3192612137203241,2.427440633245387,1629500,31149272.54,2023-10-31,4.821,2595840000.0,648960000.0,2.3037,25.0796
1585,SHSE.605050,福然德,10.82,10.82,10.87,10.64,10.67,-1.3863216266173817,2.125693160813296,3474500,37230533.0,2023-10-31,0.705,5258487361.27,5258487361.27,1.2865,13.6044
1586,SHSE.605055,迎丰股份,7.31,7.36,7.46,7.23,7.27,-0.5471956224350261,3.1463748290013616,8533000,62443696.0,2023-10-31,8.6238,3198800000.0,719347365.36,2.8198,-312.3137
1587,SHSE.605056,咸亨国际,12.15,12.15,12.25,12.09,12.11,-0.3292181069958877,1.3168724279835402,544500,6622211.0,2023-10-31,0.3484,4989441100.0,1892367030.75,3.3514,31.6296
1588,SHSE.605058,澳弘电子,21.41,21.42,21.81,21.29,21.58,0.794021485287244,2.428771602055112,1036600,22391862.0,2023-10-31,0.7253,3084298841.0,3084298841.0,1.9303,26.0624
1589,SHSE.605060,联德股份,19.79,19.63,19.8,18.9,19.21,-2.9307731177362184,4.547751389590713,2407200,46202965.0,2023-10-31,2.95,4634527760.0,1567536000.0,2.1077,17.0471
1590,SHSE.605066,天正电气,8.74,8.68,8.79,8.62,8.71,-0.3432494279176135,1.94508009153318,5358780,46696662.6,2023-10-31,1.3364,3535023180.0,3492710000.0,1.9429,35.7687
1591,SHSE.605068,明新旭腾,26.33,26.02,26.02,24.2,24.5,-6.9502468666919786,6.9122673756171675,3723041,92846703.59,2023-10-31,7.0726,3982229412.0,1289679412.0,2.3208,47.7445
1592,SHSE.605069,正和生态,10.23,10.18,10.43,10.18,10.34,1.0752688172043001,2.4437927663734116,3707300,38337875.4,2023-10-31,4.405,2188955024.52,870227614.52,1.6891,-4.5115
1593,SHSE.605077,华康股份,22.39,22.39,22.67,22.37,22.54,0.6699419383653371,1.3398838767306864,912214,20566603.62,2023-10-31,0.5994,5149434304.0,3430315581.56,1.8434,15.1717
1594,SHSE.605080,浙江自然,23.64,23.7,24.12,23.45,23.65,0.04230118443315778,2.8341793570220037,1489020,35407447.0,2023-10-31,3.1632,3348202396.0,1113277396.0,1.7709,22.718
1595,SHSE.605081,太和水,13.87,13.85,13.94,13.76,13.85,-0.14419610670511895,1.2977649603460686,1407935,19462919.3,2023-10-31,1.6485,1568471947.2,1182917073.75,1.0182,-6.7684
1596,SHSE.605086,龙高股份,21.35,21.29,21.79,21.2,21.58,1.077283372365323,2.763466042154566,1700886,36641045.87,2023-10-31,3.3252,2762240000.0,1103860160.0,2.3838,24.8566
1597,SHSE.605088,冠盛股份,19.28,19.16,19.3,18.88,19.16,-0.6224066390041583,2.1784232365145315,3568100,68023687.0,2023-10-31,2.1749,3176306863.2,3143284603.2,1.7171,11.4433
1598,SHSE.605089,味知香,37.1,36.89,37.38,36.4,36.67,-1.1590296495956887,2.6415094339622747,651735,23964918.35,2023-10-31,1.7822,5060460000.0,1341021900.0,4.0778,36.1533
1599,SHSE.605090,九丰能源,25.1,25.14,25.14,24.5,24.59,-2.031872509960164,2.549800796812751,3285967,81141872.22,2023-10-31,1.2648,15378930850.16,6388722711.51,2.0603,12.0137
1600,SHSE.605098,行动教育,38.53,38.43,38.62,37.5,37.7,-2.1541655852582386,2.9068258499870163,853511,32205288.15,2023-10-31,1.9417,4451563220.0,1657137354.6,4.9517,25.0918
1601,SHSE.605099,共创草坪,20.28,20.15,20.22,19.93,20.13,-0.7396449704142105,1.429980276134118,825700,16573297.0,2023-10-31,0.2064,8053811700.0,8053811700.0,3.3302,18.0855
1602,SHSE.605100,华丰股份,15.16,15.22,15.23,14.99,15.06,-0.659630606860151,1.5831134564643814,1334448,20136674.52,2023-10-31,0.7853,2559175920.0,2559175920.0,1.4023,42.6615
1603,SHSE.605108,同庆楼,30.01,29.8,30.08,28.95,29.19,-2.732422525824729,3.7654115294901667,739770,21650216.5,2023-10-31,0.2845,7589400000.0,7589400000.0,3.4981,36.3457
1604,SHSE.605111,新洁能,39.21,39.7,40.04,38.11,38.66,-1.4027033919918441,4.922213720989543,15824919,613154447.76,2023-10-31,5.331,11528569462.18,11476123306.18,3.2324,36.9073
1605,SHSE.605116,奥锐特,23.91,25.4,26.3,25.03,26.3,9.995817649519022,5.311585110832286,8930810,232840167.0,2023-10-31,2.2644,10682928500.0,10372562200.0,5.717,41.5602
1606,SHSE.605117,德业股份,72.21,71.81,72.34,68.73,69.12,-4.27918570835063,4.999307575128098,7835027,546638108.83,2023-10-31,5.3581,29727187660.8,10107282124.8,5.7657,13.7727
1607,SHSE.605118,力鼎光电,15.55,15.39,15.44,14.77,14.88,-4.3086816720257275,4.308681672025723,3058459,45644306.61,2023-10-31,0.7521,6058069104.0,6051253320.0,4.2553,45.2419
1608,SHSE.605122,四方新材,15.32,15.32,15.45,15.26,15.34,0.13054830287206887,1.240208877284592,1079740,16544909.6,2023-10-31,1.8402,2643910360.0,900059160.0,1.1948,-18.4781
1609,SHSE.605123,派克新材,85.75,84.25,84.25,81.25,83.37,-2.7755102040816326,3.498542274052478,1483309,123080072.29,2023-10-31,1.2241,10102017266.04,10102017266.04,2.3924,18.106
1610,SHSE.605128,上海沿浦,56.56,56.02,56.57,55.29,56.07,-0.8663366336633671,2.263083451202265,1079206,60224288.76,2023-10-31,1.349,4485665489.76,4485665489.76,4.0029,60.9938
1611,SHSE.605133,嵘泰股份,28.6,28.37,29.68,27.9,29.31,2.4825174825174656,6.223776223776228,5901711,170071164.77,2023-10-31,9.3056,5456461446.96,1858864116.96,2.0862,34.5698
1612,SHSE.605136,丽人丽妆,10.43,10.4,10.54,10.29,10.38,-0.4793863854266389,2.3969319271332696,3141500,32628203.0,2023-10-31,0.7845,4156759230.0,4156759230.0,1.6985,-27.2464
1613,SHSE.605138,盛泰集团,7.72,7.72,7.8,7.69,7.75,0.38860103626943143,1.4248704663212364,1496791,11582738.4,2023-10-31,0.5034,4305595673.0,2304247298.0,1.6774,22.6462
1614,SHSE.605151,西上海,20.4,20.23,20.35,19.15,19.44,-4.70588235294116,5.882352941176485,6674100,131199077.0,2023-10-31,10.4268,2630603517.84,1244333813.04,1.9447,23.1272
1615,SHSE.605155,西大门,15.86,15.85,16.24,15.84,16.03,1.0718789407314189,2.522068095838579,1723666,27665850.14,2023-10-31,3.6801,2194747450.0,750797110.0,1.8269,23.7399
1616,SHSE.605158,华达新材,7.46,7.47,7.77,7.45,7.6,1.8766756032171594,4.289544235924925,12338630,94205812.7,2023-10-31,2.4126,3886792000.0,3886792000.0,1.6671,15.8029
1617,SHSE.605162,新中港,9.01,9.03,9.03,8.93,8.97,-0.4439511653718031,1.109877913429519,2455577,22037334.69,2023-10-31,2.4205,3592230135.39,910011316.89,3.1501,33.8255
1618,SHSE.605166,聚合顺,9.45,9.47,9.69,9.42,9.65,2.1164021164021385,2.8571428571428528,4020900,38485738.0,2023-10-31,1.2742,3045178954.9,3045178954.9,1.8604,16.1848
1619,SHSE.605167,利柏特,9.01,9.06,9.1,8.96,9.02,0.11098779134295356,1.5538290788013185,3803300,34332460.0,2023-10-31,1.7092,4050611400.0,2007088276.6,2.5288,17.9329
1620,SHSE.605168,三人行,60.09,60.2,61.37,59.26,60.2,0.18305874521551413,3.511399567315692,3225777,194391212.61,2023-10-31,2.2067,8896842837.4,8800283301.6,3.2832,11.803
1621,SHSE.605169,洪通燃气,11.09,11.08,11.23,11.06,11.17,0.7213706041478751,1.5329125338142464,4044193,45171937.33,2023-10-31,5.7186,3159769600.0,789942400.0,1.7757,25.2669
1622,SHSE.605177,东亚药业,30.52,30.42,30.95,30.1,30.36,-0.5242463958060273,2.785058977719521,2277400,69509165.0,2023-10-31,4.0526,3448896000.0,1706121368.16,1.8395,26.7527
1623,SHSE.605178,时空科技,20.62,20.59,20.9,20.54,20.76,0.678952473326877,1.7458777885547985,909860,18863347.2,2023-10-31,1.4656,2060463216.0,1288843308.36,1.2283,-9.7526
1624,SHSE.605179,一鸣食品,12.0,12.02,12.08,11.9,12.03,0.24999999999999467,1.4999999999999978,1451232,17425846.54,2023-10-31,2.3791,4824030000.0,733830000.0,4.3378,-161.9265
1625,SHSE.605180,华生科技,13.48,13.55,13.69,13.45,13.59,0.8160237388723957,1.7804154302670638,1354152,18394731.09,2023-10-31,2.787,2296710000.0,660304125.0,2.0791,67.3438
1626,SHSE.605183,确成股份,15.11,15.11,15.28,14.97,15.23,0.794176042356054,2.0516214427531354,1714310,25966112.54,2023-10-31,1.2532,6357003523.0,2083310557.75,2.216,16.9829
1627,SHSE.605186,健麾信息,36.43,36.71,37.0,35.51,36.31,-0.32939884710402323,4.090035684875108,1632400,59035034.0,2023-10-31,2.4499,4938160000.0,2419399859.18,4.6291,47.4513
1628,SHSE.605188,国光连锁,9.45,9.45,9.69,9.42,9.5,0.5291005291005346,2.8571428571428528,5179800,49386059.0,2023-10-31,1.0452,4708010000.0,4708010000.0,4.2364,461.5289
1629,SHSE.605189,富春染织,15.44,15.72,16.03,15.49,15.95,3.303108808290145,3.4974093264248767,3347531,53286707.12,2023-10-31,6.7054,2388720567.75,796272567.75,1.4275,25.2308
1630,SHSE.605196,华通线缆,7.51,7.45,7.47,7.15,7.21,-3.9946737683089206,4.260985352862842,20362991,147622702.29,2023-10-31,6.2874,3688218526.58,2335110616.58,1.3259,9.758
1631,SHSE.605198,安德利,21.3,21.12,21.32,20.25,20.56,-3.4741784037558787,5.023474178403757,2160000,44793063.0,2023-10-31,0.7984,7354312000.0,5562220160.0,2.9135,32.3605
1632,SHSE.605199,葫芦娃,15.6,15.53,15.92,15.41,15.69,0.5769230769230749,3.269230769230768,5711000,89681515.0,2023-10-31,1.4274,6277706318.88,6277706318.88,5.7519,68.7603
1633,SHSE.605208,永茂泰,9.34,9.31,9.37,8.99,9.13,-2.24839400428265,4.068522483940032,6970160,63584530.6,2023-10-31,4.1362,3012352200.0,1538542863.0,1.4357,50.2496
1634,SHSE.605218,伟时电子,15.52,15.45,15.99,15.45,15.55,0.19329896907216426,3.4793814432989754,3926800,61655690.0,2023-10-31,1.845,3309560303.0,3309560303.0,2.6565,38.8125
1635,SHSE.605222,起帆电缆,19.98,19.8,20.03,19.23,19.32,-3.3033033033033066,4.004004004004007,5090449,99597985.25,2023-10-31,1.2329,8078395460.52,7977226280.52,1.8265,17.4122
1636,SHSE.605228,神通科技,12.15,12.01,12.42,11.71,11.9,-2.0576131687242816,5.843621399176947,10284645,123354289.2,2023-10-31,10.4543,5056072000.0,1170690881.5,3.3631,163.5963
1637,SHSE.605255,天普股份,16.88,16.75,18.57,16.75,18.25,8.116113744075836,10.781990521327016,11274891,205423347.1,2023-10-31,8.4091,2446960000.0,2446960000.0,2.9279,93.2993
1638,SHSE.605258,协和电子,27.55,27.48,27.48,26.49,26.85,-2.5408348457350294,3.5934664246824024,3543729,95230172.12,2023-10-31,9.3774,2362800000.0,1014661500.0,2.0383,55.5841
1639,SHSE.605259,绿田机械,22.67,22.44,22.68,22.28,22.47,-0.8822232024702337,1.7644464049404434,529740,11894952.8,2023-10-31,0.9865,2768304000.0,1206584173.2,1.7961,13.1129
1640,SHSE.605266,健之佳,52.54,52.18,52.54,50.3,51.03,-2.874000761324702,4.263418347925394,1137696,58133106.43,2023-10-31,1.4921,6578343281.79,3891048216.3,2.413,14.758
1641,SHSE.605268,王力安防,9.89,9.81,10.27,9.81,10.0,1.1122345803842304,4.651162790697665,3438400,34416643.0,2023-10-31,4.6227,4395775000.0,743800000.0,2.6442,107.2118
1642,SHSE.605277,新亚电子,15.79,15.5,15.55,15.12,15.25,-3.4198860037998657,2.72324255858139,12054623,184103709.75,2023-10-31,10.9613,4033502756.0,1677110362.5,3.0992,29.681
1643,SHSE.605286,同力日升,24.31,24.18,24.41,23.87,24.0,-1.275195392842443,2.2213081036610416,1246450,29971439.37,2023-10-31,2.5968,4224000000.0,1152000000.0,2.3691,23.6548
1644,SHSE.605287,德才股份,17.2,17.21,17.5,17.21,17.4,1.1627906976744207,1.686046511627902,2022800,35145992.2,2023-10-31,2.2998,2436000000.0,1530439150.2,1.3109,11.69
1645,SHSE.605288,凯迪股份,40.71,43.24,44.78,42.83,44.78,9.997543601080805,4.789977892409734,982740,43706416.2,2023-10-31,1.3999,3143507279.36,3143507279.36,1.462,33.8168
1646,SHSE.605289,罗曼股份,35.85,35.66,36.63,35.22,36.06,0.585774058577404,3.93305439330545,1801623,64784783.99,2023-10-31,3.5598,3958576650.0,1824996600.0,3.0086,75.8293
1647,SHSE.605296,神农集团,21.3,21.37,21.38,20.66,21.13,-0.7981220657277022,3.3802816901408397,2600770,54542760.0,2023-10-31,3.8488,11094168140.76,1427826258.95,2.5359,1738.2804
1648,SHSE.605298,必得科技,15.12,15.0,15.26,14.94,15.2,0.5291005291005346,2.1164021164021185,1046140,15828632.1,2023-10-31,2.4386,2196400000.0,652080000.0,2.2735,74.6066
1649,SHSE.605299,舒华体育,10.39,10.43,10.86,10.15,10.47,0.7699711260827691,6.833493743984591,9545538,100456927.86,2023-10-31,8.4984,4310174430.0,1176002796.48,3.4693,41.9112
1650,SHSE.605300,佳禾食品,17.04,17.0,17.0,16.56,16.73,-1.8192488262910755,2.5821596244131535,3527029,59016651.81,2023-10-31,6.1259,6692167300.0,963245158.33,3.0545,25.6466
1651,SHSE.605303,园林股份,11.37,11.37,11.47,11.26,11.43,0.5277044854881341,1.8469656992084509,1705210,19407008.0,2023-10-31,2.5082,1842943573.44,777066355.44,1.4414,-7.0995
1652,SHSE.605305,中际联合,30.19,30.18,30.18,28.05,28.46,-5.730374296124541,7.055316329910563,3723649,107123421.1,2023-10-31,3.5043,4320228000.0,3024159600.0,1.9439,30.4883
1653,SHSE.605318,法狮龙,17.06,16.89,18.77,16.81,18.77,10.02344665885111,11.488862837045726,13887300,255701791.0,2023-10-31,10.7511,2424542523.04,2424542523.04,3.0191,153.4046
1654,SHSE.605319,无锡振华,20.03,20.35,20.58,19.26,19.49,-2.6959560659011617,6.590114827758346,7822874,153725774.08,2023-10-31,11.7372,4881897746.67,1299008500.0,2.3551,34.7037
1655,SHSE.605333,沪光股份,20.13,19.9,20.11,18.12,18.12,-9.985096870342758,9.885742672627911,12895200,241619891.0,2023-10-31,2.9524,7914382587.72,7914382587.72,5.4025,4927.1688
1656,SHSE.605336,帅丰电器,16.29,15.88,15.88,14.88,15.03,-7.734806629834257,6.138735420503377,6203050,93994007.53,2023-10-31,3.382,2765657524.5,2756689123.5,1.4329,13.712
1657,SHSE.605337,李子园,15.56,15.56,15.77,15.42,15.73,1.0925449871465265,2.2493573264781466,3127512,48794897.4,2023-10-31,2.0263,6204390192.0,2427816365.26,3.396,24.3347
1658,SHSE.605338,巴比食品,22.44,22.29,22.86,22.1,22.65,0.9358288770053402,3.3868092691622014,2711069,61293357.66,2023-10-31,1.0932,5665076437.5,5617200000.0,2.6379,23.3061
1659,SHSE.605339,南侨食品,18.62,18.64,18.74,18.57,18.7,0.42964554242748143,0.9129967776584218,888700,16569609.0,2023-10-31,1.3109,7968090869.2,1267688371.4,2.448,52.1047
1660,SHSE.605358,立昂微,32.21,32.22,32.4,31.77,32.14,-0.2173238124805965,1.9559143123253617,5245471,167851904.12,2023-10-31,0.775,21754092059.6,21754092059.6,2.7666,93.8577
1661,SHSE.605365,立达信,17.22,17.22,18.86,17.12,17.73,2.961672473867605,10.104529616724731,15587451,277052340.82,2023-10-31,27.2187,8934115972.5,1015352775.0,2.6098,33.109
1662,SHSE.605366,宏柏新材,8.03,8.1,8.11,7.97,8.03,0.0,1.7434620174346165,1871908,15020080.6,2023-10-31,0.3088,4916810338.44,4867880946.72,2.4946,57.4437
1663,SHSE.605368,蓝天燃气,10.02,10.0,10.07,9.9,9.96,-0.5988023952095634,1.696606786427145,2035300,20283156.4,2023-10-31,0.8199,6900276804.96,2472577968.0,1.8861,11.4234
1664,SHSE.605369,拱东医疗,58.23,58.04,58.6,57.19,58.24,0.017173278378845858,2.421432251416802,575888,33393027.52,2023-10-31,0.5122,6558704588.8,6547712604.16,4.0569,61.9627
1665,SHSE.605376,博迁新材,28.61,28.45,29.0,28.05,28.25,-1.258301293254105,3.3205173016427803,2059331,58367562.7,2023-10-31,1.1764,7390200000.0,4945077750.0,4.5522,238.3271
1666,SHSE.605377,华旺科技,20.42,20.32,20.91,20.01,20.25,-0.832517140058775,4.407443682664047,5792306,117554480.31,2023-10-31,3.2171,6727218885.0,3645909528.75,1.7517,12.6088
1667,SHSE.605378,野马电池,22.69,22.69,22.91,22.5,22.6,-0.3966505068311976,1.806963420008815,1116612,25298143.24,2023-10-31,3.3492,3013484000.0,753484000.0,2.5133,29.6333
1668,SHSE.605388,均瑶健康,12.84,12.9,13.04,12.79,12.93,0.7009345794392496,1.9470404984423675,2698600,34874203.0,2023-10-31,0.6276,5559900000.0,5559900000.0,2.8344,69.295
1669,SHSE.605389,长龄液压,25.5,25.36,25.6,24.73,24.87,-2.4705882352941133,3.4117647058823564,925180,23100111.2,2023-10-31,2.7158,3583445430.9,847240321.2,1.7183,32.6956
1670,SHSE.605398,新炬网络,31.93,32.0,34.44,31.16,33.33,4.384591293454432,10.272471030378947,7889245,259374302.93,2023-10-31,20.8781,3886827578.37,1259445676.17,3.7414,67.8219
1671,SHSE.605399,晨光新材,14.42,14.42,14.66,14.42,14.54,0.832177531206657,1.664355062413316,1478887,21489761.4,2023-10-31,0.4748,4541262206.0,4529319922.4,2.085,29.1206
1672,SHSE.605488,福莱新材,14.59,14.63,14.79,14.49,14.64,0.34270047978066653,2.0562028786840227,1723550,25225722.6,2023-10-31,3.9606,2621740379.28,637091515.2,2.4465,35.8103
1673,SHSE.605499,东鹏饮料,192.01,192.3,193.46,190.45,192.06,0.026040310400499145,1.5676266861101085,682641,130974561.29,2023-10-31,0.4286,76825920600.0,30589560795.42,12.8559,39.7935
1674,SHSE.605500,森林包装,7.81,7.89,8.21,7.83,7.93,1.5364916773367598,4.865556978233045,6427672,51736057.99,2023-10-31,6.0236,3286192000.0,846194440.0,1.3741,26.9246
1675,SHSE.605507,国邦医药,19.85,19.88,19.99,19.78,19.9,0.25188916876572875,1.0579345088161072,1387900,27612411.0,2023-10-31,0.46,11120587650.0,6004271501.4,1.5215,16.1422
1676,SHSE.605555,德昌股份,21.17,21.01,22.18,20.71,21.08,-0.42512990080303403,6.943788379782706,12265745,263354177.05,2023-10-31,9.039,7849365664.0,2860522588.2,2.9309,26.2492
1677,SHSE.605566,福莱蒽特,20.61,20.5,20.8,20.5,20.71,0.48520135856380264,1.4556040756914155,805100,16602782.0,2023-10-31,1.2925,2761471400.0,1289983900.12,1.3622,150.208
1678,SHSE.605567,春雪食品,12.62,12.62,12.67,12.51,12.63,0.07923930269415624,1.267828843106182,854900,10783521.0,2023-10-31,0.6917,2526000000.0,1560917071.5,2.2531,112.5541
1679,SHSE.605577,龙版传媒,12.8,12.87,13.86,12.7,12.95,1.1718749999999778,9.062500000000002,17444938,227447533.58,2023-10-31,9.2613,5755555562.75,2439319562.75,1.5423,10.4216
1680,SHSE.605580,恒盛能源,11.53,11.61,11.77,11.53,11.64,0.9540329575021822,2.0815264527320054,2636133,30666728.01,2023-10-31,3.6841,3259200000.0,832888560.0,3.7667,22.9664
1681,SHSE.605588,冠石科技,56.68,55.54,57.17,54.3,55.41,-2.2406492589978844,5.0635144671842,5362100,298846739.0,2023-10-31,23.213,4078694693.01,1279946675.01,3.8955,64.5672
1682,SHSE.605589,圣泉集团,21.6,21.5,22.05,21.42,21.75,0.694444444444442,2.9166666666666616,7421659,161003970.58,2023-10-31,1.2064,17027570400.0,13380856845.75,1.9292,24.0656
1683,SHSE.605598,上海港湾,26.63,26.82,27.09,26.51,26.93,1.1265490048817162,2.1779947427713044,2267590,60999488.4,2023-10-31,3.0767,6618339448.13,1984763648.13,3.8623,40.6158
1684,SHSE.605599,菜百股份,13.99,13.95,13.95,13.67,13.85,-1.0007147962830643,2.001429592566114,1686700,23357813.0,2023-10-31,0.2875,10772222530.0,8125487530.0,2.9523,15.4766
1685,SHSE.688001,华兴源创,30.9,30.8,31.24,30.44,30.55,-1.132686084142387,2.588996763754036,1172252,36145868.66,2023-10-31,0.2652,13502626811.05,13502626811.05,3.5508,62.183
1686,SHSE.688002,睿创微纳,46.39,46.22,47.25,46.15,47.09,1.5089458935115374,2.3712006898038402,3585358,167864311.19,2023-10-31,0.8015,21063544371.11,21063544371.11,4.7006,40.6733
1687,SHSE.688003,天准科技,34.46,34.45,35.48,34.45,34.89,1.247823563551953,2.9889727219965003,1723284,60411536.06,2023-10-31,0.8968,6704148390.0,6704148390.0,3.8672,41.0137
1688,SHSE.688004,博汇科技,28.7,28.84,28.95,28.47,28.76,0.2090592334494934,1.6724738675958202,950341,27304016.69,2023-10-31,1.6731,1633568000.0,1633568000.0,2.3875,-54.7692
1689,SHSE.688005,容百科技,44.87,44.25,44.91,43.81,44.24,-1.4040561622464809,2.451526632493859,4579467,202485030.09,2023-10-31,1.614,21424029016.88,12552569562.4,2.423,20.3847
1690,SHSE.688006,杭可科技,24.4,24.8,24.89,24.31,24.55,0.6147540983606703,2.3770491803278766,4416498,108533342.96,2023-10-31,0.7316,14820151331.6,14820151331.6,2.8955,17.9723
1691,SHSE.688007,光峰科技,28.88,28.99,29.18,28.05,28.38,-1.7313019390581719,3.912742382271465,8757860,249059877.85,2023-10-31,1.9022,13066337548.44,13066337548.44,4.6164,83.4144
1692,SHSE.688008,澜起科技,53.6,56.0,56.49,54.06,55.03,2.6679104477612015,4.5335820895522385,16200983,892786273.52,2023-10-31,1.4236,62624593777.38,62624593777.38,6.1884,117.2351
1693,SHSE.688009,中国通号,4.73,4.74,4.75,4.7,4.7,-0.634249471458781,1.0570824524312858,17193748,81107442.4,2023-10-31,0.1994,49772149300.0,40518784600.0,1.1504,13.8313
1694,SHSE.688010,福光股份,21.09,21.09,21.51,20.83,21.04,-0.23707918444760834,3.2242769084874503,1440680,30573229.16,2023-10-31,0.8973,3387404547.6,3378215601.12,1.9358,-127.3539
1695,SHSE.688011,新光光电,23.68,23.51,24.08,23.51,23.78,0.4222972972973027,2.407094594594581,680075,16175303.99,2023-10-31,0.6801,2378000000.0,2378000000.0,2.0417,-46.0153
1696,SHSE.688012,中微公司,169.68,173.1,176.0,169.1,171.15,0.866336633663356,4.066478076379069,7147490,1229381984.64,2023-10-31,1.1562,105804677211.45,105804677211.45,6.2493,68.8537
1697,SHSE.688013,天臣医疗,22.01,21.92,22.14,21.74,21.93,-0.36347114947752335,1.8173557473875606,1013659,22215598.34,2023-10-31,1.249,1779742308.0,1779742308.0,3.224,39.9809
1698,SHSE.688015,交控科技,18.27,18.18,18.3,18.01,18.15,-0.6568144499179085,1.5873015873015828,725549,13150663.36,2023-10-31,0.3845,3424555467.3,3424555467.3,1.3992,25.5415
1699,SHSE.688016,心脉医疗,195.74,196.3,196.3,191.79,194.5,-0.6334934096250189,2.304076836620016,582745,112965437.07,2023-10-31,0.8096,13999749591.5,13999749591.5,7.1626,31.5011
1700,SHSE.688017,绿的谐波,125.16,123.88,127.65,120.05,124.85,-0.2476829658037749,6.072227548737623,3421511,421571384.13,2023-10-31,2.0285,21058720174.8,21058720174.8,10.531,211.0074
1701,SHSE.688018,乐鑫科技,105.12,104.93,107.12,102.12,103.13,-1.8930745814307537,4.756468797564688,806937,83749362.36,2023-10-31,0.9988,8331844236.12,8331844236.12,4.3193,82.7853
1702,SHSE.688019,安集科技,188.85,186.1,194.85,179.1,193.98,2.7164416203335984,8.339952343129468,2794635,528574823.82,2023-10-31,2.8209,19217685503.04,19217685503.04,9.4922,46.8376
1703,SHSE.688020,方邦股份,63.0,63.0,63.5,60.45,61.6,-2.2222222222222254,4.8412698412698365,2134659,131679214.69,2023-10-31,2.6565,4950021876.8,4950021876.8,3.2971,-74.3365
1704,SHSE.688021,奥福环保,21.15,20.94,21.32,20.85,21.09,-0.28368794326240065,2.222222222222217,985748,20690296.42,2023-10-31,1.2755,1629910786.56,1629910786.56,1.7351,412.267
1705,SHSE.688022,瀚川智能,24.21,23.65,23.65,21.8,22.35,-7.682775712515488,7.6414704667492686,9077582,202346491.04,2023-10-31,5.1766,3919227363.15,3919227363.15,2.0162,241.7868
1706,SHSE.688023,安恒信息,120.82,122.0,122.0,117.27,118.6,-1.8374441317662638,3.9149147492137097,671951,79921865.91,2023-10-31,0.8546,9364535502.4,9325014187.2,3.726,-28.2035
1707,SHSE.688025,杰普特,77.11,77.71,81.0,77.71,79.38,2.9438464531189146,4.266632084035801,2246675,178443799.46,2023-10-31,2.3651,7540381214.1,7540381214.1,3.8973,68.884
1708,SHSE.688026,洁特生物,17.59,17.51,18.01,17.5,17.72,0.7390562819783897,2.899374644684489,2146477,38175394.78,2023-10-31,1.531,2487236258.4,2484356722.96,2.4542,154.7358
1709,SHSE.688027,国盾量子,131.19,131.89,132.68,128.3,129.02,-1.6540894885280766,3.338669105876969,624616,81096596.49,2023-10-31,0.7786,10350103098.4,10350103098.4,6.6065,-99.6131
1710,SHSE.688028,沃尔德,23.04,23.16,23.95,22.91,23.4,1.5625,4.513888888888886,4000939,93750718.22,2023-10-31,2.9197,3589872249.6,3206537006.4,1.8975,34.7074
1711,SHSE.688029,南微医学,87.86,87.4,89.1,86.25,88.39,0.603232415206012,3.2437969496926864,1880530,164716281.23,2023-10-31,1.0011,16603833630.58,16603833630.58,4.7285,33.8745
1712,SHSE.688030,山石网科,19.5,19.5,19.79,19.15,19.34,-0.8205128205128198,3.2820512820512846,889651,17271486.62,2023-10-31,0.4936,3485626384.48,3485626384.48,3.0867,-11.0007
1713,SHSE.688031,星环科技,57.51,57.66,58.05,54.68,55.37,-3.721091984002778,5.859850460789424,1485321,82704517.78,2023-10-31,1.7957,6691025305.16,4579978497.08,4.5609,-21.2722
1714,SHSE.688032,禾迈股份,228.63,229.39,229.39,222.01,224.13,-1.968245637055499,3.227922844771026,488599,109519412.9,2023-10-31,1.1698,18673951275.0,9361742002.5,2.912,31.8734
1715,SHSE.688033,天宜上佳,18.97,18.97,18.97,18.13,18.23,-3.900896151818656,4.428044280442804,8361447,154165980.75,2023-10-31,1.4873,10248880405.08,10248880405.08,1.9213,35.1347
1716,SHSE.688035,德邦科技,54.45,54.51,56.94,54.45,55.2,1.377410468319562,4.573002754820927,5637147,313898050.85,2023-10-31,6.9735,7851648000.0,4462184073.6,3.4894,63.3
1717,SHSE.688036,传音控股,134.79,135.25,136.57,133.33,134.16,-0.46739372356999764,2.403739149788546,2589967,348444104.99,2023-10-31,0.3211,108208787232.0,108208787232.0,5.8174,26.3287
1718,SHSE.688037,芯源微,149.06,152.66,154.58,146.92,151.3,1.5027505702401855,5.138870253589175,2188834,328907922.57,2023-10-31,1.5925,20853571728.3,20853571728.3,8.9916,75.1853
1719,SHSE.688038,中科通达,13.21,13.24,13.38,13.1,13.21,0.0,2.1196063588190848,1242152,16442341.49,2023-10-31,1.5258,1537292614.0,1075454501.5,2.1905,-48.2433
1720,SHSE.688039,当虹科技,29.53,29.53,32.2,29.41,30.66,3.8266169996613586,9.448018963765671,5040002,156296455.67,2023-10-31,4.5033,3431372368.62,3431372368.62,2.5714,-22.3832
1721,SHSE.688041,海光信息,62.8,61.7,62.59,60.86,61.97,-1.321656050955411,2.7547770700637004,22353882,1380012848.98,2023-10-31,2.5386,144039231499.27,54568128506.57,7.9803,136.7803
1722,SHSE.688045,必易微,45.89,46.65,47.1,45.73,46.65,1.6561342340379204,2.9853998692525705,741947,34424116.02,2023-10-31,2.0507,3221133004.35,1687838751.75,2.3532,-278.3098
1723,SHSE.688046,药康生物,17.54,17.45,17.59,17.24,17.37,-0.9692132269099152,1.9954389965792556,2564784,44563507.68,2023-10-31,1.2701,7121700000.0,3507542060.58,3.4191,46.1754
1724,SHSE.688047,龙芯中科,82.02,82.02,82.88,79.5,80.87,-1.4020970495001062,4.1209461107047005,2746723,221064123.63,2023-10-31,0.9866,32428870000.0,22515399134.23,8.7783,-142.1108
1725,SHSE.688048,长光华芯,60.93,60.23,62.11,59.72,60.87,-0.0984736582964052,3.922534055473495,2179292,132330443.72,2023-10-31,2.2165,10730160130.41,5984917236.06,3.382,5311.9169
1726,SHSE.688049,炬芯科技,35.65,35.88,36.18,34.48,34.8,-2.384291725105192,4.768583450210387,4987886,174858719.5,2023-10-31,5.5603,4245600000.0,3121754880.0,2.3679,81.6118
1727,SHSE.688050,爱博医疗,179.79,179.79,181.59,177.01,179.78,-0.005562044607587691,2.547416430279778,484788,86778581.33,2023-10-31,0.4606,18922023341.76,18922023341.76,9.1138,65.9348
1728,SHSE.688051,佳华科技,32.79,32.78,32.88,31.91,32.27,-1.5858493443122734,2.9582189691979335,740351,23958714.72,2023-10-31,0.9573,2495568180.0,2495568180.0,2.6542,-8.4334
1729,SHSE.688052,纳芯微,138.51,138.7,152.0,136.08,143.46,3.573749187784281,11.49375496354053,3431745,497708831.48,2023-10-31,3.7513,20435712594.84,13123790378.1,3.2499,-84.3421
1730,SHSE.688053,思科瑞,49.8,50.0,51.65,48.18,48.42,-2.771084337349383,6.967871485943773,1456777,73185920.85,2023-10-31,3.4461,4842000000.0,2046897396.0,2.8467,74.3853
1731,SHSE.688055,龙腾光电,4.54,4.51,4.59,4.51,4.54,0.0,1.7621145374449354,5810315,26418807.88,2023-10-31,0.1743,15133333636.0,15133333636.0,3.3256,-61.8052
1732,SHSE.688056,莱伯泰科,35.16,34.88,35.39,34.65,35.06,-0.28441410693968994,2.104664391353817,374469,13104088.25,2023-10-31,0.5569,2357308184.0,2357308184.0,2.7764,64.1224
1733,SHSE.688057,金达莱,13.7,13.73,13.77,13.57,13.74,0.29197080291971655,1.459854014598535,801893,10982141.18,2023-10-31,0.5727,3792240000.0,1923709920.0,1.233,15.9368
1734,SHSE.688058,宝兰德,49.16,49.2,49.2,46.38,46.65,-5.105777054515858,5.736371033360457,1267375,60294595.21,2023-10-31,2.2632,2612400000.0,2612400000.0,3.0922,-428.3624
1735,SHSE.688059,华锐精密,87.54,88.08,92.48,88.06,90.9,3.838245373543514,5.049120402101898,1149851,104336724.91,2023-10-31,3.2502,5600470260.6,3215872380.6,5.1653,34.0346
1736,SHSE.688060,云涌科技,48.74,48.59,49.04,48.12,48.23,-1.0463684858432631,1.8875666803446896,233574,11334224.97,2023-10-31,0.3883,2901447734.64,2901447734.64,2.9718,249.0037
1737,SHSE.688061,灿瑞科技,40.0,39.5,40.57,38.76,38.94,-2.650000000000008,4.525000000000006,1137118,44772013.23,2023-10-31,2.7544,4473792885.54,1607582722.02,1.7649,-165.6082
1738,SHSE.688062,迈威生物,27.1,26.98,27.77,26.37,26.66,-1.6236162361623618,5.1660516605166,4281785,115713650.76,2023-10-31,2.1191,10653336000.0,5386712638.42,3.6452,-11.3806
1739,SHSE.688063,派能科技,116.08,115.88,116.66,113.01,113.88,-1.8952446588559657,3.1443831840110197,3166467,361469149.14,2023-10-31,3.0507,20000326802.04,11820093972.96,2.0674,15.5931
1740,SHSE.688065,凯赛生物,53.78,53.7,54.08,52.5,53.11,-1.2458162885831237,2.93789512830048,1035312,54955160.12,2023-10-31,0.2565,30983207651.29,21435260369.32,2.7818,81.3271
1741,SHSE.688066,航天宏图,44.65,43.91,44.97,42.9,43.51,-2.553191489361706,4.6360582306830915,5285539,231408100.22,2023-10-31,2.0236,11364503122.51,11364503122.51,4.3799,80.8939
1742,SHSE.688067,爱威科技,23.95,23.96,24.15,23.58,23.84,-0.45929018789143683,2.3799582463465563,1003867,23943502.91,2023-10-31,2.4474,1621120000.0,977848665.28,3.2923,89.0023
1743,SHSE.688068,热景生物,43.01,42.58,43.1,41.69,41.69,-3.069053708439895,3.2783073703789904,2705637,114488600.67,2023-10-31,2.9323,3846684854.54,3846684854.54,1.1311,-37.5675
1744,SHSE.688069,德林海,19.7,19.51,19.9,19.45,19.8,0.5076142131979822,2.2842639593908594,363444,7163325.6,2023-10-31,0.3138,2293050672.0,2293050672.0,1.6112,-121.5503
1745,SHSE.688070,纵横股份,35.55,35.75,35.77,34.6,34.68,-2.4472573839662393,3.291139240506334,159295,5588912.06,2023-10-31,0.415,3037274400.0,1331018400.0,4.6989,-72.4589
1746,SHSE.688071,华依科技,39.8,38.0,39.8,36.25,39.08,-1.8090452261306456,8.919597989949741,3791743,143639269.72,2023-10-31,7.0739,3313326361.76,2094757484.24,3.108,197.151
1747,SHSE.688072,拓荆科技,249.78,260.0,264.78,245.0,252.08,0.9208103130755152,7.9189686924493445,2011388,507290950.93,2023-10-31,1.9513,47186507329.6,25984411189.52,11.5689,117.333
1748,SHSE.688073,毕得医药,64.53,64.61,67.88,63.33,65.64,1.7201301720130235,7.050984038431733,1803341,119046275.43,2023-10-31,4.8525,5965556706.72,2439388050.12,2.8638,36.9729
1749,SHSE.688075,安旭生物,41.52,41.5,41.95,41.0,41.88,0.8670520231213841,2.2880539499036674,959558,39964365.12,2023-10-31,3.1353,5322227873.4,1281750508.44,1.0323,53.5773
1750,SHSE.688076,诺泰生物,50.0,49.35,54.3,47.92,49.4,-1.200000000000001,12.759999999999991,15814679,806114179.7,2023-10-31,10.8043,10531279720.0,7230873722.8,5.3426,62.8266
1751,SHSE.688077,大地熊,25.23,25.23,25.84,25.1,25.46,0.9116131589377741,2.933016250495436,1070110,27273763.2,2023-10-31,0.946,2879963912.0,2879963912.0,2.6146,-112.5855
1752,SHSE.688078,龙软科技,39.3,38.92,40.0,38.71,39.69,0.992366412213741,3.282442748091601,1181087,46516313.47,2023-10-31,1.6393,2859624810.0,2859624810.0,4.0978,30.7956
1753,SHSE.688079,美迪凯,11.44,11.41,11.54,11.15,11.22,-1.9230769230769162,3.4090909090908985,4452322,50273811.35,2023-10-31,2.4997,4502960007.48,1998468633.48,3.0372,-86.8524
1754,SHSE.688080,映翰通,38.44,38.84,38.99,37.78,38.38,-0.15608740894900164,3.1477627471384,1411348,54058941.44,2023-10-31,1.9176,2824826414.36,2824826414.36,3.1624,31.8334
1755,SHSE.688081,兴图新科,16.57,16.43,16.58,16.13,16.27,-1.8105009052504561,2.7157513578756745,1246365,20355076.58,2023-10-31,1.2096,1676460800.0,1676460800.0,3.0004,-20.9573
1756,SHSE.688082,盛美上海,120.5,121.37,122.8,118.02,120.5,0.0,3.9668049792531126,1539596,184983005.28,2023-10-31,2.0614,52502742784.5,8999942801.0,8.5339,58.3195
1757,SHSE.688083,中望软件,108.64,108.5,109.77,106.29,107.63,-0.9296759941089916,3.203240058910153,789327,85063217.04,2023-10-31,1.1484,13055927886.37,7397698240.77,4.9354,442.8503
1758,SHSE.688084,晶品特装,63.0,61.68,63.89,61.2,62.83,-0.26984126984127554,4.269841269841266,409678,25657687.24,2023-10-31,2.2391,4753659116.78,1149587944.0,2.8436,187.1812
1759,SHSE.688085,三友医疗,22.38,22.11,22.34,21.8,22.08,-1.3404825737265424,2.412868632707771,1765164,38884957.23,2023-10-31,0.7105,5485854052.8,5485854052.8,2.9073,41.4051
1760,SHSE.688087,英科再生,23.33,23.38,23.5,22.92,23.12,-0.9001285897985323,2.486069438491206,793729,18415223.63,2023-10-31,0.7753,4357625925.6,2366841287.36,1.9669,24.7021
1761,SHSE.688088,虹软科技,35.94,35.8,36.27,34.16,35.01,-2.5876460767946585,5.870895937673919,7423776,259309182.89,2023-10-31,1.8285,14214060000.0,14214060000.0,5.3343,165.0114
1762,SHSE.688089,嘉必优,19.33,19.3,19.45,18.98,19.14,-0.9829280910501725,2.4314536989136,2051404,39233954.16,2023-10-31,1.2188,3221436556.8,3221436556.8,2.2101,68.656
1763,SHSE.688090,瑞松科技,28.95,28.9,29.27,28.61,28.92,-0.10362694300517505,2.27979274611399,631296,18186033.56,2023-10-31,0.9424,1948068204.96,1937200358.16,2.2361,-32.8603
1764,SHSE.688091,上海谊众,51.11,51.13,52.5,50.96,51.28,0.3326159264331885,3.013108980630012,1676558,86494256.64,2023-10-31,1.4429,8116434304.0,5958214584.96,5.6866,47.9376
1765,SHSE.688092,爱科科技,29.88,29.78,30.15,28.82,29.15,-2.4431057563587655,4.451137884872819,2182553,63621442.22,2023-10-31,8.0903,1728558008.65,786395261.85,3.0039,30.6783
1766,SHSE.688093,世华科技,19.07,19.03,19.17,18.73,18.9,-0.8914525432616727,2.307288935500793,1072970,20340515.65,2023-10-31,0.4451,4963731796.8,4556269116.0,2.6748,25.0431
1767,SHSE.688095,福昕软件,70.24,69.8,69.96,66.51,67.84,-3.4168564920273203,4.911731207289278,1935879,130802714.41,2023-10-31,2.116,6206649308.16,6206649308.16,2.3817,-87.3849
1768,SHSE.688096,京源环保,9.43,9.48,9.54,9.39,9.47,0.42417815482502785,1.5906680805938342,1452845,13748103.48,2023-10-31,0.9609,1431806223.53,1431806223.53,1.7538,36.0371
1769,SHSE.688097,博众精工,26.07,26.07,26.32,25.01,25.36,-2.7234369006520986,5.024932873034134,2045924,51821458.12,2023-10-31,2.2021,11326987320.4,2356121900.4,2.8563,28.5246
1770,SHSE.688098,申联生物,7.4,7.38,7.45,7.34,7.41,0.13513513513512265,1.4864864864864908,1838278,13589885.83,2023-10-31,0.4477,3042872040.0,3042872040.0,2.0253,117.6654
1771,SHSE.688099,晶晨股份,60.57,61.19,61.79,59.41,60.17,-0.660392933795606,3.929337956083874,3645540,219510726.02,2023-10-31,0.8757,25049966457.56,25049966457.56,4.5905,69.546
1772,SHSE.688100,威胜信息,28.05,28.05,28.05,27.24,27.4,-2.317290552584683,2.8877005347593663,784892,21628441.93,2023-10-31,0.157,13700000000.0,13700000000.0,4.9686,29.6311
1773,SHSE.688101,三达膜,13.42,13.38,13.47,13.3,13.4,-0.14903129657227732,1.266766020864381,990576,13246858.6,2023-10-31,0.2967,4473992000.0,4473992000.0,1.1993,21.5561
1774,SHSE.688102,斯瑞新材,11.52,11.53,11.53,11.0,11.1,-3.645833333333337,4.600694444444439,4136142,46244485.87,2023-10-31,1.2931,6216155400.0,3550533756.6,6.033,70.5723
1775,SHSE.688103,国力股份,51.83,51.83,52.51,50.2,52.5,1.2926876326451842,4.456878255836378,1047908,53753689.71,2023-10-31,1.6528,5031583200.0,3328593450.0,4.6699,63.5924
1776,SHSE.688105,诺唯赞,32.08,31.95,34.74,31.92,33.34,3.9276807980050066,8.790523690773068,3508309,118675544.14,2023-10-31,2.105,13336333400.0,5556498144.08,3.3199,-57.5143
1777,SHSE.688106,金宏气体,24.99,24.99,25.08,24.43,24.53,-1.8407362945177974,2.601040416166461,2127395,52433504.99,2023-10-31,0.4369,11944715273.26,11944715273.26,4.0158,37.4246
1778,SHSE.688107,安路科技,40.53,40.79,40.99,38.9,39.3,-3.0347890451517534,5.156674068591175,2019708,79795478.95,2023-10-31,1.0554,15753380123.1,7521031172.7,10.3853,-112.8395
1779,SHSE.688108,赛诺医疗,13.84,13.77,14.85,13.62,14.24,2.8901734104046284,8.887283236994223,15180670,217157774.36,2023-10-31,3.7026,5838400000.0,5838400000.0,7.1354,-61.3297
1780,SHSE.688109,品茗科技,25.0,25.05,25.24,24.76,25.01,0.039999999999995595,1.9199999999999873,665245,16611424.26,2023-10-31,1.7193,1971845923.0,967678591.67,2.514,-111.3378
1781,SHSE.688110,东芯股份,36.69,37.06,38.08,36.2,37.41,1.9623875715453876,5.124011992368481,9634179,358738344.22,2023-10-31,3.5102,16544563446.78,10267615227.21,4.4688,-71.3225
1782,SHSE.688111,金山办公,285.0,286.0,289.5,275.5,287.1,0.7368421052631691,4.912280701754386,3787416,1078381869.58,2023-10-31,0.8203,132559961866.2,132559961866.2,14.0013,110.6815
1783,SHSE.688112,鼎阳科技,39.7,40.06,41.29,38.8,39.3,-1.0075566750629816,6.272040302267007,1264842,50492240.36,2023-10-31,2.8514,6256560746.7,1743299425.2,4.0934,39.2837
1784,SHSE.688113,联测科技,45.01,45.01,45.01,43.1,44.12,-1.9773383692512803,4.24350144412352,478269,21118784.12,2023-10-31,1.155,2824835502.8,1826973462.8,3.3471,35.9647
1785,SHSE.688114,华大智造,80.76,80.76,84.0,79.31,82.54,2.204061416542835,5.807330361565128,2899623,239024540.5,2023-10-31,1.3691,34306729484.96,17480769969.98,3.7421,-177.4935
1786,SHSE.688115,思林杰,31.3,31.44,32.59,31.39,31.71,1.3099041533546352,3.8338658146964946,1164718,37211410.12,2023-10-31,2.8084,2114105700.0,1315099317.0,1.6421,-157.5103
1787,SHSE.688116,天奈科技,29.44,29.33,29.57,28.75,29.2,-0.815217391304357,2.785326086956523,7418143,215889253.35,2023-10-31,2.1584,10035832855.2,10035832855.2,4.0274,38.9205
1788,SHSE.688117,圣诺生物,31.37,31.37,32.3,30.19,30.65,-2.2951864839018232,6.726171501434479,6868460,213386614.5,2023-10-31,10.372,3432800000.0,2029685910.0,4.0788,56.9525
1789,SHSE.688118,普元信息,30.26,29.7,30.35,29.1,29.29,-3.2055518836748287,4.130865829477858,4634950,137660238.37,2023-10-31,4.8584,2794266000.0,2794266000.0,3.3329,-277.4055
1790,SHSE.688119,中钢洛耐,5.03,5.05,5.06,4.98,5.0,-0.5964214711729698,1.590457256461216,3407919,17103673.76,2023-10-31,0.6059,5625000000.0,2812500000.0,1.8264,43.88
1791,SHSE.688120,华海清科,204.5,217.2,219.98,206.55,212.85,4.083129584352085,6.56723716381417,2513253,533459101.94,2023-10-31,2.2075,33828970571.55,24233474187.45,6.3435,46.8136
1792,SHSE.688121,卓然股份,24.35,24.34,25.6,24.07,24.83,1.9712525667350933,6.283367556468177,5325038,132988245.49,2023-10-31,3.7612,5032213341.61,3515398301.61,2.4561,29.4726
1793,SHSE.688122,西部超导,46.82,45.59,46.2,44.68,45.85,-2.071764203331905,3.2464758650149577,5076250,231088191.6,2023-10-31,0.7814,29787117187.45,29787117187.45,4.8425,37.0413
1794,SHSE.688123,聚辰股份,64.9,64.0,64.0,61.32,62.63,-3.4976887519260424,4.129429892141756,4849042,302980902.38,2023-10-31,3.0657,9906377307.31,9906377307.31,5.1175,55.7136
1795,SHSE.688125,安达智能,36.75,36.38,36.9,35.01,35.63,-3.0476190476190435,5.142857142857144,921729,32913287.49,2023-10-31,4.4964,2879191890.4,730395047.2,1.5143,59.6813
1796,SHSE.688126,沪硅产业,18.36,18.5,18.59,17.87,18.13,-1.252723311546844,3.921568627450974,10786256,195059330.78,2023-10-31,0.3965,49806322382.18,49319009973.87,3.3555,120.9983
1797,SHSE.688127,蓝特光学,21.3,21.3,21.49,20.39,20.6,-3.2863849765258135,5.164319248826281,4801509,99913282.58,2023-10-31,1.1957,8272548000.0,8272548000.0,5.1761,67.1866
1798,SHSE.688128,中国电研,20.53,20.58,20.58,20.14,20.24,-1.4125669751583136,2.143205065757417,1530813,31089996.67,2023-10-31,0.3784,8187080000.0,8187080000.0,2.9275,20.7891
1799,SHSE.688129,东来技术,16.7,16.78,17.24,16.17,16.3,-2.39520958083832,6.4071856287424955,4303342,71633708.21,2023-10-31,3.5719,1963804440.0,1963804440.0,2.3218,68.4672
1800,SHSE.688130,晶华微,43.73,43.81,44.33,43.58,44.05,0.731763091699067,1.7150697461696778,361034,15866087.81,2023-10-31,2.2601,2931968000.0,703672320.0,2.2617,-1989.123
1801,SHSE.688131,皓元医药,66.95,66.13,66.13,62.0,64.01,-4.391336818521285,6.168782673637035,2238218,142731214.18,2023-10-31,2.5931,9626293569.39,5524939424.92,3.9025,62.5252
1802,SHSE.688132,邦彦技术,21.6,21.31,21.87,21.25,21.56,-0.18518518518519933,2.8703703703703747,740715,15958045.27,2023-10-31,0.6924,3281975398.24,2306347926.96,2.0526,41.6375
1803,SHSE.688133,泰坦科技,52.5,51.1,53.1,50.69,52.07,-0.8190476190476192,4.590476190476197,2636951,136548114.88,2023-10-31,2.2353,6142666605.93,6142666605.93,2.1791,61.3609
1804,SHSE.688135,利扬芯片,22.9,22.8,23.08,22.5,22.7,-0.8733624454148492,2.5327510917030494,3718060,84661098.32,2023-10-31,2.8598,4542751694.0,2951219282.0,4.0197,128.4466
1805,SHSE.688136,科兴制药,20.19,20.08,20.7,20.05,20.15,-0.19811788013869291,3.2194155522535834,3001521,61224223.78,2023-10-31,4.452,4013852797.5,1358519105.45,2.2791,-45.6686
1806,SHSE.688137,近岸蛋白,50.24,51.0,54.38,50.0,53.6,6.687898089171984,8.718152866242043,1726210,91796372.47,2023-10-31,6.3548,3761403530.4,1455992329.6,1.7212,232.3524
1807,SHSE.688138,清溢光电,22.91,22.88,23.13,22.5,22.87,-0.17459624618070269,2.749890877346133,4303370,98051447.3,2023-10-31,1.613,6101716000.0,6101716000.0,4.5386,49.0004
1808,SHSE.688139,海尔生物,36.51,36.3,36.76,36.03,36.54,0.08216926869351049,1.9994522048753682,1516452,55303971.97,2023-10-31,0.4769,11617984642.32,11617984642.32,2.7612,23.3976
1809,SHSE.688141,杰华特,34.14,34.12,34.64,32.73,33.43,-2.079671939074401,5.594610427650861,2370695,79236203.04,2023-10-31,4.5323,14939198400.0,1748607231.04,5.2774,-44.4772
1810,SHSE.688143,长盈通,37.44,37.0,38.17,36.11,37.0,-1.175213675213671,5.502136752136758,1413105,52249459.87,2023-10-31,5.3522,4542331862.0,976893980.0,3.7467,139.7346
1811,SHSE.688146,中船特气,36.67,37.05,37.73,35.97,36.22,-1.2271611671666238,4.799563676029446,1832161,67152681.67,2023-10-31,2.884,19175294128.3,2301035302.64,3.6673,54.9288
1812,SHSE.688147,微导纳米,43.26,44.04,44.9,40.8,41.43,-4.23023578363384,9.47757743874249,3035292,127710268.35,2023-10-31,7.5696,18828085523.37,1661287608.09,8.5809,88.613
1813,SHSE.688148,芳源股份,8.66,8.57,8.63,8.35,8.42,-2.771362586605086,3.2332563510392744,5070207,42789122.61,2023-10-31,1.3113,4295657106.26,3255753426.26,3.3727,-42.8672
1814,SHSE.688150,莱特光电,19.3,19.21,19.3,18.55,19.26,-0.2072538860103612,3.8860103626943006,4869394,92205573.12,2023-10-31,2.7512,7750947887.1,3408832542.42,4.6211,109.7421
1815,SHSE.688151,华强科技,19.17,19.19,19.33,19.06,19.23,0.3129890453833939,1.4084507042253498,507852,9738248.61,2023-10-31,0.5091,6624735000.0,1918421606.22,1.5783,2431.5603
1816,SHSE.688152,麒麟信安,64.89,64.51,65.68,62.79,63.34,-2.38865772846355,4.453690861457864,1895030,121500309.19,2023-10-31,6.2763,4987305394.26,1912455846.62,3.9421,231.7166
1817,SHSE.688153,唯捷创芯,70.65,70.07,72.9,69.61,71.05,0.566171266808202,4.656758669497531,2897705,206549436.41,2023-10-31,2.8178,29710639875.7,7306420000.25,7.6429,-1764.4487
1818,SHSE.688155,先惠技术,49.09,49.32,49.89,48.41,49.12,0.06111224281930561,3.014870645752707,633212,31134746.28,2023-10-31,0.8258,3766331800.32,3766331800.32,3.2325,-92.6674
1819,SHSE.688156,路德环境,27.88,27.97,28.01,27.53,27.66,-0.7890961262553731,1.7216642754662856,833813,23137316.65,2023-10-31,0.9027,2785753582.62,2555058201.6,3.107,96.0173
1820,SHSE.688157,松井股份,56.55,57.0,58.87,55.18,57.22,1.1847922192749882,6.525198938992038,941289,53949487.1,2023-10-31,1.627,6393561728.92,3310365024.92,4.9957,88.9039
1821,SHSE.688158,优刻得,17.32,17.17,17.32,16.55,16.73,-3.4064665127020777,4.445727482678982,22493002,378317921.5,2023-10-31,6.3288,7580280705.13,5945956366.28,2.8159,-21.8402
1822,SHSE.688159,有方科技,47.17,46.34,46.48,43.99,45.22,-4.133983464066149,5.278778884884449,3427180,154918349.27,2023-10-31,3.7382,4166095763.9,4145746763.9,5.6425,-54.5869
1823,SHSE.688160,步科股份,56.18,55.9,56.5,52.81,54.22,-3.4887860448558183,6.568173727305086,1728006,93314505.17,2023-10-31,6.2345,4554480000.0,1502810643.32,6.2273,66.7002
1824,SHSE.688161,威高骨科,41.76,41.76,41.82,41.0,41.41,-0.838122605363989,1.9636015325670504,938331,38876426.31,2023-10-31,1.2239,16564000000.0,3174766680.47,4.2129,69.6382
1825,SHSE.688162,巨一科技,32.04,31.62,31.62,30.76,31.03,-3.1523096129837613,2.6841448189762778,2002648,62326330.08,2023-10-31,4.1292,4260522950.5,1504936475.09,1.7396,-116.5094
1826,SHSE.688163,赛伦生物,20.58,20.58,20.83,20.3,20.6,0.09718172983481654,2.5753158406219514,867515,17861083.87,2023-10-31,2.01,2229332000.0,889116188.0,2.0429,42.7382
1827,SHSE.688165,埃夫特,10.43,10.5,11.04,10.45,10.72,2.7804410354746123,5.656759348034514,10242875,110471717.53,2023-10-31,1.9631,5593481600.0,5593481600.0,3.2294,-40.9854
1828,SHSE.688166,博瑞医药,44.63,45.07,45.38,38.21,38.47,-13.80237508402421,16.065426842930766,42115021,1751739083.44,2023-10-31,9.9689,16252242514.61,16252242514.61,7.0593,69.5164
1829,SHSE.688167,炬光科技,84.26,88.88,88.88,84.3,86.2,2.302397341561835,5.435556610491334,2662437,230059619.91,2023-10-31,3.8947,7789320252.8,5892735612.4,3.2186,123.5828
1830,SHSE.688168,安博通,32.56,32.61,33.21,32.15,32.38,-0.5528255528255532,3.2555282555282625,980439,31957413.24,2023-10-31,1.2851,2470357885.04,2470357885.04,2.1608,-53.0412
1831,SHSE.688169,石头科技,317.5,319.28,324.64,313.0,315.99,-0.47559055118110427,3.66614173228346,1436420,455442217.16,2023-10-31,1.0925,41545565745.3,41545565745.3,3.889,24.6003
1832,SHSE.688170,德龙激光,33.82,33.79,34.59,33.32,33.93,0.3252513305736171,3.755174452986408,1255235,42699361.73,2023-10-31,1.8726,3507004800.0,2274429690.0,2.7809,137.3715
1833,SHSE.688171,纬德信息,23.43,24.14,24.14,23.45,23.7,1.1523687580025532,2.944942381562105,1616158,38446754.45,2023-10-31,3.213,1985429580.0,1192141260.3,2.3827,68.4054
1834,SHSE.688172,燕东微,19.06,18.98,19.18,18.74,18.89,-0.8919202518362979,2.3084994753410353,2726541,51565225.92,2023-10-31,2.1655,22651076656.79,2378363055.48,1.5352,60.87
1835,SHSE.688173,希荻微,18.21,18.02,18.58,17.59,18.02,-1.0433827567270848,5.436573311367372,8536384,154151168.17,2023-10-31,3.5662,7372893217.34,4313489801.06,3.8755,-294.6744
1836,SHSE.688175,高凌信息,28.91,29.1,29.1,28.34,28.68,-0.7955724662746522,2.6288481494292686,952391,27282838.75,2023-10-31,2.3589,2664554949.72,1157940545.28,1.446,41.0897
1837,SHSE.688176,亚虹医药,11.11,11.22,12.08,11.22,11.49,3.4203420342034274,7.740774077407736,26784932,312089444.31,2023-10-31,7.2749,6549300000.0,4230393922.02,2.6028,-18.6155
1838,SHSE.688177,百奥泰,37.46,37.8,39.16,36.8,38.11,1.735184196476247,6.300053390282967,3520091,133887792.58,2023-10-31,0.8501,15780588800.0,15780588800.0,12.8808,-25.9995
1839,SHSE.688178,万德斯,17.85,17.86,18.12,17.77,18.05,1.1204481792717047,1.960784313725498,784326,14107868.27,2023-10-31,0.9228,1539368925.85,1534211084.2,1.2601,-166.8312
1840,SHSE.688179,阿拉丁,21.38,21.2,21.79,20.9,21.16,-1.0289990645462987,4.162768942937327,8359768,178058745.75,2023-10-31,4.2193,4192425446.52,4192425446.52,4.3944,51.4535
1841,SHSE.688180,君实生物,45.72,46.45,47.14,45.4,45.88,0.34995625546807574,3.8057742782152273,10326144,477218041.68,2023-10-31,2.0546,45223451281.48,23059211609.8,5.6076,-20.5548
1842,SHSE.688181,八亿时空,28.24,28.26,28.47,27.91,28.2,-0.14164305949008194,1.9830028328611853,1401296,39460964.6,2023-10-31,1.042,3792379597.2,3792379597.2,1.844,30.3407
1843,SHSE.688182,灿勤科技,21.47,21.49,22.1,21.15,21.66,0.8849557522123908,4.424778761061961,5532183,119781272.57,2023-10-31,5.6702,8664000000.0,2113262232.0,4.0934,187.5201
1844,SHSE.688183,生益电子,10.75,10.7,10.92,10.69,10.77,0.18604651162790198,2.139534883720934,2711611,29231909.24,2023-10-31,0.8794,8958714054.75,3320811030.0,2.2776,150.9539
1845,SHSE.688184,帕瓦股份,21.15,21.16,21.31,20.9,21.02,-0.6146572104018921,1.9385342789598117,427767,8998796.08,2023-10-31,0.7165,3389556431.48,1254880925.56,1.094,55.0264
1846,SHSE.688185,康希诺,78.79,77.76,79.62,77.65,79.4,0.7742099251174084,2.5003172991496365,2007774,158694714.83,2023-10-31,1.7493,19647521980.6,9113452520.6,3.4047,-13.8358
1847,SHSE.688186,广大特材,19.72,19.73,20.05,19.3,19.5,-1.1156186612576002,3.803245436105477,3604188,70730272.73,2023-10-31,1.6823,4177691134.5,4177691134.5,1.2736,31.5501
1848,SHSE.688187,时代电气,39.39,39.19,39.33,38.59,38.74,-1.650165016501648,1.8786494034018657,2529173,98181166.46,2023-10-31,0.973,54865017970.88,10070116044.56,1.5295,18.0104
1849,SHSE.688188,柏楚电子,245.95,243.29,244.58,237.05,239.61,-2.5777597072575653,3.0615978857491366,414540,99455114.59,2023-10-31,0.2834,35053172282.1,35053172282.1,7.3392,52.7059
1850,SHSE.688189,南新制药,10.57,10.1,10.22,9.8,9.96,-5.7710501419110605,3.973509933774834,8933563,89654397.58,2023-10-31,3.2557,2733024000.0,2733024000.0,2.0783,-29.4838
1851,SHSE.688190,云路股份,70.75,69.9,69.9,66.0,66.14,-6.515901060070672,5.512367491166086,996984,66651216.41,2023-10-31,1.8089,7936800000.0,3645372240.0,3.6268,25.3031
1852,SHSE.688191,智洋创新,18.84,18.7,19.11,17.92,18.17,-3.5562632696390595,6.316348195329074,4365483,79611186.25,2023-10-31,5.9667,2789322978.99,1329399818.99,3.2588,78.9083
1853,SHSE.688192,迪哲医药,43.91,43.83,44.86,42.71,43.58,-0.7515372352539296,4.8963789569574105,2814075,122381072.74,2023-10-31,2.3781,17787236704.6,5157038428.4,16.4351,-16.8623
1854,SHSE.688193,仁度生物,47.22,47.22,48.69,46.05,48.04,1.7365523083439305,5.590851334180433,320952,15395224.14,2023-10-31,1.0786,1921600000.0,1429553662.8,2.0199,-219.1973
1855,SHSE.688195,腾景科技,31.44,31.11,31.42,29.9,30.43,-3.2124681933842325,4.834605597964386,3898046,118841174.2,2023-10-31,4.763,3936120500.0,2490391200.0,4.4118,88.0015
1856,SHSE.688196,卓越新能,44.86,43.8,43.8,41.0,41.3,-7.935800267498894,6.241640659830578,988446,41154220.73,2023-10-31,0.8237,4956000000.0,4956000000.0,1.8016,28.385
1857,SHSE.688197,首药控股,44.49,44.03,47.3,43.6,45.7,2.719712294897736,8.31647561249718,656693,30264681.31,2023-10-31,1.1991,6796473975.1,2502739569.4,6.349,-35.6383
1858,SHSE.688198,佰仁医疗,136.68,135.1,135.1,131.53,133.75,-2.1436932982148105,2.6119402985074576,220106,29221923.74,2023-10-31,0.1612,18267473350.0,18267473350.0,15.8021,172.936
1859,SHSE.688199,久日新材,29.02,28.7,29.3,28.65,28.98,-0.1378359751895264,2.23983459682978,1017862,29465646.83,2023-10-31,0.9151,3223352664.0,3223352664.0,1.2135,-26.9555
1860,SHSE.688200,华峰测控,119.1,119.04,122.28,118.93,120.2,0.9235936188077387,2.8127623845507927,839214,101119881.42,2023-10-31,0.62,16269556449.4,16269556449.4,4.9484,47.5979
1861,SHSE.688201,信安世纪,22.25,22.38,22.67,22.03,22.13,-0.5393258426966363,2.876404494382025,1415328,31521673.49,2023-10-31,1.5021,4758060893.43,2085200998.27,3.5006,48.9232
1862,SHSE.688202,美迪西,76.3,72.26,74.43,70.9,71.68,-6.055045871559617,4.626474442988206,4208730,304835775.14,2023-10-31,3.8336,9641944954.88,7869312675.84,3.6103,55.0816
1863,SHSE.688203,海正生材,13.27,13.33,13.33,13.06,13.22,-0.37678975131875125,2.0346646571213234,1206597,15926873.57,2023-10-31,1.6503,2679404058.96,966552524.78,1.8166,63.3667
1864,SHSE.688205,德科立,52.35,52.26,54.85,51.7,54.06,3.2664756446991516,6.017191977077361,2199349,118523791.93,2023-10-31,4.518,5446221775.26,2631608039.64,2.5162,63.5248
1865,SHSE.688206,概伦电子,24.12,24.12,24.4,23.82,23.98,-0.5804311774461057,2.4046434494195617,3053426,73549303.41,2023-10-31,1.9594,10402630591.1,3736884284.54,4.9206,-725.5513
1866,SHSE.688207,格灵深瞳,19.29,19.38,19.39,18.53,18.69,-3.1104199066873894,4.458268532918607,5513521,104047442.77,2023-10-31,3.0863,4840208117.43,3338836305.63,2.056,154.4678
1867,SHSE.688208,道通科技,28.29,28.29,28.35,27.4,27.78,-1.8027571580063517,3.35807705903147,3954810,109712238.99,2023-10-31,0.8752,12553021439.16,12553021439.16,4.0246,47.1327
1868,SHSE.688209,英集芯,16.78,16.86,16.88,16.5,16.78,0.0,2.264600715137062,4249652,71054958.92,2023-10-31,1.4751,7047600000.0,4834324175.04,4.0349,129.1655
1869,SHSE.688210,统联精密,24.99,24.8,24.93,23.35,23.85,-4.56182472989195,6.322529011604636,3836239,91761151.13,2023-10-31,3.6904,3774198462.75,2479284654.75,3.121,74.4896
1870,SHSE.688211,中科微至,35.8,35.2,36.0,34.71,35.6,-0.5586592178770777,3.60335195530726,1331570,46902793.8,2023-10-31,2.0483,4685269648.8,2314309648.8,1.3179,-29.9476
1871,SHSE.688212,澳华内镜,66.5,65.8,68.5,65.4,66.3,-0.300751879699257,4.661654135338337,900769,60306596.01,2023-10-31,0.9843,8881216500.0,6067179300.0,6.6117,152.2836
1872,SHSE.688213,思特威,49.36,49.47,51.45,48.83,50.5,2.309562398703413,5.307941653160463,7218209,363020793.32,2023-10-31,2.2584,20200505000.0,16140421200.5,5.4795,-189.5628
1873,SHSE.688215,瑞晟智能,35.39,35.58,35.58,34.8,35.2,-0.5368748233964382,2.2040124328906505,298956,10510295.2,2023-10-31,0.7466,1409408000.0,1409408000.0,3.1366,167.6929
1874,SHSE.688216,气派科技,27.27,27.3,27.85,27.1,27.43,0.5867253392005889,2.7502750275027505,1427499,39196490.01,2023-10-31,3.2591,2914986100.0,1201434000.0,3.7652,-21.4481
1875,SHSE.688217,睿昂基因,37.99,38.2,38.37,37.77,38.25,0.6843906291129187,1.57936299026058,614497,23442045.57,2023-10-31,1.6385,2136488022.0,1434545748.0,2.2113,94.1974
1876,SHSE.688218,江苏北人,19.95,19.0,19.51,18.0,18.3,-8.270676691729317,7.56892230576442,8436422,154683520.41,2023-10-31,7.1447,2160850732.5,2160850732.5,2.4136,29.3723
1877,SHSE.688219,会通股份,11.06,11.1,11.1,10.7,10.8,-2.3508137432188048,3.616636528028936,5489162,59455664.76,2023-10-31,1.7223,4960274792.4,3442103370.0,2.8273,38.3919
1878,SHSE.688220,翱捷科技,65.15,65.0,66.3,64.66,65.23,0.12279355333844055,2.51726784343822,2647026,173178366.69,2023-10-31,1.1829,27285766989.47,14596567196.64,4.2101,-55.4874
1879,SHSE.688221,前沿生物,10.98,11.01,11.54,11.01,11.3,2.914389799635697,4.826958105646624,11114336,125896671.35,2023-10-31,5.1781,4232738778.9,2425422428.9,2.9617,-11.3563
1880,SHSE.688222,成都先导,16.16,16.11,17.09,16.1,16.37,1.299504950495045,6.126237623762367,14998261,247699256.32,2023-10-31,3.7432,6559131600.0,6559131600.0,4.9164,198.016
1881,SHSE.688223,晶科能源,9.37,9.72,9.8,9.35,9.48,1.1739594450373758,4.802561366061911,99365783,948218103.33,2023-10-31,3.2252,94800000000.0,29206877964.0,2.9494,12.4499
1882,SHSE.688225,亚信安全,17.49,18.1,18.1,17.01,17.27,-1.2578616352201144,6.232132647226987,1666576,29119875.0,2023-10-31,0.8771,6908172700.0,3281591034.04,3.1529,128.4019
1883,SHSE.688226,威腾电气,17.63,17.96,18.14,17.3,17.51,-0.6806579693703796,4.764605785592739,3596518,63406718.31,2023-10-31,4.2683,2731560000.0,1475427620.0,2.7696,26.192
1884,SHSE.688227,品高股份,19.95,19.95,20.08,19.7,19.81,-0.7017543859649145,1.9047619047618998,820970,16311675.95,2023-10-31,1.3139,2239624997.75,1237817845.95,1.6225,122.8943
1885,SHSE.688228,开普云,38.9,39.0,39.86,38.2,38.78,-0.30848329048842604,4.267352185089965,1255415,48836496.67,2023-10-31,1.8594,2618357347.2,2618357347.2,2.0932,37.8338
1886,SHSE.688229,博睿数据,47.93,47.92,47.92,44.3,44.86,-6.405174212393073,7.5526809931149685,1591643,73015228.12,2023-10-31,3.5848,1991784000.0,1991784000.0,3.433,-18.859
1887,SHSE.688230,芯导科技,43.3,43.25,43.82,42.7,43.28,-0.04618937644340626,2.5866050808314034,525844,22682946.23,2023-10-31,1.8439,5089728000.0,1234259040.0,2.3213,61.803
1888,SHSE.688231,隆达股份,23.17,23.11,23.29,22.95,23.23,0.2589555459646009,1.4674147604661192,878299,20322541.73,2023-10-31,0.7468,5734491431.89,2731918828.27,2.0496,55.9726
1889,SHSE.688232,新点软件,35.83,35.97,36.47,35.2,36.22,1.088473346357799,3.544515768908725,1431699,51177931.13,2023-10-31,1.4752,11952600000.0,3515166031.3,2.2432,39.1879
1890,SHSE.688233,神工股份,31.42,31.68,31.72,31.01,31.5,0.25461489497136114,2.259707192870774,1740175,54657229.5,2023-10-31,1.0876,5364630684.0,5040000000.0,2.9555,-295.2014
1891,SHSE.688234,天岳先进,60.17,61.32,61.51,59.31,60.7,0.8808376267242846,3.656307129798896,5769629,350863118.25,2023-10-31,2.2025,26083460370.8,15900945777.6,5.0357,-207.5204
1892,SHSE.688235,百济神州,148.46,149.11,151.49,146.7,148.5,0.026943284386371502,3.226458305267426,1439849,214649084.35,2023-10-31,1.3036,204419912895.0,16402277628.0,7.4843,-16.7596
1893,SHSE.688236,春立医疗,27.65,27.95,30.0,27.05,29.98,8.426763110307412,10.66907775768535,3010496,86833463.24,2023-10-31,3.8716,11499383630.0,2331171199.1,4.1361,41.2705
1894,SHSE.688237,超卓航科,44.41,44.7,45.12,43.91,44.34,-0.1576221571717884,2.7246115739698284,295420,13107364.49,2023-10-31,0.7742,3973010765.4,1691897519.76,2.9858,88.0736
1895,SHSE.688238,和元生物,9.68,9.72,9.9,9.57,9.62,-0.6198347107438051,3.40909090909091,10657249,103430649.85,2023-10-31,2.4657,6228306422.0,4157921844.96,2.9376,-94.3847
1896,SHSE.688239,航宇科技,49.5,49.4,50.49,49.13,50.29,1.5959595959595951,2.7474747474747465,2427712,121107369.92,2023-10-31,2.3446,7423364632.92,5207302038.33,4.572,34.33
1897,SHSE.688244,永信至诚,50.24,49.92,51.0,48.7,49.42,-1.6321656050955369,4.578025477707,773398,38213066.71,2023-10-31,2.7089,3425316409.76,1410933241.06,3.3714,80.9454
1898,SHSE.688246,嘉和美康,32.33,31.85,33.23,31.5,33.08,2.319826786266632,5.351067120321673,2187637,70771396.02,2023-10-31,2.1615,4579212365.16,3348076122.28,2.4978,54.1402
1899,SHSE.688247,宣泰医药,11.64,11.71,12.66,11.64,12.15,4.381443298969079,8.76288659793814,7823325,95195097.7,2023-10-31,5.5167,5508081000.0,1723004865.0,4.6158,78.7865
1900,SHSE.688248,南网科技,27.12,26.8,27.35,26.65,26.82,-1.106194690265494,2.5811209439528127,2157076,58102479.58,2023-10-31,2.6427,15145254000.0,2189158362.0,5.6581,65.9595
1901,SHSE.688249,晶合集成,16.51,16.42,16.88,16.41,16.68,1.0296789824348673,2.8467595396729184,8952025,149545804.18,2023-10-31,2.5495,33462334418.76,5856882193.68,1.4613,-111.8084
1902,SHSE.688251,井松智能,28.52,28.44,28.52,27.92,28.22,-1.051893408134641,2.1037868162692774,524534,14819836.93,2023-10-31,1.5073,1677071254.08,982031984.78,2.1665,30.4238
1903,SHSE.688252,天德钰,19.61,19.7,20.7,19.4,19.72,0.5609382967873611,6.62927078021418,8408829,166399695.45,2023-10-31,4.6588,8065900844.52,3559350889.24,4.2358,167.545
1904,SHSE.688253,英诺特,22.56,22.35,22.82,22.03,22.65,0.3989361702127603,3.501773049645387,2510537,56541894.4,2023-10-31,3.7539,3081777482.4,1514795329.65,1.7561,28.136
1905,SHSE.688255,凯尔达,23.89,23.91,24.09,23.46,23.77,-0.5023022185014714,2.6370866471326875,642586,15257803.07,2023-10-31,0.9166,2611345339.9,1666337684.81,2.3474,135.3763
1906,SHSE.688256,寒武纪,109.68,109.41,109.76,106.1,107.23,-2.2337709700948283,3.336980306345743,7273881,780631939.57,2023-10-31,2.7299,44671422980.73,28571521964.75,7.6906,-39.9024
1907,SHSE.688257,新锐股份,25.6,25.36,26.36,25.35,26.02,1.6406249999999956,3.945312499999992,1536185,39873136.94,2023-10-31,1.6091,3380518400.0,2484134604.0,1.6071,20.5859
1908,SHSE.688258,卓易信息,55.95,56.65,56.65,54.23,55.26,-1.2332439678284235,4.325290437890977,1515158,83670970.31,2023-10-31,1.7424,4805221218.66,4805221218.66,4.6347,65.3649
1909,SHSE.688259,创耀科技,72.42,72.0,73.38,69.9,70.71,-2.3612261806130963,4.805302402651187,2273978,162219000.09,2023-10-31,3.9677,5656800000.0,4052588088.0,3.7721,94.5301
1910,SHSE.688260,昀冢科技,32.12,32.22,34.39,31.7,32.53,1.2764632627646488,8.374844333748447,7667659,251653722.58,2023-10-31,11.2567,3903600000.0,2215821937.8,9.8973,-28.5905
1911,SHSE.688261,东微半导,83.69,83.16,84.89,83.0,83.79,0.11948858883976676,2.2583343290715745,1024099,85865817.09,2023-10-31,1.734,7903652124.06,4948570451.79,2.7571,36.5962
1912,SHSE.688262,国芯科技,29.17,29.5,30.38,29.04,30.0,2.8453890983887398,4.593760713061363,8535349,254039278.52,2023-10-31,3.2338,10079997390.0,7918313940.0,3.9291,-127.6634
1913,SHSE.688265,南模生物,41.2,40.89,41.18,39.9,40.21,-2.4029126213592322,3.106796116504857,407400,16488936.29,2023-10-31,0.8342,3134912857.73,1963685949.81,1.7859,-157.2463
1914,SHSE.688266,泽璟制药,45.89,45.74,46.4,44.89,45.5,-0.8498583569405138,3.2904772281542773,3365320,153521057.16,2023-10-31,2.002,12044222463.0,7648608513.0,6.9534,-40.674
1915,SHSE.688267,中触媒,19.69,19.62,19.76,19.44,19.56,-0.6602336211274928,1.6251904520060958,651467,12741904.79,2023-10-31,0.8134,3446472000.0,1566552439.08,1.3069,31.7224
1916,SHSE.688268,华特气体,68.4,69.16,70.4,68.8,69.61,1.769005847953209,2.33918128654972,1566746,109166254.12,2023-10-31,1.3033,8386849056.34,8368054356.34,5.1213,59.1431
1917,SHSE.688269,凯立新材,42.8,42.8,42.99,41.52,41.99,-1.8925233644859651,3.434579439252334,1202389,50397350.65,2023-10-31,1.4692,5488260960.0,3436335630.0,5.6352,38.1965
1918,SHSE.688270,臻镭科技,54.56,54.4,57.99,53.28,55.9,2.4560117302052653,8.632697947214076,6636745,372398376.7,2023-10-31,6.4443,8546774600.0,5756900350.5,4.0739,112.0891
1919,SHSE.688271,联影医疗,119.99,119.0,120.9,118.28,119.36,-0.5250437536461372,2.1835152929410824,2997204,358525663.34,2023-10-31,0.5086,98371497447.68,70338725775.36,5.4671,54.0038
1920,SHSE.688272,*ST富吉,18.89,18.83,18.95,18.68,18.84,-0.2646903123345701,1.429327686606668,247082,4633795.67,2023-10-31,0.8943,1431840000.0,520523784.84,2.7562,-15.8484
1921,SHSE.688273,麦澜德,31.7,31.76,31.93,31.03,31.44,-0.8201892744479466,2.839116719242898,436054,13742667.71,2023-10-31,1.3082,3163492800.0,1047975812.16,2.3141,29.1368
1922,SHSE.688275,万润新能,59.85,59.8,61.12,59.51,60.86,1.6875522138680044,2.6900584795321625,790674,47802325.86,2023-10-31,1.0964,7675569658.18,4388915674.42,1.048,-9.8141
1923,SHSE.688276,百克生物,65.2,64.2,64.3,62.58,63.6,-2.4539877300613466,2.638036809815949,2056765,130319847.95,2023-10-31,0.8522,26256668392.8,15350020017.6,6.822,87.2869
1924,SHSE.688277,天智航,14.24,14.27,14.47,14.12,14.25,0.0702247191011196,2.457865168539336,4045880,57672641.44,2023-10-31,1.1925,6403835130.75,4834714050.75,4.8519,-63.8322
1925,SHSE.688278,特宝生物,43.22,43.14,44.42,42.9,43.96,1.7121702915317005,3.5168903285516038,3196392,140452515.87,2023-10-31,0.7857,17882928000.0,17882928000.0,10.5825,39.2582
1926,SHSE.688279,峰岹科技,107.19,106.8,107.35,103.6,105.1,-1.9498087508163064,3.498460677301987,259335,27264996.12,2023-10-31,0.4704,9707391238.0,5793797882.6,4.1433,64.6763
1927,SHSE.688280,精进电动,7.91,7.91,7.95,7.62,7.7,-2.6548672566371723,4.171934260429837,3954972,30651746.22,2023-10-31,0.8604,4544706835.9,3539382354.2,3.619,-10.8364
1928,SHSE.688281,华秦科技,141.08,139.46,142.58,137.37,139.13,-1.3821944995747182,3.692940175786793,597512,83052566.19,2023-10-31,1.7629,19348345936.23,4715598620.23,4.7879,47.8768
1929,SHSE.688282,理工导航,49.15,49.15,51.3,48.18,50.18,2.095625635808762,6.347914547304166,1458970,72934120.44,2023-10-31,4.0647,4415840000.0,1801155902.0,3.0115,1141.8138
1930,SHSE.688283,坤恒顺维,62.4,62.08,62.39,60.31,60.88,-2.4358974358974272,3.3333333333333304,600146,36567552.73,2023-10-31,1.0363,5113920000.0,3525542779.52,5.4804,52.2445
1931,SHSE.688285,高铁电气,8.96,8.96,9.01,8.84,8.94,-0.22321428571430157,1.8973214285714277,2896552,25865828.0,2023-10-31,3.0782,3364031822.22,841254000.0,2.0827,27.0171
1932,SHSE.688286,敏芯股份,52.42,52.21,53.38,51.95,52.77,0.6676840900419645,2.7279664250286144,855514,45000521.86,2023-10-31,1.5963,2828083296.18,2828083296.18,2.9741,-23.9271
1933,SHSE.688287,观典防务,10.5,10.47,10.52,10.29,10.45,-0.4761904761904856,2.1904761904761942,4476023,46591963.02,2023-10-31,1.2081,3871888020.0,3871888020.0,3.673,46.4191
1934,SHSE.688288,鸿泉物联,25.03,25.02,25.02,23.99,24.32,-2.8365960846983618,4.115061925689177,1278999,31216467.32,2023-10-31,1.2746,2440364134.4,2440364134.4,3.1357,-29.2278
1935,SHSE.688289,圣湘生物,16.11,16.23,16.85,16.19,16.72,3.7864680322780897,4.096834264432031,6813703,113603351.15,2023-10-31,1.1579,9839047906.16,9839047906.16,1.327,15.4179
1936,SHSE.688290,景业智能,42.58,42.54,42.85,41.33,41.56,-2.395490840770309,3.569751056834202,399244,16788366.27,2023-10-31,0.8306,4247004513.84,1997565565.64,3.465,57.3168
1937,SHSE.688291,金橙子,30.11,30.02,30.23,29.13,29.35,-2.5240783792759847,3.6532713384257773,1382766,41007061.54,2023-10-31,4.2076,3013267645.0,964533892.75,3.2462,74.5124
1938,SHSE.688292,浩瀚深度,27.68,27.8,27.94,27.0,27.25,-1.55346820809249,3.395953757225438,3122130,85432599.01,2023-10-31,3.8639,4282246675.75,2201871177.0,4.1715,56.4718
1939,SHSE.688293,奥浦迈,54.97,53.0,57.18,52.78,55.67,1.273421866472635,8.004366017827904,1848994,103127372.23,2023-10-31,2.4348,6389382848.2,4227612533.96,2.9617,97.606
1940,SHSE.688295,中复神鹰,28.15,28.26,28.26,27.55,27.74,-1.4564831261101197,2.5222024866785113,934139,25984335.61,2023-10-31,0.7396,24966000000.0,3503829385.86,5.1794,52.5994
1941,SHSE.688296,和达科技,15.0,14.94,15.15,14.24,14.46,-3.599999999999992,6.066666666666667,2656639,38533871.76,2023-10-31,4.425,1552905093.6,868142799.48,2.1855,-125.9536
1942,SHSE.688297,中无人机,45.84,45.7,45.97,45.2,45.37,-1.0253054101221792,1.67975567190226,1485138,67627454.95,2023-10-31,0.8047,30624750000.0,8373893851.31,5.2966,120.456
1943,SHSE.688298,东方生物,39.24,38.51,39.29,38.11,39.29,0.12742099898062076,3.0071355759429146,2639144,101854660.21,2023-10-31,1.3091,7920864000.0,7920864000.0,1.0181,-7.4994
1944,SHSE.688299,长阳科技,14.37,14.41,14.51,14.02,14.1,-1.8789144050104345,3.409881697981908,3654484,51747192.08,2023-10-31,1.2741,4044358173.3,4044358173.3,1.9136,52.5891
1945,SHSE.688300,联瑞新材,46.95,46.95,47.8,45.91,46.13,-1.7465388711395136,4.025559105431311,600653,27930718.5,2023-10-31,0.3234,8568441345.03,8568441345.03,6.6016,47.1298
1946,SHSE.688301,奕瑞科技,223.06,222.26,224.89,217.02,223.45,0.17484084999550564,3.528198690935164,226993,50141652.78,2023-10-31,0.223,22740091553.35,22740091553.35,5.8765,40.1595
1947,SHSE.688302,海创药业,45.15,45.2,46.73,44.7,45.7,1.218161683277974,4.496124031007739,1331380,61249687.47,2023-10-31,1.856,4525012828.6,3278246496.3,3.2226,-14.2731
1948,SHSE.688303,大全能源,35.98,35.97,36.08,35.43,35.7,-0.7782101167315036,1.8065591995553048,2617190,93327654.61,2023-10-31,0.5034,76574276425.5,18561776425.5,1.7634,8.3679
1949,SHSE.688305,科德数控,71.76,72.01,72.34,70.68,71.37,-0.5434782608695676,2.3132664437012216,538350,38311810.8,2023-10-31,1.0124,6650096517.09,3795296517.09,6.0665,72.3615
1950,SHSE.688306,均普智能,5.36,5.25,5.26,4.97,5.05,-5.783582089552253,5.41044776119403,18714060,94732683.4,2023-10-31,4.1006,6202828140.0,2304677473.85,3.2381,-55.7392
1951,SHSE.688307,中润光学,28.8,28.99,29.3,28.25,28.62,-0.6249999999999978,3.6458333333333357,762146,21811635.55,2023-10-31,3.9973,2518560000.0,545686693.02,3.0976,84.7684
1952,SHSE.688308,欧科亿,31.44,31.0,31.4,30.65,30.86,-1.8447837150127322,2.3854961832061066,1193387,36983088.13,2023-10-31,1.0751,4900003508.88,3425485552.08,1.8989,22.9852
1953,SHSE.688309,恒誉环保,20.67,20.5,21.42,20.4,21.0,1.5965166908562978,4.934687953555892,1082394,22447709.54,2023-10-31,1.3528,1680225393.0,1680225393.0,2.3366,63.9329
1954,SHSE.688310,迈得医疗,38.52,38.64,38.69,36.51,37.36,-3.011422637590866,5.659397715472481,2102878,78684310.36,2023-10-31,1.7903,4388369298.8,4388369298.8,5.1069,36.7215
1955,SHSE.688311,盟升电子,54.36,54.0,56.9,51.23,51.38,-5.481972038263427,10.430463576158944,7817285,421423129.66,2023-10-31,4.8778,8249461202.64,8234226005.04,4.719,298.3948
1956,SHSE.688312,燕麦科技,18.0,18.0,18.18,17.46,17.62,-2.111111111111108,3.999999999999994,1034859,18328899.27,2023-10-31,0.7144,2552231204.32,2552231204.32,1.9428,41.895
1957,SHSE.688313,仕佳光子,13.33,13.06,13.2,12.66,12.98,-2.6256564141035277,4.0510127531882905,20807962,269215198.8,2023-10-31,4.5353,5955254217.44,5955254217.44,5.1236,-194.2034
1958,SHSE.688314,康拓医疗,31.38,31.36,31.6,30.74,31.18,-0.6373486297004405,2.7405991077119283,794317,24694748.0,2023-10-31,2.1651,2533037382.96,1143925105.12,4.393,33.7081
1959,SHSE.688315,诺禾致源,22.65,22.66,22.73,22.07,22.4,-1.103752759381893,2.9139072847682126,1626897,36419291.92,2023-10-31,1.4802,9322880000.0,2461928380.8,4.4754,49.1544
1960,SHSE.688316,青云科技,57.64,55.91,56.7,52.6,53.8,-6.662040249826518,7.113115891741849,4590239,246782863.09,2023-10-31,12.7753,2570886100.6,1933061922.2,11.3664,-16.2102
1961,SHSE.688317,之江生物,22.69,22.85,22.95,22.57,22.67,-0.08814455707359947,1.674746584398409,1366986,31099511.42,2023-10-31,1.1048,4413947614.5,2805022349.3,1.1045,26.4998
1962,SHSE.688318,财富趋势,142.59,145.9,149.3,144.46,144.46,1.3114524160179553,3.394347429693529,3479482,511336474.11,2023-10-31,2.6627,18877050472.0,18877050472.0,5.6856,66.254
1963,SHSE.688319,欧林生物,19.9,19.9,20.2,19.47,20.0,0.5025125628140836,3.668341708542716,1928224,38371362.81,2023-10-31,0.669,8123166000.0,5764515000.0,8.7854,486.8747
1964,SHSE.688320,禾川科技,40.92,40.99,42.22,39.91,40.81,-0.26881720430107503,5.645161290322586,3773264,154720271.12,2023-10-31,3.632,6162867791.08,4239754532.09,3.911,96.7746
1965,SHSE.688321,微芯生物,24.41,23.5,23.65,22.55,23.43,-4.0147480540762,4.506349856616132,7554302,176430412.3,2023-10-31,1.8367,9636449583.42,9636449583.42,5.9922,57.4353
1966,SHSE.688322,奥比中光,30.12,30.24,30.8,29.45,29.87,-0.8300132802124827,4.482071713147414,3249459,98290083.52,2023-10-31,1.4845,11948029870.0,6538347052.8,3.8506,-43.2229
1967,SHSE.688323,瑞华泰,20.25,20.39,20.39,19.72,19.89,-1.7777777777777781,3.30864197530865,1063486,21203460.41,2023-10-31,1.0881,3580203182.4,1943930095.38,4.0319,-859.0522
1968,SHSE.688325,赛微微电,39.9,39.77,41.18,39.71,40.17,0.6766917293233199,3.684210526315787,1245094,50139888.96,2023-10-31,3.3199,3347403337.59,1506540379.89,2.0199,73.6773
1969,SHSE.688326,经纬恒润,112.49,112.49,115.3,110.85,112.92,0.3822562005511676,3.9559071917503803,994308,112846834.24,2023-10-31,1.3344,13550400000.0,8414166160.92,2.6543,-250.9705
1970,SHSE.688327,云从科技,13.77,13.7,13.89,13.39,13.56,-1.525054466230935,3.631082062454612,15212194,206581290.51,2023-10-31,2.0249,14060889951.72,10186804487.64,7.7963,-20.6564
1971,SHSE.688328,深科达,25.91,25.97,27.35,25.1,25.46,-1.7367811655731313,8.683905827865688,5294878,139157890.08,2023-10-31,11.0061,2063280284.04,1224839583.94,3.0441,-19.8877
1972,SHSE.688329,艾隆科技,25.95,25.43,26.02,25.26,25.52,-1.6570327552986486,2.9287090558766784,919027,23498069.43,2023-10-31,2.0126,1970144000.0,1165332520.0,2.4297,22.7542
1973,SHSE.688330,宏力达,30.12,30.19,30.19,29.45,29.8,-1.0624169986719778,2.4568393094289576,677555,20123300.44,2023-10-31,0.8461,4172000000.0,2386366149.8,1.1757,28.9821
1974,SHSE.688331,荣昌生物,63.97,65.65,68.6,64.65,64.99,1.5944974206659301,6.174769423167092,5843528,387071084.33,2023-10-31,3.645,35371652564.97,10418835650.57,8.9407,-26.3732
1975,SHSE.688332,中科蓝讯,73.27,75.8,78.21,69.5,70.99,-3.1117783540330346,11.887539238433185,3388474,243727113.28,2023-10-31,7.914,8518800000.0,3039518559.49,2.3005,38.7192
1976,SHSE.688333,铂力特,111.58,107.5,110.57,105.67,107.33,-3.8089263308836663,4.391468005018813,2030710,218666820.11,2023-10-31,1.2673,17198616621.55,17198616621.55,10.4479,122.7719
1977,SHSE.688334,西高院,17.05,16.93,17.33,16.93,17.18,0.7624633431084993,2.3460410557184668,1850147,31711867.73,2023-10-31,2.5056,5438835225.88,1268558813.22,1.8282,32.2094
1978,SHSE.688335,复洁环保,12.91,12.91,13.03,12.7,12.84,-0.5422153369481042,2.556158017041054,1460259,18724370.48,2023-10-31,1.4476,1896438994.44,1295255133.12,1.5655,27.828
1979,SHSE.688336,三生国健,22.83,22.99,23.93,22.51,23.1,1.182654402102501,6.219886114761271,6052195,140530481.39,2023-10-31,6.5259,14247751818.3,2142328442.1,2.9832,67.1948
1980,SHSE.688337,普源精电,42.02,41.95,42.4,40.62,42.02,0.0,4.236078058067589,1555279,64669244.21,2023-10-31,2.7627,7778885940.32,2365569559.54,2.7307,70.4532
1981,SHSE.688338,赛科希德,31.21,31.21,32.18,31.06,31.98,2.467157962191613,3.588593399551429,1936135,61506961.57,2023-10-31,3.0401,3394433952.0,2036696828.4,2.1605,29.8517
1982,SHSE.688339,亿华通,49.54,49.5,49.76,48.66,49.19,-0.7064997981429122,2.220427937020592,914789,45008155.08,2023-10-31,0.8035,8139261324.68,5600264726.21,2.6471,-30.726
1983,SHSE.688343,云天励飞,46.65,46.9,47.12,45.68,46.02,-1.3504823151125334,3.08681672025723,3080578,142157128.92,2023-10-31,3.765,16343253794.4,3765400671.24,3.685,-40.1188
1984,SHSE.688345,博力威,32.11,31.97,32.12,31.14,31.43,-2.11772033634382,3.052008720024905,1234469,38843963.9,2023-10-31,4.8649,3143000000.0,797536250.0,2.5634,196.7253
1985,SHSE.688347,华虹公司,45.98,45.75,46.13,45.13,45.32,-1.4354066985645897,2.174858634188778,4396657,200030415.6,2023-10-31,4.2286,77784980504.44,4712113100.64,1.8302,22.916
1986,SHSE.688348,昱能科技,121.56,121.96,123.8,117.52,122.29,0.6005264889766382,5.166173083251071,1474470,177163288.2,2023-10-31,2.5825,13696480000.0,6982204170.27,3.6515,47.5411
1987,SHSE.688349,三一重能,29.52,29.58,29.69,29.33,29.5,-0.06775067750677266,1.2195121951219614,1012979,29860222.12,2023-10-31,0.549,35562869942.5,5443340029.5,3.0195,21.7493
1988,SHSE.688350,富淼科技,16.8,16.84,16.84,16.45,16.57,-1.3690476190476253,2.3214285714285747,908055,15075054.89,2023-10-31,1.448,2024027140.43,1039134343.73,1.4096,24.3727
1989,SHSE.688351,微电生理,22.63,22.63,22.85,21.8,22.63,0.0,4.639858594785686,1460200,32818157.97,2023-10-31,1.1965,10649678000.0,2761671987.03,6.2955,903.7976
1990,SHSE.688352,颀中科技,13.08,13.2,13.49,13.11,13.28,1.5290519877675823,2.9051987767584158,11469300,152501166.04,2023-10-31,7.0363,15790415184.64,2164661978.4,2.7684,52.4074
1991,SHSE.688353,华盛锂电,30.65,30.6,30.78,30.16,30.32,-1.0766721044045635,2.0228384991843424,342871,10398675.5,2023-10-31,0.634,4836040000.0,1639640654.56,1.2793,79.6107
1992,SHSE.688355,明志科技,21.12,20.63,20.85,19.31,19.63,-7.054924242424255,7.291666666666679,2016810,40174264.62,2023-10-31,5.1471,2433257693.36,769169278.28,2.3292,206.072
1993,SHSE.688356,键凯科技,125.32,124.23,126.0,120.23,124.08,-0.9894669645706955,4.604213214171717,796980,97984471.02,2023-10-31,1.3148,7521071976.0,7521071976.0,5.8295,61.5879
1994,SHSE.688357,建龙微纳,56.3,56.3,56.9,55.18,56.49,0.3374777975133192,3.055062166962698,958726,53852398.23,2023-10-31,1.1519,4701651232.53,4701651232.53,2.879,23.6729
1995,SHSE.688358,祥生医疗,38.03,37.85,38.19,36.92,37.18,-2.2350775703392056,3.3394688403891557,1071243,40102863.86,2023-10-31,0.9554,4168790285.66,4168790285.66,3.0311,34.2617
1996,SHSE.688359,三孚新科,68.62,67.98,69.68,67.9,69.3,0.9909647333138816,2.5939959195569817,752390,51901334.83,2023-10-31,1.5057,6439356000.0,3462782400.0,13.1858,-223.4768
1997,SHSE.688360,德马科技,19.05,19.09,19.3,18.98,19.1,0.2624671916010568,1.6797900262467205,1133070,21652323.48,2023-10-31,0.9446,2570174615.6,2290992264.9,2.4562,30.2121
1998,SHSE.688361,中科飞测,81.7,82.38,83.84,80.1,82.63,1.1383108935128394,4.577723378212985,1604034,131330484.04,2023-10-31,2.6471,26441600000.0,5006968237.83,11.256,233.5709
1999,SHSE.688362,甬矽电子,30.32,30.99,31.19,28.88,29.14,-3.891820580474936,7.618733509234836,3941027,116528158.15,2023-10-31,8.2105,11879212400.0,1398720000.0,4.9213,85.9993
2000,SHSE.688363,华熙生物,76.7,75.59,78.38,73.88,76.46,-0.31290743155151235,5.867014341590612,2769835,211069508.6,2023-10-31,1.3976,36829118383.32,15152708383.32,5.3173,45.5874
2001,SHSE.688365,光云科技,11.2,11.18,11.24,10.8,10.88,-2.857142857142847,3.9285714285714244,5057704,55521034.14,2023-10-31,1.1877,4632972561.92,4632972561.92,4.7698,-29.1444
2002,SHSE.688366,昊海生科,100.41,100.06,100.8,97.7,99.1,-1.3046509311821608,3.0873418982173035,1048430,103667352.28,2023-10-31,0.7573,16978917559.6,13719013149.6,2.9762,49.1397
2003,SHSE.688367,工大高科,17.09,17.1,17.3,16.98,17.15,0.3510825043885335,1.872440023405502,801111,13722602.16,2023-10-31,1.2228,1493793126.0,1123546749.5,2.658,39.7674
2004,SHSE.688368,晶丰明源,110.83,116.0,117.63,112.4,112.71,1.696291617793011,4.718938915456095,1439631,163947388.24,2023-10-31,2.2874,7093640541.0,7093640541.0,4.9944,-177.0108
2005,SHSE.688369,致远互联,40.61,39.91,40.5,36.0,36.99,-8.914060576212746,11.08101452844127,3975884,147360383.7,2023-10-31,3.4525,4259710658.61,4259710658.61,2.9931,126.7724
2006,SHSE.688370,丛麟科技,25.31,25.3,25.46,25.04,25.33,0.0790201501382759,1.6594231529039973,323400,8160589.49,2023-10-31,0.7408,3503645600.0,1105806885.28,1.3142,24.9584
2007,SHSE.688371,菲沃泰,17.68,17.67,18.04,17.25,17.36,-1.8099547511312264,4.468325791855198,4160902,73310378.49,2023-10-31,3.9565,5823800100.16,1825667472.72,2.9174,-317.7728
2008,SHSE.688372,伟测科技,88.04,87.2,88.6,84.75,86.06,-2.2489777373920994,4.373012267151289,1570378,135271988.79,2023-10-31,2.0369,9756958694.6,6635009214.86,4.0396,58.4882
2009,SHSE.688373,盟科药业,7.15,7.24,7.29,7.1,7.18,0.41958041958041203,2.657342657342663,6860960,49386996.05,2023-10-31,1.9865,4704408403.12,2479849997.44,4.6697,-16.1673
2010,SHSE.688375,国博电子,81.66,81.8,85.0,81.51,83.7,2.4981631153563555,4.27381827087925,1139996,95137077.72,2023-10-31,0.6778,33480837000.0,14078475594.0,5.7313,58.8429
2011,SHSE.688376,美埃科技,38.21,38.37,38.75,36.8,38.0,-0.5495943470295805,5.103376079560332,2522737,95205426.34,2023-10-31,7.7983,5107200000.0,1229287384.0,3.2151,30.7575
2012,SHSE.688377,迪威尔,26.55,26.29,26.57,24.01,24.58,-7.419962335216579,9.642184557438789,3367434,82816445.62,2023-10-31,1.7298,4784914860.0,4784914860.0,2.7778,32.5218
2013,SHSE.688378,奥来德,35.5,35.04,35.5,33.42,33.88,-4.563380281690133,5.85915492957746,3017934,103216248.53,2023-10-31,3.1834,5037186957.88,3211936413.84,2.8567,50.9489
2014,SHSE.688379,华光新材,21.14,20.32,20.54,19.52,20.02,-5.298013245033117,4.824976348155154,3742998,74440253.51,2023-10-31,4.2176,1776725350.4,1776725350.4,1.9144,30.0692
2015,SHSE.688380,中微半导,24.07,24.0,24.3,23.83,24.05,-0.08309098462816467,1.9526381387619542,1567946,37690673.66,2023-10-31,1.2141,9628778250.0,3105834700.8,3.2136,-566.0993
2016,SHSE.688381,帝奥微,26.46,26.45,26.71,26.08,26.28,-0.6802721088435382,2.3809523809523907,1378581,36232705.76,2023-10-31,0.7398,6627816000.0,4897406772.0,2.1361,145.4465
2017,SHSE.688382,益方生物,17.46,17.5,17.83,17.01,17.47,0.05727376861395239,4.696449026345915,6675861,116954066.41,2023-10-31,1.6921,10045250000.0,6892266496.4,4.9654,-29.5671
2018,SHSE.688383,新益昌,88.96,88.6,92.58,86.3,91.58,2.9451438848920874,7.059352517985613,1768990,160162689.93,2023-10-31,5.6226,9353395088.0,2881310565.5,6.7744,178.3128
2019,SHSE.688385,复旦微电,45.99,45.5,50.5,44.6,48.4,5.240269623831262,12.828875842574469,10579072,501796951.34,2023-10-31,3.3481,39526174600.0,15293262600.0,7.6573,45.5469
2020,SHSE.688386,泛亚微透,40.21,40.2,40.85,39.72,40.2,-0.024869435463814593,2.810246207411098,891077,35942579.89,2023-10-31,1.273,2814000000.0,2814000000.0,4.3874,59.3959
2021,SHSE.688387,信科移动,7.65,7.69,7.71,7.42,7.48,-2.2222222222222254,3.7908496732026147,20060664,150683271.67,2023-10-31,3.0066,25572250000.0,4990813641.0,3.8082,-42.7908
2022,SHSE.688388,嘉元科技,20.56,20.51,20.63,20.18,20.3,-1.2645914396887115,2.1887159533073897,2834976,57629686.67,2023-10-31,0.6884,8652631968.4,8359642271.4,1.2346,75.8105
2023,SHSE.688389,普门科技,21.48,21.4,22.0,21.16,21.89,1.9087523277467433,3.910614525139664,3881929,84228610.53,2023-10-31,0.9104,9334265021.62,9334265021.62,5.7075,30.7715
2024,SHSE.688390,固德威,121.09,119.9,120.8,116.3,116.49,-3.7988273185234234,3.7162441159468167,2797116,328982597.27,2023-10-31,1.6179,20139668719.17,20139668719.17,6.7004,15.8959
2025,SHSE.688391,钜泉科技,51.64,51.6,51.81,50.5,51.06,-1.123160340821061,2.5367931835786255,765980,39217740.82,2023-10-31,1.7864,4264531200.0,2189419253.58,2.0941,25.0566
2026,SHSE.688392,骄成超声,78.88,78.88,81.88,75.95,79.53,0.8240365111561898,7.517748478701816,1261893,100724852.65,2023-10-31,2.6891,9130044000.0,3732020326.32,5.187,90.34
2027,SHSE.688393,安必平,25.36,25.64,26.36,25.64,25.8,1.7350157728706739,2.839116719242898,2349797,60889424.24,2023-10-31,2.5113,2414046634.2,2414046634.2,1.9097,65.8782
2028,SHSE.688395,正弦电气,23.04,22.91,23.04,22.38,22.6,-1.9097222222222099,2.864583333333334,756821,17108271.04,2023-10-31,1.9364,1943600000.0,883287552.0,2.71,40.2096
2029,SHSE.688396,华润微,54.02,53.6,53.75,52.65,53.15,-1.6105146242132662,2.0362828582006687,3018089,160096176.8,2023-10-31,0.2286,70162882412.15,70162882412.15,3.3522,43.4169
2030,SHSE.688398,赛特新材,30.32,30.32,30.74,29.84,30.37,0.16490765171504052,2.968337730870708,716381,21646767.7,2023-10-31,0.6176,3522920000.0,3522920000.0,3.51,34.3704
2031,SHSE.688399,硕世生物,50.85,50.95,52.93,50.48,52.89,4.011799410029493,4.818092428711903,1323558,69286379.53,2023-10-31,2.2579,3100411800.0,3100411800.0,0.8605,112.6106
2032,SHSE.688400,凌云光,23.89,24.15,24.67,23.71,23.88,-0.04185851820845965,4.018417748011724,3467917,83418310.96,2023-10-31,1.4472,11068380000.0,5722229167.56,2.7647,66.1912
2033,SHSE.688401,路维光电,29.04,28.8,29.38,28.48,28.76,-0.9641873278236845,3.0991735537190035,2326514,67130058.35,2023-10-31,2.0516,5560277787.2,3273754279.96,3.9094,38.886
2034,SHSE.688403,汇成股份,10.7,10.65,10.86,10.43,10.54,-1.4953271028037451,4.018691588785044,9521437,101130180.77,2023-10-31,2.2355,8799353581.74,4489205305.78,2.8658,49.7184
2035,SHSE.688408,中信博,76.88,76.04,79.56,73.69,77.64,0.9885535900104214,7.635275754422483,2165126,164731062.29,2023-10-31,1.5953,10545024427.2,10536949867.2,3.969,49.1903
2036,SHSE.688409,富创精密,79.55,80.54,80.98,77.95,79.2,-0.439974858579506,3.8089252042740434,1550077,122746650.19,2023-10-31,1.2868,16557024052.8,9540769312.8,3.5551,77.2378
2037,SHSE.688410,山外山,32.18,32.01,32.48,31.0,31.26,-2.858918582970782,4.599129894344304,1550656,48865282.25,2023-10-31,2.9535,6741159137.1,1641243186.06,4.0205,32.6192
2038,SHSE.688416,恒烁股份,57.16,57.82,61.51,57.33,61.51,7.610216934919523,7.312806158152554,2896494,172768308.55,2023-10-31,9.7974,5083019031.29,1818479179.6,3.1477,-41.8309
2039,SHSE.688418,震有科技,24.77,24.78,24.85,22.98,23.03,-7.0246265643924,7.549454985870008,15482212,368136326.09,2023-10-31,11.6752,4458838300.0,3053951600.14,5.0723,-26.9858
2040,SHSE.688419,耐科装备,37.4,37.88,37.88,36.37,36.71,-1.8449197860962552,4.037433155080228,1151359,42521193.77,2023-10-31,5.7615,3010220000.0,733594285.0,3.1676,66.2327
2041,SHSE.688420,美腾科技,26.98,26.91,27.1,26.34,26.44,-2.0014825796886515,2.81690140845071,512561,13599147.5,2023-10-31,2.3927,2338089200.0,566397680.0,1.615,31.141
2042,SHSE.688425,铁建重工,4.17,4.13,4.13,4.0,4.04,-3.1175059952038398,3.1175059952038344,53926349,217745420.06,2023-10-31,3.6487,21547327880.0,5970946280.0,1.3338,13.0104
2043,SHSE.688426,康为世纪,28.07,28.08,28.08,26.52,27.1,-3.4556465977912287,5.557534734592086,1346790,36462284.77,2023-10-31,3.6523,3041367092.8,999323312.9,1.7848,-141.169
2044,SHSE.688428,诺诚健华,10.81,10.81,11.1,10.68,10.83,0.18501387604070718,3.8852913968547633,5698591,61989411.29,2023-10-31,2.2199,19107601325.16,2780155979.1,2.6029,-22.0271
2045,SHSE.688429,时创能源,21.86,21.65,21.68,20.41,20.72,-5.215004574565418,5.809698078682524,2781829,58185092.99,2023-10-31,8.7602,8288016576.0,657969298.0,3.6283,30.6723
2046,SHSE.688432,有研硅,13.52,13.52,13.61,13.33,13.42,-0.7396449704141994,2.071005917159759,1662549,22330893.25,2023-10-31,1.1075,16743074598.36,2014647318.42,4.0678,58.6389
2047,SHSE.688433,华曙高科,33.71,33.4,33.5,32.08,32.81,-2.6698309107089813,4.212399881340853,2202354,72141286.27,2023-10-31,5.8583,13588878328.0,1233445884.76,7.2718,116.0454
2048,SHSE.688435,英方软件,61.6,61.5,62.36,60.21,61.0,-0.9740259740259716,3.490259740259738,1197070,73111469.98,2023-10-31,6.5013,5093500000.0,1123171101.0,4.5059,144.802
2049,SHSE.688439,振华风光,89.16,88.79,90.6,88.47,89.3,0.1570210856886467,2.3889636608344498,974080,87452685.2,2023-10-31,1.0235,17860000000.0,8499116784.0,3.956,37.7672
2050,SHSE.688443,智翔金泰,34.59,34.41,36.6,34.41,35.24,1.8791558253830498,6.3313096270598574,4105160,146894948.54,2023-10-31,4.9599,12921803200.0,2916712181.12,4.3679,-18.5968
2051,SHSE.688448,磁谷科技,30.07,30.11,31.2,30.11,30.94,2.893249085467242,3.6248752909876947,794740,24449782.09,2023-10-31,2.4412,2204818434.0,1007243500.9,2.2965,48.2224
2052,SHSE.688450,光格科技,39.5,39.25,39.69,38.87,38.95,-1.3924050632911356,2.0759493670886084,504834,19820039.54,2023-10-31,3.4122,2570700000.0,576263107.75,2.4185,45.8571
2053,SHSE.688455,科捷智能,12.6,12.58,12.71,12.49,12.66,0.4761904761904745,1.7460317460317514,903903,11399722.92,2023-10-31,0.7526,2289550454.22,1520555987.28,1.8507,48.6556
2054,SHSE.688456,有研粉材,28.13,28.01,28.15,27.24,27.54,-2.09740490579452,3.23498044792037,1093875,30137688.95,2023-10-31,1.6983,2854796400.0,1773816975.0,2.4912,51.6719
2055,SHSE.688458,美芯晟,79.5,78.14,81.0,75.81,76.93,-3.232704402515718,6.528301886792449,2704117,211047448.18,2023-10-31,14.815,6155169300.0,1404166132.81,2.9911,213.6231
2056,SHSE.688459,哈铁科技,9.35,9.4,9.4,9.31,9.36,0.10695187165774556,0.9625668449197846,1924290,18015527.88,2023-10-31,1.6649,4492800000.0,1081845067.68,1.3823,29.9626
2057,SHSE.688466,金科环境,18.85,18.76,19.23,18.68,19.18,1.7506631299734732,2.917771883289128,958872,18265085.13,2023-10-31,0.7788,2361422899.5,2361422899.5,2.0762,23.0049
2058,SHSE.688468,科美诊断,10.5,10.68,10.92,10.4,10.87,3.523809523809507,4.952380952380948,5027203,54079545.56,2023-10-31,1.8281,4358870000.0,2989249934.78,3.2011,28.1921
2059,SHSE.688469,芯联集成,5.28,5.28,5.29,5.24,5.26,-0.37878787878788955,0.9469696969696936,9917079,52170960.15,2023-10-31,0.9492,37043904918.5,5495347511.98,2.8397,-23.4499
2060,SHSE.688472,阿特斯,13.38,13.37,13.41,12.93,13.02,-2.6905829596412634,3.5874439461883436,15971588,209451965.86,2023-10-31,3.781,48020589558.48,5499902202.48,2.2788,12.8383
2061,SHSE.688475,萤石网络,50.41,50.37,50.66,49.7,50.59,0.3570720095219304,1.9043840507835623,1070770,53590305.29,2023-10-31,1.195,28456875000.0,4532950711.26,5.5798,55.2044
2062,SHSE.688478,晶升股份,45.34,46.24,47.5,44.88,45.45,0.24261138067931398,5.778561976179968,1646537,75375224.87,2023-10-31,5.2747,6288739063.2,1418752974.15,4.0569,106.982
2063,SHSE.688479,友车科技,24.81,24.76,24.94,24.42,24.55,-1.0479645304312668,2.0959290608625536,846043,20829531.94,2023-10-31,2.5259,3542992170.0,822308240.2,1.8889,37.0666
2064,SHSE.688480,赛恩斯,33.03,34.35,34.4,32.6,33.21,0.5449591280654031,5.449591280653942,479259,15986016.22,2023-10-31,2.3586,3149193611.07,674826137.28,3.529,44.388
2065,SHSE.688484,南芯科技,47.4,48.55,48.98,46.89,47.41,0.02109704641348742,4.409282700421933,4891683,233721812.88,2023-10-31,8.2909,20079557300.0,2797219204.56,5.6071,111.247
2066,SHSE.688485,九州一轨,14.01,14.05,14.07,13.8,13.88,-0.9279086366880684,1.9271948608137013,780218,10846110.72,2023-10-31,2.3325,2086053820.56,464290039.08,1.5809,57.4796
2067,SHSE.688486,龙迅股份,110.62,110.62,114.77,107.3,111.18,0.5062375700596755,6.752847586331584,582384,64746367.6,2023-10-31,3.7349,7700200277.16,1733646083.46,5.5119,85.7387
2068,SHSE.688488,艾迪药业,13.22,13.33,13.35,13.01,13.1,-0.9077155824508409,2.571860816944023,3777353,49754524.42,2023-10-31,0.8977,5512254784.8,5512254784.8,4.6761,-69.1893
2069,SHSE.688489,三未信安,49.82,50.56,50.7,49.2,49.59,-0.4616619831392943,3.010839020473705,1427927,71381120.81,2023-10-31,5.6245,5647773164.04,1258982539.29,2.9832,48.2269
2070,SHSE.688496,清越科技,14.09,14.07,14.31,13.34,13.55,-3.8325053229240513,6.884315117104334,2862577,39189100.19,2023-10-31,3.1833,6097500000.0,1218492489.75,5.0778,-319.2946
2071,SHSE.688498,源杰科技,154.49,154.82,156.0,146.7,149.39,-3.301184542688862,6.01980710725614,1608120,241757769.35,2023-10-31,7.938,12674038454.0,3026427772.3,5.9826,264.9205
2072,SHSE.688499,利元亨,43.08,42.88,43.1,42.18,42.55,-1.2302692664809656,2.1355617455896048,989332,42098325.02,2023-10-31,1.7026,5260298937.35,2472479401.2,2.1642,237.7167
2073,SHSE.688500,*ST慧辰,24.05,23.84,24.48,23.84,24.3,1.039501039501034,2.6611226611226635,292123,7069175.13,2023-10-31,0.3933,1804870593.0,1804870593.0,2.087,-8.1674
2074,SHSE.688501,青达环保,16.78,16.79,17.09,16.6,16.76,-0.11918951132300348,2.920143027413578,1394816,23437987.52,2023-10-31,1.7069,2062669960.0,1369564266.2,2.5429,31.0043
2075,SHSE.688502,茂莱光学,214.46,213.71,227.0,210.5,219.0,2.11694488482701,7.693742422829432,736656,159200840.92,2023-10-31,5.7711,11563200000.0,2795442363.0,9.8031,270.1085
2076,SHSE.688503,聚和材料,65.67,68.51,69.0,64.22,65.47,-0.3045530683721709,7.278818334094718,1355543,89755402.64,2023-10-31,3.5223,10843657696.42,2519560312.12,2.2079,20.4813
2077,SHSE.688505,复旦张江,10.47,10.44,10.47,10.29,10.38,-0.8595988538681931,1.719197707736404,5158804,53490785.44,2023-10-31,0.726,10759618398.0,7375738398.0,4.6067,56.3139
2078,SHSE.688506,百利天恒,86.2,86.2,92.56,85.08,88.58,2.7610208816705173,8.677494199535968,863109,77033455.32,2023-10-31,2.475,35520580000.0,3089059109.42,85.2981,-64.0377
2079,SHSE.688507,索辰科技,115.52,114.23,115.08,110.17,110.79,-4.094529085872567,4.250346260387809,468249,52184374.55,2023-10-31,3.2457,6777404531.28,1598354367.57,2.4212,104.4939
2080,SHSE.688508,芯朋微,55.13,55.4,55.8,54.09,54.69,-0.7981135497914127,3.1017594775983923,1253686,68631257.94,2023-10-31,1.1063,7176659482.74,6197435798.4,2.8912,101.0733
2081,SHSE.688509,正元地信,4.8,4.81,4.81,4.71,4.75,-1.041666666666663,2.083333333333326,5993016,28467394.52,2023-10-31,1.5575,3657500000.0,1827762950.0,2.5137,231.5748
2082,SHSE.688510,航亚科技,16.88,17.4,18.38,17.0,18.23,7.997630331753558,8.17535545023696,8086190,145641515.87,2023-10-31,4.8692,4710314943.84,3027429939.95,4.581,58.3147
2083,SHSE.688511,天微电子,31.75,31.76,32.07,31.26,31.84,0.2834645669291369,2.5511811023622006,1116416,35360702.18,2023-10-31,2.7278,2547200000.0,1303120042.08,3.0475,48.5995
2084,SHSE.688512,慧智微,19.38,19.13,19.38,18.26,18.47,-4.695562435500522,5.779153766769853,4642294,86979866.75,2023-10-31,9.3827,8407609531.56,913844548.92,3.7384,-24.9075
2085,SHSE.688513,苑东生物,55.09,55.46,56.1,54.88,55.48,0.7079324741332327,2.2145579960065325,289131,16141969.31,2023-10-31,0.2408,6662593200.0,6662593200.0,2.5908,27.2227
2086,SHSE.688515,裕太微,107.52,107.57,109.3,104.8,105.15,-2.2042410714285587,4.185267857142858,630645,67082394.94,2023-10-31,3.2595,8412000000.0,2034424009.05,4.5886,-56.898
2087,SHSE.688516,奥特维,138.79,137.31,139.1,135.3,136.74,-1.477051660782469,2.737949419987019,1078302,147434409.47,2023-10-31,1.436,21200920712.82,10297859727.42,6.8104,19.4531
2088,SHSE.688517,金冠电气,14.91,14.93,15.15,14.67,14.85,-0.4024144869215318,3.2193158953722363,2160329,32035827.14,2023-10-31,2.5416,2021221382.4,1262233590.75,2.6357,21.7048
2089,SHSE.688518,联赢激光,19.66,19.7,19.75,18.99,19.24,-2.136317395727372,3.8657171922685736,8518098,164479478.46,2023-10-31,2.5128,6522023203.8,6522023203.8,2.1863,19.6417
2090,SHSE.688519,南亚新材,26.71,26.54,26.7,25.33,25.62,-4.080868588543618,5.129165106701613,4234279,109459547.36,2023-10-31,4.607,6014335992.0,2354726642.1,2.4371,-50.9954
2091,SHSE.688520,神州细胞,48.79,49.66,50.18,48.51,49.64,1.7421602787456525,3.422832547653211,1699669,84256230.57,2023-10-31,1.7106,22106464842.96,4932183043.44,-51.0378,-65.7267
2092,SHSE.688521,芯原股份,54.63,54.01,54.28,52.79,53.35,-2.3430349624748326,2.727439136005861,3791591,202369956.28,2023-10-31,0.7777,26661636785.3,26009057824.75,9.2274,-286.1356
2093,SHSE.688522,纳睿雷达,49.97,49.59,50.18,48.32,48.67,-2.6015609365619308,3.722233340004001,647754,31736464.98,2023-10-31,1.6961,7527633156.0,1858714746.51,3.4854,72.9857
2094,SHSE.688523,航天环宇,32.7,32.51,34.95,30.0,30.4,-7.0336391437308965,15.137614678899089,10994256,352804180.35,2023-10-31,32.4906,12369152000.0,1028682009.6,7.7901,96.9361
2095,SHSE.688525,佰维存储,57.52,58.85,60.8,57.01,57.45,-0.12169680111265846,6.589012517385255,3666040,214376873.35,2023-10-31,9.4657,24722408863.2,2225014256.1,12.4398,-50.574
2096,SHSE.688526,科前生物,19.38,19.22,19.73,19.17,19.62,1.2383900928792713,2.8895768833849265,1225924,23990690.69,2023-10-31,0.263,9146216473.92,9145432458.72,2.4288,18.916
2097,SHSE.688528,秦川物联,10.48,10.48,10.52,10.32,10.45,-0.2862595419847458,1.9083969465648787,595368,6197752.39,2023-10-31,0.8908,1755600000.0,698422813.55,2.4885,-43.8826
2098,SHSE.688529,豪森智能,23.47,23.25,23.4,22.92,23.0,-2.0025564550489983,2.0451640391989643,1343296,30966042.8,2023-10-31,2.8566,3827200000.0,1081560970.0,1.7916,34.7622
2099,SHSE.688531,日联科技,114.58,114.4,114.86,109.0,109.95,-4.0408448245767055,5.114330598708325,720096,79937770.6,2023-10-31,3.8825,8730631096.65,2039250566.4,2.7073,72.7792
2100,SHSE.688533,上声电子,46.16,45.97,46.14,44.3,44.65,-3.2712305025996535,3.9861351819757447,1915006,86040434.77,2023-10-31,4.7875,7144000000.0,1786000000.0,5.6537,52.6162
2101,SHSE.688535,华海诚科,77.06,79.2,83.0,76.66,78.25,1.5442512328055935,8.22735530755256,2836390,224206975.84,2023-10-31,15.9019,6314497447.25,1395728504.5,6.1955,159.6867
2102,SHSE.688536,思瑞浦,160.01,162.09,163.78,157.0,161.1,0.6812074245359678,4.237235172801701,1388135,223633571.47,2023-10-31,1.1549,21303844023.6,19363491344.7,5.6237,3454.1206
2103,SHSE.688538,和辉光电,2.62,2.62,2.64,2.61,2.62,0.0,1.1450381679389408,22219570,58393834.19,2023-10-31,0.3863,36305100953.82,15070857599.5,2.7047,-12.0511
2104,SHSE.688539,高华科技,38.41,38.56,40.26,38.56,39.25,2.1869304868523898,4.425930747201239,1179205,46524587.78,2023-10-31,3.8276,5212400000.0,1209215059.75,3.0061,61.8514
2105,SHSE.688543,国科军工,48.75,48.55,52.66,48.55,51.8,6.256410256410261,8.43076923076923,6794715,348226026.8,2023-10-31,20.4902,7597506000.0,1741428717.0,3.4233,60.0661
2106,SHSE.688548,广钢气体,12.57,13.34,13.7,12.72,12.98,3.2617342879872613,7.7963404932378575,31864830,419127514.04,2023-10-31,13.1013,17125792802.58,3156989953.7,3.0387,49.751
2107,SHSE.688549,中巨芯,9.16,9.36,9.67,9.13,9.18,0.21834061135370675,5.895196506550209,32365923,303364224.27,2023-10-31,12.3734,13561393680.0,2401282193.58,4.4583,1586.7305
2108,SHSE.688550,瑞联新材,32.6,32.56,33.18,32.3,33.0,1.2269938650306678,2.699386503067492,1630147,53449168.97,2023-10-31,1.6026,4537861185.0,3356628264.0,1.5451,33.5106
2109,SHSE.688551,科威尔,48.62,49.03,49.04,46.28,47.56,-2.1801727684080507,5.676676264911555,980269,46043200.24,2023-10-31,1.8443,3819220667.6,2527836971.48,3.5367,41.3773
2110,SHSE.688552,航天南湖,23.35,23.34,23.74,23.2,23.55,0.8565310492505418,2.3126338329764415,3109825,73042628.93,2023-10-31,4.0627,7942190400.0,1802633784.45,3.0465,33.5105
2111,SHSE.688553,汇宇制药,14.97,14.88,15.19,14.84,15.14,1.135604542418167,2.338009352037406,3051678,45994866.92,2023-10-31,1.0482,6413304000.0,4407789486.66,1.7294,62.5274
2112,SHSE.688556,高测股份,46.98,47.19,47.85,46.11,47.44,0.9791400595998256,3.703703703703708,5471333,257350836.8,2023-10-31,1.7052,16085758608.64,15221749638.72,4.0428,10.4918
2113,SHSE.688557,兰剑智能,36.07,36.06,36.43,35.42,35.9,-0.47130579428888986,2.8001108954810037,682023,24360173.12,2023-10-31,1.5444,2608853000.0,1585409697.0,2.5139,22.7283
2114,SHSE.688558,国盛智科,29.35,29.2,29.2,26.85,27.11,-7.632027257240215,8.0068143100511,2304772,63429484.73,2023-10-31,1.746,3578520000.0,3578520000.0,2.2889,23.7713
2115,SHSE.688559,海目星,38.85,38.37,38.85,37.2,37.88,-2.4967824967824903,4.247104247104243,2646009,100552771.66,2023-10-31,1.2973,7726080560.0,7726080560.0,3.3638,16.3639
2116,SHSE.688560,明冠新材,18.87,18.81,18.98,18.28,18.39,-2.5437201907790197,3.7095919448860584,3056710,56659737.2,2023-10-31,2.3968,3701942272.02,2345311972.02,1.2523,235.9954
2117,SHSE.688561,奇安信,46.52,46.59,46.7,45.77,46.07,-0.9673258813413632,1.9991401547721401,1345570,62159968.65,2023-10-31,0.2902,31565891408.39,21361913449.19,3.5162,-773.4637
2118,SHSE.688562,航天软件,26.66,26.66,27.49,26.6,27.1,1.650412603150797,3.3383345836459,3092885,83554471.16,2023-10-31,4.7007,10840000000.0,1783063957.8,6.1119,374.2849
2119,SHSE.688563,航材股份,62.72,63.0,63.1,62.21,62.89,0.2710459183673519,1.4190051020408172,724045,45488893.65,2023-10-31,1.0631,28300500000.0,4283220363.49,2.8463,55.3506
2120,SHSE.688565,力源科技,8.44,8.44,8.5,8.38,8.44,0.0,1.4218009478672893,1067018,9009375.91,2023-10-31,1.0947,1301898696.0,822629920.0,2.3834,-18.2403
2121,SHSE.688566,吉贝尔,28.41,30.0,33.48,28.88,30.81,8.44772967265046,16.19148187258007,9003744,280231763.59,2023-10-31,4.7618,5825677300.56,5825677300.56,3.1692,25.2763
2122,SHSE.688567,孚能科技,17.8,17.85,17.9,17.44,17.61,-1.0674157303370846,2.584269662921333,3089248,54316591.55,2023-10-31,0.2536,21453700342.89,21453700342.89,2.0279,-9.6976
2123,SHSE.688568,中科星图,49.7,49.4,50.18,48.98,49.32,-0.764587525150906,2.4144869215291807,2375882,117479220.32,2023-10-31,0.6501,18023428102.32,18023428102.32,5.4127,65.6268
2124,SHSE.688569,铁科轨道,28.33,28.58,28.58,27.68,28.06,-0.9530533003882846,3.1768443346275985,1453202,40699995.53,2023-10-31,1.1037,5911307602.0,3694567602.0,2.1649,17.1945
2125,SHSE.688570,天玛智控,28.13,28.0,28.88,27.91,28.58,1.5997156061144713,3.4482758620689613,4304326,122986958.18,2023-10-31,7.806,12375140000.0,1575938096.78,3.0437,28.3664
2126,SHSE.688571,杭华股份,7.32,7.28,7.44,7.18,7.23,-1.2295081967213073,3.5519125683060198,4663128,33876595.78,2023-10-31,1.9161,3007680000.0,1759567992.0,2.0988,26.2082
2127,SHSE.688573,信宇人,31.76,31.42,32.23,30.4,30.92,-2.6448362720402963,5.761964735516367,780570,24106262.4,2023-10-31,3.9983,3022565676.96,603630165.32,3.4514,27.7956
2128,SHSE.688575,亚辉龙,22.13,21.91,22.59,21.8,22.43,1.355625847266162,3.5698147311342034,6635447,147476204.41,2023-10-31,2.4786,12743135713.0,6004632032.28,5.1276,30.0414
2129,SHSE.688576,西山科技,92.86,92.25,93.98,92.03,92.29,-0.6138272668533173,2.099935386603492,301433,28023614.61,2023-10-31,2.4431,4891505297.14,1138679649.69,2.3219,50.5748
2130,SHSE.688577,浙海德曼,43.8,43.89,44.05,42.88,43.25,-1.2557077625570678,2.671232876712317,558648,24221650.67,2023-10-31,1.0328,2339363090.0,2339363090.0,2.6784,78.9044
2131,SHSE.688578,艾力斯,37.33,38.17,40.1,37.63,38.72,3.72354674524511,6.616662201982317,8968725,351098122.24,2023-10-31,4.3374,17424000000.0,8006327922.56,4.7779,35.7771
2132,SHSE.688579,山大地纬,12.37,11.99,12.13,11.67,11.82,-4.446240905416321,3.7186742118027554,9141655,108191928.84,2023-10-31,2.2854,4728118200.0,4728118200.0,3.6078,68.9698
2133,SHSE.688580,伟思医疗,63.19,63.64,63.64,61.02,61.26,-3.054280740623516,4.146225668618449,886703,55017613.07,2023-10-31,1.2921,4203898092.42,4203898092.42,2.6458,31.5281
2134,SHSE.688581,安杰思,120.3,120.01,122.18,116.4,118.0,-1.9118869492934287,4.804655029093933,666130,78662004.25,2023-10-31,5.0819,6828774578.0,1546721462.0,3.2025,35.7313
2135,SHSE.688582,芯动联科,37.77,38.0,38.37,37.21,37.77,0.0,3.071220545406398,1589778,60043775.32,2023-10-31,3.4506,15108377700.0,1740153981.45,7.398,100.6438
2136,SHSE.688585,上纬新材,8.03,8.08,8.42,8.05,8.41,4.732254047322559,4.607721046077201,4323123,36055683.01,2023-10-31,1.072,3391500758.87,3391500758.87,2.8378,38.2559
2137,SHSE.688586,江航装备,11.52,11.53,11.61,11.43,11.48,-0.3472222222222099,1.5624999999999976,4042621,46522392.33,2023-10-31,0.5109,9084573510.88,9084573510.88,3.6738,43.7076
2138,SHSE.688588,凌志软件,11.61,11.7,11.75,10.93,11.05,-4.823428079242021,7.062876830318694,8648538,97216030.47,2023-10-31,2.1621,4420110533.15,4420110533.15,3.5855,41.2305
2139,SHSE.688589,力合微,41.26,41.4,41.77,40.77,41.0,-0.6301502666020364,2.423654871546292,2153102,88840065.8,2023-10-31,2.1409,4123401570.0,4123401570.0,4.6451,39.2554
2140,SHSE.688590,新致软件,17.39,17.58,17.58,16.66,16.78,-3.5077630822311634,5.290396779758471,4351605,73899095.84,2023-10-31,2.7032,4007200102.58,2701263982.26,3.6204,-154.7282
2141,SHSE.688591,泰凌微,30.76,30.63,31.28,30.39,30.67,-0.2925877763328977,2.893368010403123,3737646,114822533.58,2023-10-31,7.1815,7360800000.0,1596225302.56,3.1595,112.1618
2142,SHSE.688592,司南导航,60.64,59.87,61.89,59.3,59.7,-1.5501319261213675,4.271108179419531,1859467,112414777.12,2023-10-31,14.5982,3710952000.0,760438779.6,3.7525,283.7861
2143,SHSE.688593,新相微,15.19,15.18,15.23,14.8,14.95,-1.579986833443059,2.8308097432521375,2373878,35513085.95,2023-10-31,3.4343,6869964709.4,1033384678.95,4.2907,160.9625
2144,SHSE.688595,芯海科技,40.0,39.5,42.96,39.43,40.41,1.024999999999987,8.825000000000003,9228168,376829886.73,2023-10-31,6.4813,5753636091.72,5753636091.72,6.3837,-65.0034
2145,SHSE.688596,正帆科技,38.68,39.08,39.74,38.21,38.7,0.05170630816959676,3.95553257497415,2270322,88604475.05,2023-10-31,0.8134,10801674725.4,10801674725.4,3.831,27.5524
2146,SHSE.688597,煜邦电力,8.63,8.63,8.7,8.56,8.65,0.2317497103128563,1.6222479721900207,2180830,18807332.91,2023-10-31,1.2042,2137087787.8,1566586120.3,2.5116,56.6164
2147,SHSE.688598,金博股份,82.33,82.93,82.94,78.4,78.47,-4.688448925057697,5.514393295275103,1849155,147590550.58,2023-10-31,1.3281,10925348202.93,10925348202.93,1.7574,29.8238
2148,SHSE.688599,天合光能,30.35,30.1,30.22,29.58,29.87,-1.5815485996705125,2.1087314662273493,14679631,437599921.09,2023-10-31,0.6754,64924284992.0,64924284992.0,2.1113,10.2166
2149,SHSE.688600,皖仪科技,18.2,18.24,18.26,17.7,17.93,-1.4835164835164782,3.0769230769230895,1060293,18999973.96,2023-10-31,0.7901,2406305690.8,2406305690.8,2.7339,59.8266
2150,SHSE.688601,力芯微,61.65,62.21,62.93,58.45,60.53,-1.8167072181670685,7.266828872668284,3513111,211734559.27,2023-10-31,4.9402,8092419131.0,4304451731.0,6.7712,73.7651
2151,SHSE.688602,康鹏科技,12.53,12.4,12.62,12.12,12.18,-2.7932960893854775,3.9904229848363926,7044914,86870040.08,2023-10-31,8.3147,6325987500.0,1031995261.5,2.2867,42.1494
2152,SHSE.688603,天承科技,78.19,77.86,78.98,74.33,75.89,-2.9415526282133175,5.947052052692168,223405,16940974.52,2023-10-31,1.8592,4412011314.14,911918373.02,4.0919,82.4787
2153,SHSE.688606,奥泰生物,66.22,72.0,75.79,70.1,75.08,13.379643612201741,8.592570220477215,3278388,242500559.3,2023-10-31,8.7523,5952406593.4,2812295585.6,1.5888,-79.8866
2154,SHSE.688607,康众医疗,20.09,19.89,20.19,19.64,20.1,0.04977600796416404,2.7376804380288737,1792697,35923653.9,2023-10-31,2.6954,1771393442.7,1336831442.7,2.0892,1399.1376
2155,SHSE.688608,恒玄科技,124.36,124.66,129.98,123.0,124.63,0.21711161145061553,5.612737214538428,1559428,195983114.37,2023-10-31,1.9642,14959925658.04,9894938778.34,2.4563,166.1515
2156,SHSE.688609,九联科技,9.34,9.33,9.58,9.2,9.43,0.9635974304068595,4.068522483940051,17177844,161170679.42,2023-10-31,5.2247,4715000000.0,3100412562.6,4.2364,-43.8332
2157,SHSE.688610,埃科光电,47.02,46.99,47.25,46.17,46.47,-1.169715014887296,2.2968949383241135,326381,15234137.2,2023-10-31,2.4141,3159960000.0,628274585.88,2.1225,229.3249
2158,SHSE.688611,杭州柯林,31.19,31.2,31.5,30.15,30.4,-2.5328630971465316,4.328310355883301,405972,12427791.02,2023-10-31,2.075,2379104000.0,594776000.0,2.9099,47.6217
2159,SHSE.688612,威迈斯,38.16,38.21,38.49,35.28,35.92,-5.870020964360578,8.411949685534594,4337421,157239389.35,2023-10-31,13.849,15120780540.64,1124995613.84,5.0222,41.1079
2160,SHSE.688613,奥精医疗,22.65,22.58,23.15,22.56,22.8,0.6622516556291425,2.60485651214128,2033611,46465191.47,2023-10-31,1.932,3040000015.2,2399909851.2,2.2253,36.1274
2161,SHSE.688616,西力科技,12.95,12.95,13.05,12.83,12.99,0.3088803088803216,1.6988416988417039,2408377,31215888.13,2023-10-31,4.2953,1948500000.0,728349300.0,2.4851,28.5883
2162,SHSE.688617,惠泰医疗,363.35,367.78,367.78,352.0,355.78,-2.0833906701527627,4.342920049539004,416589,147944949.51,2023-10-31,0.9224,23784266924.78,16069010763.96,13.3825,47.503
2163,SHSE.688618,三旺通信,68.52,69.02,69.02,63.91,65.99,-3.6923525977816674,7.4576765907764155,758475,49928424.9,2023-10-31,3.0048,4957568105.49,1665706645.96,5.7894,44.5821
2164,SHSE.688619,罗普特,14.06,13.8,14.39,13.64,13.82,-1.7069701280227556,5.334281650071124,5094164,70709949.04,2023-10-31,5.6904,2593260464.5,1237193625.4,2.2284,-24.5819
2165,SHSE.688620,安凯微,12.61,12.55,12.65,12.26,12.45,-1.2688342585249868,3.0927835051546437,4343813,54048761.44,2023-10-31,5.1544,4880400000.0,1049216466.75,3.2142,148.12
2166,SHSE.688621,阳光诺和,68.4,67.55,69.2,67.08,67.77,-0.9210526315789669,3.099415204678369,1735678,118340237.57,2023-10-31,2.1401,7590240000.0,5496329979.0,7.4431,38.311
2167,SHSE.688622,禾信仪器,32.48,32.71,33.41,32.59,32.94,1.416256157635476,2.5246305418719004,581474,19161859.39,2023-10-31,1.497,2305721141.64,1279471422.96,4.8362,-30.9469
2168,SHSE.688623,双元科技,74.6,76.22,76.78,74.8,75.89,1.7292225201072542,2.654155495978558,431070,32626676.37,2023-10-31,3.1161,4488339503.0,1049847840.9,2.0857,33.5893
2169,SHSE.688625,呈和科技,39.58,39.58,39.99,38.82,39.71,0.3284487114704415,2.956038403233961,406200,16059915.12,2023-10-31,0.4937,5373862887.58,3267473814.0,4.3267,24.4837
2170,SHSE.688626,翔宇医疗,50.95,50.4,51.14,49.83,50.16,-1.5505397448479008,2.571148184494607,841950,42401858.8,2023-10-31,1.6034,8025600000.0,2633841408.0,3.9241,37.9062
2171,SHSE.688627,精智达,94.0,108.0,112.8,104.0,105.0,11.702127659574458,9.361702127659571,3530792,387653295.63,2023-10-31,17.6875,9871234170.0,2096017245.0,5.9553,86.1065
2172,SHSE.688628,优利德,41.14,40.92,41.8,40.17,40.53,-1.4827418570734108,3.9620807000486034,939311,38137185.94,2023-10-31,2.0752,4492304021.52,1834573589.52,3.8647,28.673
2173,SHSE.688629,华丰科技,25.23,25.25,25.29,24.2,24.7,-2.100673801030528,4.320253666270313,5197369,128506230.12,2023-10-31,7.9933,11386522925.7,1606036014.7,7.7518,183.1668
2174,SHSE.688630,芯碁微装,80.5,81.09,81.6,78.12,79.34,-1.4409937888198665,4.322981366459615,2574782,204856497.66,2023-10-31,3.6933,10426790283.24,5531136608.34,5.3076,62.3488
2175,SHSE.688631,莱斯信息,37.35,36.88,38.52,36.78,38.52,3.1325301204819356,4.658634538152616,1429355,54400990.42,2023-10-31,4.0632,6296864400.0,1355052130.2,3.6091,62.6147
2176,SHSE.688633,星球石墨,32.76,32.73,33.2,32.08,32.37,-1.1904761904761973,3.418803418803433,731015,23762312.48,2023-10-31,2.1182,3380805926.16,1117103849.16,2.3293,22.7478
2177,SHSE.688636,智明达,59.35,60.3,60.3,56.82,57.88,-2.476832350463354,5.863521482729564,3354507,196757372.87,2023-10-31,7.5083,4355035726.36,2585925133.76,4.1499,47.1219
2178,SHSE.688638,誉辰智能,60.77,60.77,60.77,59.71,60.01,-1.2506170807964567,1.7442817179529408,254016,15247178.99,2023-10-31,2.839,2400400000.0,536931073.6,2.1776,30.6537
2179,SHSE.688639,华恒生物,100.3,99.09,101.83,99.09,101.5,1.1964107676969205,2.731804586241271,368771,37304849.76,2023-10-31,0.3618,15990328270.0,10346939841.0,9.4018,37.8071
2180,SHSE.688646,逸飞激光,38.72,39.0,39.0,38.03,38.5,-0.5681818181818121,2.5051652892561957,836048,32140630.47,2023-10-31,4.6734,3663760408.0,688739205.0,2.27,35.4412
2181,SHSE.688651,盛邦安全,52.55,52.01,53.28,50.95,51.68,-1.6555661274976208,4.4338725023786845,1741698,90663472.6,2023-10-31,11.04,3896620320.0,815316444.96,4.2088,100.3241
2182,SHSE.688655,迅捷兴,14.28,14.29,14.47,14.16,14.32,0.2801120448179262,2.1708683473389394,1494001,21361853.36,2023-10-31,2.1171,1910144800.0,1010543784.0,2.7649,134.8337
2183,SHSE.688656,浩欧博,40.44,40.74,41.0,39.66,40.2,-0.593471810089008,3.313550939663708,423057,17008808.94,2023-10-31,2.3427,2534944785.6,725944785.6,3.1628,70.7828
2184,SHSE.688657,浩辰软件,84.25,83.74,85.37,82.87,83.8,-0.5341246290801238,2.967359050445104,699477,58902471.46,2023-10-31,7.3871,3760340640.0,793497255.8,2.7003,59.2061
2185,SHSE.688658,悦康药业,18.79,16.85,18.17,16.7,17.6,-6.33315593400744,7.823310271420982,17983550,313249500.88,2023-10-31,8.7896,7920000000.0,3600957888.0,2.202,52.179
2186,SHSE.688659,元琛科技,11.68,11.48,11.7,11.31,11.39,-2.482876712328763,3.339041095890401,2015475,23102482.43,2023-10-31,2.2912,1822400000.0,1001942763.2,2.8217,-190.4167
2187,SHSE.688660,电气风电,4.99,4.99,5.01,4.95,5.0,0.2004008016031955,1.2024048096192306,4556332,22661668.42,2023-10-31,0.8543,6666667000.0,2666667000.0,1.0285,-6.6574
2188,SHSE.688661,和林微纳,49.04,49.47,49.87,47.51,48.1,-1.9168026101141877,4.812398042414355,865183,41836949.55,2023-10-31,2.4212,4322961189.3,1718769276.9,3.5285,-149.7855
2189,SHSE.688662,富信科技,37.56,37.62,40.16,36.7,37.9,0.9052183173588801,9.211927582534594,3850010,147370007.54,2023-10-31,7.0994,3344296000.0,2055318137.0,4.8756,-279.3657
2190,SHSE.688663,新风光,28.54,28.52,28.57,27.65,27.96,-2.032235459004894,3.223545900490546,2029604,56712793.71,2023-10-31,2.3485,3913002000.0,2416314384.0,3.2103,23.2993
2191,SHSE.688665,四方光电,77.53,77.53,82.21,74.6,81.22,4.759447955630081,9.815555268928156,1611922,129226319.54,2023-10-31,7.4799,5685400000.0,1750291000.0,6.1364,38.7535
2192,SHSE.688667,菱电电控,93.51,92.91,93.51,87.31,88.11,-5.77478344562079,6.630306919046094,1234723,110078746.77,2023-10-31,5.2777,4565167655.4,2061350367.12,2.8859,82.4298
2193,SHSE.688668,鼎通科技,47.46,46.9,48.5,45.68,48.22,1.6013485040033748,5.941845764854615,3922385,186132915.13,2023-10-31,8.4246,4766021594.88,2245050628.9,2.7733,56.0189
2194,SHSE.688669,聚石化学,18.16,18.13,18.39,18.13,18.27,0.6057268722466924,1.4317180616740173,1101164,20074638.31,2023-10-31,1.8085,2216760012.18,1112457267.18,1.4057,44.3359
2195,SHSE.688670,金迪克,32.48,32.35,32.8,31.4,32.16,-0.9852216748768461,4.310344827586203,942110,30366266.55,2023-10-31,2.1346,3962112000.0,1419400413.6,2.7688,-157.5496
2196,SHSE.688671,碧兴物联,42.22,42.23,42.38,40.61,41.13,-2.5817148270961487,4.192325911890107,1202194,49575334.5,2023-10-31,7.2374,3229482357.0,683203108.86,2.8369,71.923
2197,SHSE.688676,金盘科技,32.54,33.01,33.84,32.21,33.53,3.042409342347896,5.009219422249547,2860034,95069720.65,2023-10-31,1.4896,14317992871.98,6437667960.15,4.8394,31.9261
2198,SHSE.688677,海泰新光,57.51,58.05,59.05,56.99,58.42,1.5823335072161493,3.581985741610146,1132567,65790067.06,2023-10-31,1.5061,7106055798.02,4393147838.02,5.568,44.1679
2199,SHSE.688678,福立旺,18.4,18.44,18.67,17.12,17.29,-6.032608695652176,8.423913043478265,3745152,66164566.77,2023-10-31,4.1254,3011238693.19,1569618169.21,2.0517,28.9126
2200,SHSE.688679,通源环境,13.75,13.75,13.81,13.4,13.7,-0.363636363636366,2.981818181818183,3497575,47388624.72,2023-10-31,5.8596,1804148547.5,817748547.5,1.6054,47.869
2201,SHSE.688680,海优新材,71.07,71.35,71.48,67.86,68.77,-3.2362459546925515,5.093569719994378,1779722,122755242.46,2023-10-31,3.4175,5778069910.47,3581294784.47,2.6244,-36.4322
2202,SHSE.688681,科汇股份,14.71,14.76,14.94,14.56,14.75,0.2719238613188235,2.583276682528885,720107,10601312.65,2023-10-31,1.0749,1543882500.0,988127353.75,2.7521,22832.5945
2203,SHSE.688682,霍莱沃,51.01,51.33,53.17,51.06,51.53,1.0194079592236838,4.136443834542246,680607,35492041.77,2023-10-31,1.5703,3748398764.04,2233416764.04,5.7657,75.6948
2204,SHSE.688683,莱尔科技,23.92,23.88,24.5,23.6,23.6,-1.3377926421404673,3.762541806020061,1427180,34301320.02,2023-10-31,2.259,3662199124.4,1490999124.4,3.6607,112.8172
2205,SHSE.688685,迈信林,20.01,20.01,20.6,19.85,20.23,1.0994502748625568,3.748125937031484,1540566,31216385.89,2023-10-31,2.721,2263062673.41,1145355173.41,3.267,76.5937
2206,SHSE.688686,奥普特,103.4,101.97,105.49,101.27,101.71,-1.634429400386861,4.081237911025144,854781,87876844.26,2023-10-31,2.4904,12432568128.05,3491038608.05,4.282,49.7428
2207,SHSE.688687,凯因科技,31.49,31.78,32.85,30.88,31.06,-1.3655128612257816,6.255954271197213,8548240,271828154.13,2023-10-31,7.2322,5308415587.32,3671198820.0,3.0733,50.4277
2208,SHSE.688689,银河微电,26.53,26.51,27.0,26.18,26.33,-0.7538635506973312,3.0908405578590283,1240834,32835733.15,2023-10-31,3.3443,3394013830.94,976919830.94,2.9084,47.1468
2209,SHSE.688690,纳微科技,30.7,30.75,31.37,30.25,30.7,0.0,3.648208469055378,2644129,81583631.26,2023-10-31,1.2926,12397113285.5,6279987609.9,7.445,121.3695
2210,SHSE.688693,锴威特,53.92,53.66,54.98,52.78,53.34,-1.0756676557863498,4.080118694362009,1201382,64638236.86,2023-10-31,7.3051,3930315814.74,877223665.92,3.8295,98.4615
2211,SHSE.688696,极米科技,115.0,113.86,115.32,112.89,115.06,0.052173913043485065,2.113043478260863,407510,46468199.87,2023-10-31,0.8923,8054200000.0,5254853367.94,2.5692,31.2102
2212,SHSE.688697,纽威数控,20.76,20.81,20.89,20.03,20.2,-2.6974951830443294,4.1425818882466245,1963405,39766844.75,2023-10-31,2.4042,6598667340.0,1649667340.0,4.3234,21.3884
2213,SHSE.688698,伟创电气,34.37,34.42,35.29,33.6,34.98,1.7748036077974927,4.917078847832405,1621946,55546009.68,2023-10-31,3.5335,7354869404.52,1605634470.0,3.8908,40.3686
2214,SHSE.688699,明微电子,41.29,41.71,43.29,41.71,42.6,3.1726810365706015,3.826592395253084,2423452,103321708.04,2023-10-31,4.626,4688753664.0,2231697446.4,3.5173,-35.5762
2215,SHSE.688700,东威科技,52.0,52.0,53.01,50.74,51.96,-0.07692307692307443,4.365384615384608,4114323,213942527.15,2023-10-31,2.8039,11931678720.0,7624288819.56,6.8812,55.1368
2216,SHSE.688701,卓锦股份,9.12,9.15,9.24,9.09,9.17,0.5482456140351033,1.6447368421052673,904222,8303587.47,2023-10-31,1.3434,1231323501.24,617212113.35,3.5805,-10.093
2217,SHSE.688702,盛科通信,49.38,49.51,49.84,48.15,48.62,-1.539084649655742,3.4224382341028856,2198345,107085423.44,2023-10-31,5.91,19934200000.0,1808506568.44,8.2259,1339.4187
2218,SHSE.688707,振华新材,23.25,23.1,23.38,23.01,23.28,0.129032258064532,1.5913978494623546,2363632,54894408.8,2023-10-31,0.8347,10311522376.8,6592150993.44,2.7019,33.9522
2219,SHSE.688711,宏微科技,49.8,49.9,49.98,48.47,48.92,-1.7670682730923648,3.0321285140562213,1859807,91235562.98,2023-10-31,1.4964,7441540794.36,6079858269.08,6.9015,72.2348
2220,SHSE.688716,中研股份,25.9,25.93,27.03,25.9,26.35,1.737451737451745,4.362934362934373,1912168,50692642.45,2023-10-31,6.9994,3206268000.0,719852672.45,2.7797,75.1447
2221,SHSE.688718,唯赛勃,15.37,15.27,15.52,14.89,14.98,-2.5374105400130076,4.098893949251782,1487329,22493901.19,2023-10-31,2.6268,2602840747.22,848172333.68,3.4394,55.451
2222,SHSE.688719,爱科赛博,69.0,68.35,69.17,67.0,67.82,-1.710144927536239,3.144927536231887,1841761,125256802.55,2023-10-31,10.149,5593793600.0,1230741408.5,3.1444,38.8219
2223,SHSE.688722,同益中,14.04,14.07,14.15,13.78,13.97,-0.4985754985754931,2.6353276353276427,1838904,25613239.69,2023-10-31,1.4383,3138593799.0,1786158099.0,2.5982,18.5014
2224,SHSE.688728,格科微,18.96,19.03,19.1,18.2,18.41,-2.9008438818565407,4.746835443037986,15388374,286641969.02,2023-10-31,1.3811,47843754589.47,20512415979.93,6.0174,-715.2673
2225,SHSE.688733,壹石通,24.17,24.02,24.12,23.53,23.67,-2.0686801820438583,2.4410426148117494,1550128,36793542.94,2023-10-31,1.0773,4728678747.3,3405723581.16,2.1138,103.865
2226,SHSE.688737,中自科技,37.26,36.9,36.99,35.2,36.15,-2.9790660225442855,4.8040794417605985,1360763,48919954.61,2023-10-31,1.9126,4346780328.9,2571961483.35,2.3178,-2681.1125
2227,SHSE.688739,成大生物,33.18,33.05,33.5,33.05,33.42,0.7233273056058032,1.3562386980108585,1870529,62409540.76,2023-10-31,0.9908,13917759000.0,6309236007.12,1.439,23.6543
2228,SHSE.688766,普冉股份,107.92,107.9,110.48,105.85,108.59,0.6208302446256475,4.290214974054864,1284748,138848228.67,2023-10-31,2.9321,8200204798.15,4757989756.05,4.3659,-52.3488
2229,SHSE.688767,博拓生物,29.31,29.1,29.54,29.0,29.51,0.6823609689525778,1.842374616171952,2131018,62561780.12,2023-10-31,5.2923,3147733343.17,1188269343.17,1.3012,-160.5626
2230,SHSE.688768,容知日新,41.85,41.9,42.49,40.43,40.82,-2.4611708482676242,4.92234169653525,1132126,46207892.63,2023-10-31,2.2818,3331975279.36,2025336753.7,4.5487,60.6016
2231,SHSE.688772,珠海冠宇,20.67,20.88,21.28,20.42,20.68,0.04837929366230398,4.160619254958874,17923037,372484447.17,2023-10-31,2.3437,23199999451.2,15814511966.0,3.4587,78.4398
2232,SHSE.688776,国光电气,83.79,83.7,87.0,80.79,84.59,0.9547678720611019,7.411385606874321,1888266,160140917.37,2023-10-31,5.4773,9168153413.21,2916201423.19,5.0924,100.28
2233,SHSE.688777,中控技术,43.7,43.66,44.04,42.98,43.6,-0.22883295194507935,2.425629290617854,6873156,298240001.6,2023-10-31,1.2852,34266315873.6,23316747120.8,3.6323,33.6958
2234,SHSE.688778,厦钨新能,42.3,42.34,42.58,41.8,42.11,-0.4491725768321464,1.8439716312056764,701783,29509742.56,2023-10-31,0.5175,17718666852.11,5710008745.83,2.094,27.6531
2235,SHSE.688779,长远锂科,8.64,8.6,8.63,8.47,8.52,-1.388888888888895,1.8518518518518534,6835360,58267853.76,2023-10-31,0.6556,16436937351.48,8882583893.4,2.2128,36.6731
2236,SHSE.688786,悦安新材,41.52,41.52,41.94,41.02,41.69,0.4094412331406394,2.215799614643532,295147,12262026.16,2023-10-31,0.5517,3566694564.4,2230269501.9,5.291,45.3381
2237,SHSE.688787,海天瑞声,69.0,69.0,69.0,65.6,66.85,-3.115942028985519,4.9275362318840665,1923808,128536911.54,2023-10-31,4.6636,4032738283.0,2757681894.1,5.143,-189.3611
2238,SHSE.688788,科思科技,39.3,39.3,39.46,38.54,38.81,-1.246819338422378,2.3409669211195974,459312,17865897.15,2023-10-31,0.4343,4104076969.25,4104076969.25,1.6455,-13.4357
2239,SHSE.688789,宏华数科,102.0,102.2,103.2,97.61,99.38,-2.5686274509803986,5.480392156862749,1578615,157859758.96,2023-10-31,2.226,11969042575.68,7047720627.58,4.2581,40.4395
2240,SHSE.688793,倍轻松,36.2,36.17,37.7,35.96,37.3,3.038674033149147,4.8066298342541485,1776091,65309783.63,2023-10-31,5.3596,3205764128.7,1236069742.7,7.2873,-38.515
2241,SHSE.688798,艾为电子,82.8,83.98,84.18,81.48,83.18,0.45893719806764377,3.2608695652173947,3454669,286420580.4,2023-10-31,2.5662,19298504045.1,11197986805.82,5.472,-89.3805
2242,SHSE.688799,华纳药厂,47.13,47.24,47.77,46.28,46.81,-0.6789730532569482,3.1614682792276723,2058851,96804610.25,2023-10-31,3.6448,4390778000.0,2644203280.0,2.502,20.2399
2243,SHSE.688800,瑞可达,40.15,40.18,40.37,39.03,39.37,-1.9427148194271493,3.337484433374835,1425655,56223621.76,2023-10-31,1.3375,6236990400.01,4196411804.01,3.2071,41.1955
2244,SHSE.688819,天能股份,32.62,32.41,32.61,31.97,32.1,-1.5941140404659548,1.9619865113427366,1454673,46765503.97,2023-10-31,1.1113,31204410000.0,4201890000.0,2.1068,14.2171
2245,SHSE.688981,中芯国际,58.3,58.38,58.38,56.88,57.25,-1.801029159519718,2.5728987993138936,28025815,1609413177.24,2023-10-31,1.42,454901957985.25,112989125097.0,3.1809,51.2359
2246,SHSE.689009,九号公司,33.0,33.1,33.32,32.47,32.79,-0.6363636363636349,2.57575757575758,2000436,65623018.38,2023-10-31,0.3821,23631913047.99,17164763710.77,4.4663,54.2288
2247,SZSE.000001,平安银行,10.45,10.43,10.49,10.41,10.46,0.0956937799043267,0.7655502392344504,65285523,682212137.64,2023-10-31,0.3364,202985904351.08,202982021097.0,0.5127,4.186
2248,SZSE.000002,万科A,11.6,11.56,11.66,11.22,11.33,-2.327586206896548,3.7931034482758577,117987665,1342633495.68,2023-10-31,1.2143,135174938306.43,110089839545.95,0.5345,7.0602
2249,SZSE.000004,国华网安,16.98,17.21,18.46,17.07,17.35,2.17903415783276,8.186101295641935,18672801,329545455.51,2023-10-31,14.7859,2296797892.7,2191098413.55,7.2385,-4.0042
2250,SZSE.000005,ST星源,1.41,1.42,1.43,1.4,1.42,0.7092198581560183,2.1276595744680873,4528479,6407936.39,2023-10-31,0.428,1503122315.64,1502284322.52,1.25,-8.6138
2251,SZSE.000006,深振业A,4.32,4.32,4.36,4.25,4.32,0.0,2.5462962962963034,16655543,71704729.76,2023-10-31,1.2338,5831978598.72,5831945550.72,0.7502,26.8371
2252,SZSE.000007,*ST全新,4.88,4.93,5.05,4.88,5.02,2.86885245901638,3.4836065573770476,2655232,13253833.8,2023-10-31,0.8594,1739169180.88,1550919180.88,17.1575,120.5746
2253,SZSE.000008,神州高铁,2.36,2.36,2.37,2.34,2.36,0.0,1.2711864406779767,13999600,32933339.0,2023-10-31,0.5211,6410651331.88,6340551756.28,1.5162,-7.8511
2254,SZSE.000009,中国宝安,10.37,10.38,10.49,10.26,10.33,-0.38572806171648377,2.217936354869821,10379829,107331322.95,2023-10-31,0.4068,26643280258.45,26356275246.92,2.7062,21.1528
2255,SZSE.000010,美丽生态,3.93,3.95,4.28,3.94,4.1,4.3256997455470625,8.651399491094155,114351713,468138517.32,2023-10-31,21.8993,4340638397.2,2140903141.8,7.9744,-6.2533
2256,SZSE.000011,深物业A,9.01,8.92,9.01,8.83,8.97,-0.4439511653718031,1.997780244173138,6176436,55012867.32,2023-10-31,1.1732,5345932455.24,4722485620.71,1.2072,17.0649
2257,SZSE.000012,南玻A,5.36,5.39,5.43,5.36,5.41,0.9328358208955168,1.3059701492537201,10308314,55617756.0,2023-10-31,0.5267,16612444298.87,10587188213.18,1.1982,8.9635
2258,SZSE.000014,沙河股份,11.34,11.28,11.33,10.97,11.17,-1.4991181657848296,3.1746031746031695,10928119,121565429.51,2023-10-31,4.5149,2703656322.08,2703656322.08,1.6559,4.8386
2259,SZSE.000016,深康佳A,4.26,4.23,4.25,4.19,4.23,-0.704225352112664,1.408450704225343,11131308,46962076.55,2023-10-31,0.6972,10185609075.84,6753591774.0,1.4433,-4.3844
2260,SZSE.000017,深中华A,4.31,4.31,4.34,4.26,4.3,-0.23201856148491462,1.856148491879352,3458500,14851344.0,2023-10-31,1.1415,2963495211.9,1302835349.5,10.4061,-785.1869
2261,SZSE.000019,深粮控股,7.19,7.17,7.28,7.14,7.25,0.8344923504867818,1.9471488178025114,5788536,41846042.56,2023-10-31,1.3908,8355880591.5,3017568950.75,1.7594,22.1979
2262,SZSE.000020,深华发A,12.2,12.18,12.47,12.12,12.36,1.3114754098360715,2.8688524590164053,4962615,61288978.3,2023-10-31,2.7393,3499872765.72,2239204232.76,9.5619,249.1471
2263,SZSE.000021,深科技,15.62,17.18,17.18,17.18,17.18,9.98719590268886,0.0,20222733,347426552.94,2023-10-31,1.2963,26810894761.84,26801094671.36,2.4701,50.5674
2264,SZSE.000023,ST深天,6.16,6.19,6.25,6.16,6.18,0.32467532467532756,1.4610389610389587,1218800,7552085.0,2023-10-31,0.8784,857513563.2,857513563.2,11.7975,-3.497
2265,SZSE.000025,特力A,16.69,16.3,17.08,16.3,16.56,-0.7789095266626855,4.673457159976019,13842093,231065667.57,2023-10-31,3.5241,7138325779.2,6504408979.2,4.5546,75.0744
2266,SZSE.000026,飞亚达,10.59,10.62,10.66,10.54,10.64,0.47214353163362865,1.1331444759206892,2637200,27955758.99,2023-10-31,0.7274,4418438007.2,3857568314.32,1.3495,14.6094
2267,SZSE.000027,深圳能源,6.28,6.26,6.29,6.15,6.18,-1.5923566878981,2.2292993630573195,17846914,110712443.77,2023-10-31,0.3751,29400669680.88,29400669680.88,0.9643,8.5213
2268,SZSE.000028,国药一致,28.82,28.8,28.96,28.54,28.8,-0.0693962526023606,1.4573213046495548,4580072,131801882.69,2023-10-31,0.9581,16029074217.6,13767946934.4,0.9444,9.8415
2269,SZSE.000029,深深房A,11.95,12.0,12.14,11.8,11.98,0.2510460251046176,2.8451882845188274,7995295,95511240.15,2023-10-31,0.8967,12119686800.0,10682086800.0,3.1043,-1547.1489
2270,SZSE.000030,富奥股份,5.41,5.4,5.43,5.25,5.26,-2.7726432532347522,3.3271719038816956,13488533,71491974.19,2023-10-31,0.7971,9161042627.1,8901021764.86,1.2308,15.4795
2271,SZSE.000031,大悦城,3.47,3.46,3.5,3.41,3.48,0.28818443804032867,2.593659942363108,12034311,41591455.82,2023-10-31,0.3006,14916370419.72,13930047348.12,1.0072,-4.2911
2272,SZSE.000032,深桑达A,19.42,19.53,19.56,19.09,19.24,-0.9268795056642798,2.420185375901127,15773400,303394667.65,2023-10-31,2.4464,21894335662.16,12405255723.64,3.7224,245.0721
2273,SZSE.000034,神州数码,32.51,32.7,32.8,30.7,31.07,-4.429406336511832,6.459550907413098,57916000,1829126790.06,2023-10-31,10.5292,20803896583.6,17099494554.48,2.5326,17.7195
2274,SZSE.000035,中国天楹,5.99,6.02,6.03,5.81,5.91,-1.3355592654424098,3.672787979966621,21680769,128502735.53,2023-10-31,0.8837,14915523825.27,14499271172.16,1.4155,46.1344
2275,SZSE.000036,华联控股,3.73,3.74,3.94,3.74,3.93,5.36193029490617,5.361930294906159,21708837,84014105.71,2023-10-31,1.4671,5831860718.25,5815123740.36,1.1009,14.0855
2276,SZSE.000037,深南电A,8.44,8.44,8.48,8.34,8.39,-0.5924170616113611,1.658767772511855,3832733,32173285.54,2023-10-31,1.131,5057178180.44,2843294021.75,3.5442,-109.1269
2277,SZSE.000039,中集集团,6.6,6.63,6.67,6.6,6.62,0.3030303030303161,1.060606060606065,8058830,53387253.64,2023-10-31,0.3502,35698484948.7,15235315273.42,0.7799,59.7762
2278,SZSE.000040,东旭蓝天,3.92,3.92,3.97,3.9,3.95,0.7653061224489832,1.785714285714293,15035182,59294144.75,2023-10-31,1.418,5873151786.5,4188345646.5,0.5192,-61.9178
2279,SZSE.000042,中洲控股,6.41,6.4,6.48,6.33,6.47,0.9360374414976613,2.3400936037441555,3313905,21283473.1,2023-10-31,0.4991,4301457469.33,4296011269.19,0.5742,-13.6355
2280,SZSE.000045,深纺织A,11.4,11.35,11.63,11.3,11.39,-0.08771929824561431,2.8947368421052637,10694900,122420634.0,2023-10-31,2.3401,5769283860.11,5205478860.11,1.9993,69.2223
2281,SZSE.000046,*ST泛海,1.43,1.36,1.36,1.36,1.36,-4.895104895104884,0.0,11537400,15690864.0,2023-10-31,0.223,7066832892.16,7036016346.16,-0.5863,-0.4367
2282,SZSE.000048,京基智农,19.21,19.21,19.21,18.66,18.72,-2.550754815200429,2.863092139510675,3774580,71034423.8,2023-10-31,0.7214,9795038760.0,9795038760.0,2.9182,4.7144
2283,SZSE.000049,德赛电池,31.98,32.07,32.23,31.7,31.91,-0.21888680425266038,1.6572858036272595,2749186,87738291.37,2023-10-31,0.9186,9553434766.42,9549964681.56,2.2443,15.3378
2284,SZSE.000050,深天马A,9.83,9.81,9.94,9.73,9.79,-0.406917599186174,2.136317395727356,11885820,116749452.6,2023-10-31,0.5003,24061349601.19,23259024865.56,0.852,-11.806
2285,SZSE.000055,方大集团,4.66,4.66,4.67,4.57,4.62,-0.8583690987124526,2.145922746781108,7307925,33729550.5,2023-10-31,1.0813,4961298928.74,3122447461.98,0.8333,14.7977
2286,SZSE.000056,皇庭国际,2.96,2.96,3.01,2.94,2.98,0.6756756756756799,2.3648648648648596,11855500,35267090.0,2023-10-31,1.3118,3606064385.6,2693111773.34,2.2426,-2.6902
2287,SZSE.000058,深赛格,7.1,7.14,7.14,7.03,7.08,-0.28169014084505895,1.5492957746478793,13218357,93590770.83,2023-10-31,1.3424,8716900757.76,6971651956.32,4.2385,63.4826
2288,SZSE.000059,华锦股份,5.77,5.77,5.86,5.77,5.85,1.3864818024263537,1.559792027729649,10488802,61172580.29,2023-10-31,0.6558,9356738841.45,9356738841.45,0.6752,-24.8845
2289,SZSE.000060,中金岭南,4.76,4.74,4.79,4.69,4.73,-0.6302521008403228,2.1008403361344463,28374779,134244626.91,2023-10-31,0.7592,17678785582.92,17677455270.42,1.4373,20.0313
2290,SZSE.000061,农产品,6.59,6.62,6.65,6.54,6.56,-0.4552352048558417,1.6691957511380928,6574981,43303778.11,2023-10-31,0.3875,11132084699.36,11131905119.36,1.8658,30.6483
2291,SZSE.000062,深圳华强,11.52,11.52,11.64,11.38,11.47,-0.4340277777777679,2.256944444444443,5871659,67471182.94,2023-10-31,0.5621,11996579923.34,11980960111.75,1.6636,18.0323
2292,SZSE.000063,中兴通讯,26.62,26.63,26.63,26.0,26.15,-1.765589782118715,2.3666416228399663,80365465,2107500358.47,2023-10-31,1.9957,125082028084.8,105306593266.25,1.8874,13.7431
2293,SZSE.000065,北方国际,11.54,11.5,11.68,11.25,11.38,-1.3864818024263315,3.726169844020795,14534806,166309151.42,2023-10-31,1.6054,11400255444.08,10302955035.4,1.3984,13.7719
2294,SZSE.000066,中国长城,10.8,10.8,11.18,10.64,10.98,1.6666666666666607,4.999999999999992,85278689,929461101.2,2023-10-31,2.71,35419273986.24,34551790181.46,2.7541,-138.6657
2295,SZSE.000068,华控赛格,3.5,3.51,3.52,3.45,3.47,-0.8571428571428563,1.9999999999999956,9948528,34547255.6,2023-10-31,0.9883,3493149980.08,3493149980.08,8.1564,17.0432
2296,SZSE.000069,华侨城A,3.64,3.64,3.68,3.59,3.62,-0.5494505494505475,2.4725274725274806,30537606,110643490.72,2023-10-31,0.4328,29690493972.3,25544370426.78,0.479,-2.0648
2297,SZSE.000070,特发信息,9.04,9.04,9.05,8.75,8.88,-1.7699115044247593,3.318584070796468,26890137,239078952.17,2023-10-31,3.0262,7995061468.8,7890578198.88,3.6879,-100.8294
2298,SZSE.000078,海王生物,3.07,3.08,3.1,3.06,3.08,0.32573289902280145,1.3029315960912065,16745137,51581002.46,2023-10-31,0.6376,8472566431.56,8088306805.04,1.776,-7.9124
2299,SZSE.000088,盐田港,4.91,4.91,4.95,4.87,4.93,0.40733197556006573,1.629327902240327,5024072,24658415.51,2023-10-31,0.2234,11088367412.71,11088237881.89,1.1214,19.1512
2300,SZSE.000089,深圳机场,6.77,6.78,6.79,6.71,6.77,0.0,1.1816838995568697,5774714,39001632.24,2023-10-31,0.2816,13883709575.93,13883526068.31,1.2801,-156.0337
2301,SZSE.000090,天健集团,5.11,5.09,5.15,5.03,5.07,-0.7827788649706457,2.3483365949119395,30796419,156318340.81,2023-10-31,1.6482,9473525350.38,9473091865.38,0.8631,6.0812
2302,SZSE.000096,广聚能源,8.84,8.95,9.25,8.88,8.95,1.2443438914027105,4.185520361990942,4519122,40697722.43,2023-10-31,0.8846,4725600000.0,4572089600.0,1.7989,86.964
2303,SZSE.000099,中信海直,7.98,7.95,8.02,7.91,7.95,-0.3759398496240629,1.3784461152882133,7558955,60162632.2,2023-10-31,1.0643,6167372589.15,5646210331.2,1.218,27.8068
2304,SZSE.000100,TCL科技,4.06,4.03,4.04,3.91,3.93,-3.2019704433497442,3.2019704433497513,276991299,1097139469.07,2023-10-31,1.5305,73801787414.31,71127268307.22,1.4103,46.356
2305,SZSE.000151,中成股份,11.15,11.14,11.32,10.98,11.09,-0.5381165919282505,3.0493273542600883,5151700,57177398.0,2023-10-31,1.9328,3741441373.52,2955972594.03,5.5214,-9.2043
2306,SZSE.000153,丰原药业,10.06,10.09,10.22,9.95,10.03,-0.29821073558649047,2.6838966202783436,12338723,124672155.52,2023-10-31,3.8567,3331075636.9,3208910236.9,1.7859,20.7663
2307,SZSE.000155,川能动力,11.86,11.93,11.93,11.65,11.72,-1.1804384485666009,2.3608768971332155,7877000,92297577.0,2023-10-31,0.6074,17297862306.96,15200034777.4,2.9139,20.6234
2308,SZSE.000156,华数传媒,7.28,7.28,7.35,7.21,7.26,-0.27472527472528485,1.9230769230769187,7408292,53874088.72,2023-10-31,0.4734,13452289528.92,11362300105.86,0.9174,18.0971
2309,SZSE.000157,中联重科,6.56,6.61,6.66,6.4,6.42,-2.1341463414634054,3.9634146341463388,49876305,322320871.6,2023-10-31,0.7059,55712710155.12,45364314633.24,1.0294,18.6176
2310,SZSE.000158,常山北明,10.18,10.17,10.79,9.93,10.57,3.8310412573673958,8.447937131630642,263446300,2735871079.06,2023-10-31,16.6289,16897378740.97,16745686324.43,2.9029,-83.4827
2311,SZSE.000159,国际实业,7.02,7.02,7.04,6.82,6.86,-2.2792022792022637,3.1339031339031305,11437640,79080222.2,2023-10-31,2.3794,3297505911.98,3297505911.98,1.3622,57.6523
2312,SZSE.000166,申万宏源,4.39,4.38,4.42,4.37,4.39,0.0,1.1389521640091078,37884397,166241680.23,2023-10-31,0.1681,109925356618.4,98930877117.24,1.1033,38.47
2313,SZSE.000301,东方盛虹,10.59,10.6,10.65,10.5,10.64,0.47214353163362865,1.416430594900853,17801067,188249410.94,2023-10-31,0.3238,70343307139.28,58488188304.56,1.9152,48.5274
2314,SZSE.000333,美的集团,54.5,54.3,54.3,52.7,52.92,-2.899082568807332,2.935779816513751,23807212,1263696549.7,2023-10-31,0.3455,372068413703.28,364609713106.8,2.3816,11.3432
2315,SZSE.000338,潍柴动力,13.8,13.89,14.07,13.73,13.88,0.5797101449275477,2.4637681159420275,61888957,857668884.01,2023-10-31,1.2256,121124608675.48,70088756483.0,1.5656,14.9649
2316,SZSE.000400,许继电气,17.49,17.45,17.5,17.08,17.16,-1.8867924528301772,2.4013722126929773,11012517,189489693.01,2023-10-31,1.0922,17486199742.44,17302533688.44,1.6282,19.8007
2317,SZSE.000401,冀东水泥,7.15,7.14,7.17,7.07,7.15,0.0,1.3986013986013937,12108796,86285823.4,2023-10-31,0.7826,19006234611.65,11063193434.15,0.6399,-31.7377
2318,SZSE.000402,金融街,4.09,4.08,4.13,4.03,4.12,0.7334963325183352,2.444987775061116,14062728,57458047.5,2023-10-31,0.4707,12314391216.84,12309855628.32,0.337,-6.5784
2319,SZSE.000403,派林生物,23.31,23.24,24.21,22.9,23.95,2.7456027456027376,5.61990561990563,12599547,299497325.56,2023-10-31,1.9807,17546865209.55,15235321475.35,2.4591,31.1232
2320,SZSE.000404,长虹华意,6.06,6.07,6.13,6.05,6.06,0.0,1.3201320132013215,8342400,50781804.39,2023-10-31,1.2011,4217735632.74,4208889202.32,1.1282,10.7338
2321,SZSE.000407,胜利股份,3.65,3.65,3.66,3.6,3.62,-0.8219178082191747,1.6438356164383578,6189334,22440324.74,2023-10-31,0.7067,3185906454.72,3170278031.44,1.1306,28.4006
2322,SZSE.000408,藏格矿业,22.42,22.3,22.48,22.22,22.39,-0.1338090990187335,1.1596788581623618,3633477,81284507.56,2023-10-31,0.2299,35385941284.47,35385571849.47,2.8554,7.9383
2323,SZSE.000409,云鼎科技,7.73,7.72,7.76,7.55,7.64,-1.1642949547218673,2.716688227684346,6381791,48744962.37,2023-10-31,1.5074,5074568258.2,3234600241.8,3.5597,110.9802
2324,SZSE.000410,沈阳机床,7.59,7.47,7.49,7.34,7.39,-2.6350461133069825,1.9762845849802417,11667200,86464411.0,2023-10-31,0.6941,15258477396.17,12421968826.16,16.2193,-311.1629
2325,SZSE.000411,英特集团,11.66,11.65,11.83,11.56,11.78,1.0291595197255532,2.3156089193825005,5768428,67745781.76,2023-10-31,1.815,6154267454.6,3743838388.68,1.5226,14.7411
2326,SZSE.000413,东旭光电,2.28,2.27,2.29,2.17,2.18,-4.3859649122806825,5.263157894736848,253891330,565171614.01,2023-10-31,5.0482,12279394886.64,10963983340.08,0.55,-14.3564
2327,SZSE.000415,渤海租赁,2.4,2.42,2.47,2.39,2.39,-0.4166666666666541,3.3333333333333366,38447100,92886989.0,2023-10-31,0.7129,14781005863.98,12888646532.65,0.4855,-16.6656
2328,SZSE.000416,*ST民控,2.03,2.12,2.13,2.1,2.13,4.92610837438423,1.4778325123152616,8798559,18724689.08,2023-10-31,1.655,1132886282.22,1132395538.74,1.3164,-81.5368
2329,SZSE.000417,合肥百货,4.72,4.73,4.78,4.7,4.73,0.21186440677967155,1.6949152542372898,20023602,94882098.42,2023-10-31,2.5703,3688852266.0,3684799843.23,0.8305,15.961
2330,SZSE.000419,通程控股,5.41,5.4,5.46,5.37,5.44,0.5545286506469571,1.6635859519408478,4337912,23547786.04,2023-10-31,0.7984,2957089643.2,2955551156.8,0.9194,27.9436
2331,SZSE.000420,吉林化纤,3.07,3.05,3.06,3.02,3.04,-0.9771986970683932,1.3029315960912065,14403572,43826328.79,2023-10-31,0.586,7474959762.72,7472405554.72,1.7047,145.0244
2332,SZSE.000421,南京公用,5.24,5.24,5.31,5.2,5.26,0.3816793893129722,2.099236641221363,10259103,54053708.38,2023-10-31,1.7915,3041657772.84,3012122872.84,1.0712,28.3864
2333,SZSE.000422,湖北宜化,10.15,10.12,10.2,10.09,10.17,0.19704433497536034,1.0837438423645265,5986486,60705876.33,2023-10-31,0.6668,10758504461.04,9130800832.47,1.64,26.6467
2334,SZSE.000423,东阿阿胶,46.52,47.1,47.2,46.25,46.4,-0.257953568357705,2.042132416165096,3143616,146546172.73,2023-10-31,0.4882,29880524633.6,29880524633.6,2.8858,28.4367
2335,SZSE.000425,徐工机械,6.04,6.04,6.04,5.71,5.73,-5.132450331125826,5.463576158940398,102558235,593383162.53,2023-10-31,1.2616,67706631712.89,46579125483.63,1.2169,15.1451
2336,SZSE.000426,兴业银锡,9.15,9.25,9.42,9.16,9.39,2.622950819672143,2.841530054644806,24966303,232277536.97,2023-10-31,1.6893,17251234936.41,13877291904.18,2.8407,35.4245
2337,SZSE.000428,华天酒店,4.01,4.01,4.01,3.94,3.97,-0.9975062344139585,1.745635910224435,10182294,40401926.11,2023-10-31,0.9994,4045136220.0,4044963525.0,2.3568,-17.7614
2338,SZSE.000429,粤高速A,8.03,8.02,8.12,7.98,8.08,0.6226650062266526,1.7434620174346054,6871934,55305180.72,2023-10-31,0.5273,16893713498.08,10530905640.48,1.7704,11.7131
2339,SZSE.000430,张家界,6.67,6.69,6.76,6.65,6.66,-0.14992503748125774,1.6491754122938445,2957431,19777167.08,2023-10-31,0.8915,2696085788.76,2209380408.0,2.5298,-17.0147
2340,SZSE.000488,晨鸣纸业,4.5,4.41,4.49,4.4,4.48,-0.4444444444444362,1.999999999999997,8045842,35841887.32,2023-10-31,0.4773,13349245056.0,7551237554.56,0.7775,-16.2879
2341,SZSE.000498,山东路桥,5.89,5.86,5.87,5.8,5.83,-1.018675721561968,1.1884550084889693,12122312,70700808.84,2023-10-31,0.8315,9100558891.49,8499260591.14,0.718,4.0726
2342,SZSE.000501,武商集团,8.67,8.58,8.65,8.55,8.63,-0.46136101499422155,1.1534025374855783,4314700,37059801.0,2023-10-31,0.5618,6636407268.53,6628471215.46,0.6084,72.5784
2343,SZSE.000503,国新健康,10.39,10.41,10.52,10.26,10.33,-0.5774783445620879,2.5024061597690066,6337800,65656940.0,2023-10-31,0.7052,9335870426.44,9284396697.56,15.4188,-122.0336
2344,SZSE.000504,南华生物,11.15,11.19,11.4,11.14,11.34,1.704035874439458,2.3318385650224194,2778467,31430214.1,2023-10-31,0.8943,3533248037.34,3522966059.34,247.8095,-277.144
2345,SZSE.000505,京粮控股,7.11,7.12,7.15,7.09,7.13,0.2812939521800173,0.8438818565400914,3003297,21366212.77,2023-10-31,0.4759,5183155289.63,4499781045.68,1.6502,40.3209
2346,SZSE.000506,中润资源,4.4,4.4,4.53,4.36,4.44,0.9090909090909038,3.8636363636363615,38159397,169087413.93,2023-10-31,4.109,4124838858.84,4123299066.84,5.7145,34.6953
2347,SZSE.000507,珠海港,5.31,5.29,5.34,5.28,5.34,0.5649717514124353,1.1299435028248515,6168285,32785434.2,2023-10-31,0.6836,4911384339.3,4818483601.02,0.9934,15.3461
2348,SZSE.000509,华塑控股,3.75,3.75,3.81,3.72,3.75,0.0,2.3999999999999964,13377146,50338237.05,2023-10-31,1.2466,4024230195.0,4024218030.0,24.3699,170.7647
2349,SZSE.000510,新金路,4.9,4.9,4.97,4.9,4.93,0.6122448979591688,1.4285714285714162,6066701,29917399.93,2023-10-31,1.0695,3003268512.22,2796504203.76,2.229,-36.849
2350,SZSE.000513,丽珠集团,34.68,34.53,35.35,34.51,35.01,0.9515570934256035,2.4221453287197328,5758089,202063185.68,2023-10-31,0.9506,32753699571.87,21206948857.56,2.4009,16.343
2351,SZSE.000514,渝开发,4.44,4.42,4.73,4.37,4.55,2.4774774774774633,8.108108108108114,45658302,206345219.56,2023-10-31,5.4112,3839157890.75,3839157890.75,1.0555,21.1586
2352,SZSE.000516,国际医学,9.34,9.32,9.53,9.27,9.37,0.3211991434689532,2.7837259100642378,27164697,254906902.14,2023-10-31,1.4301,21183785183.66,17798741990.9,5.2334,-37.04
2353,SZSE.000517,荣安地产,2.75,2.77,2.82,2.73,2.78,1.0909090909090757,3.2727272727272676,21168703,58799236.33,2023-10-31,0.8495,8851304508.3,6927722236.48,0.9637,12.2356
2354,SZSE.000518,四环生物,3.06,3.07,3.12,3.04,3.09,0.9803921568627416,2.6143790849673225,26270108,81325458.16,2023-10-31,2.5516,3181328725.98,3181265291.37,6.1903,-56.0541
2355,SZSE.000519,中兵红箭,14.21,14.23,14.34,14.15,14.26,0.3518648838845895,1.337086558761432,12234814,174208648.41,2023-10-31,0.8793,19857891083.32,19842798299.32,2.0026,138.4411
2356,SZSE.000520,凤凰航运,2.89,2.89,2.93,2.87,2.91,0.6920415224913601,2.07612456747405,5374122,15633350.02,2023-10-31,0.531,2945162854.05,2945162854.05,5.4857,-213.7483
2357,SZSE.000521,长虹美菱,5.94,5.93,5.98,5.81,5.88,-1.0101010101010166,2.861952861952876,16609800,97833040.0,2023-10-31,1.8976,6055951444.2,5146837258.92,1.084,10.4213
2358,SZSE.000523,红棉股份,3.19,3.21,3.21,3.17,3.2,0.31347962382446415,1.2539184952978069,7214169,23003730.82,2023-10-31,0.524,5873499075.2,4405891014.4,4.4751,-124.0218
2359,SZSE.000524,岭南控股,8.61,8.61,8.74,8.51,8.58,-0.34843205574912606,2.6713124274099935,3961100,33990729.0,2023-10-31,0.5911,5750389762.26,5749300308.18,2.7502,-229.2561
2360,SZSE.000525,ST红太阳,8.37,8.38,8.62,8.28,8.45,0.9557945041815952,4.062126642771803,3213047,27252854.07,2023-10-31,0.5534,4907530776.85,4906215069.6,3.8546,-25.8331
2361,SZSE.000526,学大教育,38.57,38.38,38.77,37.37,37.71,-2.229712211563395,3.629764065335768,3652900,138519277.0,2023-10-31,3.1019,4605322776.39,4440831756.39,8.1806,38.4
2362,SZSE.000528,柳工,6.55,6.56,6.58,6.37,6.42,-1.984732824427482,3.206106870229007,19612762,126101107.29,2023-10-31,1.3881,12526741075.5,9076088813.58,0.7677,14.9202
2363,SZSE.000529,广弘控股,6.34,6.33,6.39,6.3,6.34,0.0,1.419558359621449,3788428,23995888.36,2023-10-31,0.6648,3701230692.2,3613066950.18,1.2005,10.9947
2364,SZSE.000530,冰山冷热,5.77,5.77,5.91,5.65,5.79,0.34662045060658286,4.506065857885612,52859810,305840029.04,2023-10-31,8.8094,4882200415.53,3474240939.27,1.5905,59.4588
2365,SZSE.000531,穗恒运A,6.78,6.78,6.88,6.76,6.85,1.0324483775811188,1.7699115044247802,10671875,73045719.29,2023-10-31,1.2981,5631380780.4,5631380780.4,1.0796,27.2539
2366,SZSE.000532,华金资本,10.75,10.72,10.92,10.7,10.81,0.5581395348837281,2.046511627906983,2188700,23696777.0,2023-10-31,0.6371,3726297155.4,3713772754.26,2.8184,57.7828
2367,SZSE.000533,顺钠股份,4.19,4.23,4.33,4.19,4.22,0.7159904534606021,3.3412887828162217,22781363,96835456.71,2023-10-31,3.3262,2915243520.0,2890288128.0,3.8286,47.9989
2368,SZSE.000534,万泽股份,13.04,13.0,13.29,13.0,13.06,0.15337423312884457,2.2239263803680918,4300990,56457645.3,2023-10-31,0.8698,6648028391.76,6458029226.26,5.4685,51.7114
2369,SZSE.000536,华映科技,3.91,3.9,3.9,3.73,3.79,-3.069053708439895,4.34782608695652,156921088,597017402.81,2023-10-31,5.6792,10483264323.37,10472082735.64,3.5656,-6.7558
2370,SZSE.000537,中绿电,11.03,11.05,11.06,10.91,10.97,-0.5439709882139487,1.359927470534908,3801450,41690000.0,2023-10-31,0.2041,20431852298.4,20431852298.4,1.198,24.9822
2371,SZSE.000538,云南白药,50.66,51.5,51.57,50.55,50.85,0.3750493485985107,2.0134228187919527,8811268,448526218.28,2023-10-31,0.4937,91370460616.65,90763039162.35,2.2908,18.9577
2372,SZSE.000539,粤电力A,5.42,5.44,5.47,5.31,5.36,-1.1070110701106972,2.9520295202952056,19904466,106750713.71,2023-10-31,0.7794,28141522164.96,13688966706.64,1.2836,65.4186
2373,SZSE.000541,佛山照明,7.88,7.76,7.94,7.5,7.63,-3.172588832487311,5.58375634517767,93434928,716527830.15,2023-10-31,8.8438,10392019156.61,8061103011.5,2.0034,42.5612
2374,SZSE.000543,皖能电力,6.35,6.39,6.4,6.27,6.34,-0.15748031496062298,2.0472440944882013,16180650,102586377.2,2023-10-31,0.7138,14371913518.54,14371913518.54,1.0232,11.6835
2375,SZSE.000544,中原环保,7.15,7.17,7.2,7.11,7.17,0.2797202797202747,1.2587412587412568,8643372,61899843.2,2023-10-31,0.8868,6988487778.96,6988487778.96,0.9336,11.0201
2376,SZSE.000545,金浦钛业,3.07,3.08,3.12,3.07,3.11,1.3029315960912058,1.6286644951140152,11069100,34288283.0,2023-10-31,1.1233,3069050928.56,3064603628.56,2.1321,-11.7389
2377,SZSE.000546,金圆股份,7.86,7.77,7.86,7.47,7.58,-3.562340966921118,4.961832061068709,47820703,364646800.16,2023-10-31,6.7208,5903167271.96,5393411263.82,1.2316,-11.5487
2378,SZSE.000547,航天发展,8.56,8.48,8.61,8.44,8.49,-0.8177570093457986,1.9859813084112141,11678576,99568960.48,2023-10-31,0.7353,13570995603.81,13485097409.04,1.6326,-19.8858
2379,SZSE.000548,湖南投资,5.21,5.22,5.26,5.19,5.25,0.7677543186180413,1.3435700575815623,5731944,29953522.56,2023-10-31,1.1483,2620883007.75,2620741257.75,1.3659,33.052
2380,SZSE.000550,江铃汽车,17.31,17.2,17.35,16.13,16.27,-6.0080878105141515,7.047949162333926,23126358,383860400.79,2023-10-31,4.4606,14044491780.0,8435395613.2,1.4191,11.6328
2381,SZSE.000551,创元科技,9.83,9.83,9.86,9.67,9.76,-0.7121057985757906,1.932858596134278,2610752,25459955.52,2023-10-31,0.6526,3942891696.8,3904784752.8,1.7178,21.756
2382,SZSE.000552,甘肃能化,3.22,3.21,3.23,3.19,3.21,-0.31055900621118626,1.2422360248447215,23572573,75620861.5,2023-10-31,0.9412,14801478422.28,8039800741.83,1.0618,7.3993
2383,SZSE.000553,安道麦A,7.53,7.38,7.5,7.36,7.42,-1.4608233731739695,1.8592297476759585,3343332,24768224.45,2023-10-31,0.1536,17287203303.72,16153840560.62,0.7635,-14.3913
2384,SZSE.000554,泰山石油,5.97,5.95,5.96,5.79,5.83,-2.345058626465657,2.847571189279731,16676218,97443809.38,2023-10-31,4.5985,2803025043.94,2114236003.55,2.9521,111.0235
2385,SZSE.000555,神州信息,12.19,12.05,12.41,12.01,12.2,0.08203445447088065,3.2813781788351135,19256526,235084443.94,2023-10-31,1.9646,12000575298.6,11958337068.6,1.949,69.4009
2386,SZSE.000557,西部创业,4.42,4.42,4.45,4.36,4.42,0.0,2.036199095022621,4873437,21419695.65,2023-10-31,0.3343,6446016328.7,6443989595.16,1.11,31.0969
2387,SZSE.000558,莱茵体育,2.77,2.77,2.8,2.76,2.78,0.3610108303248927,1.4440433212996402,15501100,43030751.5,2023-10-31,1.2029,3584042578.22,3582543210.24,3.2824,-93.0854
2388,SZSE.000559,万向钱潮,5.22,5.22,5.25,5.16,5.17,-0.9578544061302652,1.72413793103448,16386655,85079018.57,2023-10-31,0.5952,17080601248.48,14233204516.08,2.0309,21.3414
2389,SZSE.000560,我爱我家,2.4,2.4,2.42,2.36,2.41,0.4166666666666874,2.500000000000002,50043100,119854425.0,2023-10-31,2.2251,5676757050.91,5420172766.63,0.5535,-36.6483
2390,SZSE.000561,烽火电子,8.88,8.8,8.88,8.62,8.63,-2.8153153153153143,2.927927927927945,8552999,74592762.15,2023-10-31,1.4207,5218494730.23,5195490300.18,2.8673,70.0705
2391,SZSE.000563,陕国投A,3.06,3.06,3.08,3.04,3.05,-0.326797385620925,1.3071895424836613,27729600,84783526.0,2023-10-31,0.5422,15597609591.9,15597609591.9,0.9231,14.7649
2392,SZSE.000564,ST大集,1.22,1.22,1.22,1.2,1.21,-0.8196721311475419,1.6393442622950833,61819221,74901351.41,2023-10-31,0.4072,23188170575.35,18369459397.63,1.819,-14.726
2393,SZSE.000565,渝三峡A,5.82,5.85,5.89,5.82,5.86,0.6872852233676952,1.2027491408934603,2810900,16463222.0,2023-10-31,0.6483,2540850409.2,2540850409.2,1.9886,-50.9144
2394,SZSE.000566,海南海药,4.66,4.66,4.77,4.63,4.74,1.7167381974249052,3.0042918454935554,20790409,98280798.24,2023-10-31,1.784,6149510697.24,5523932678.34,2.871,115.1528
2395,SZSE.000567,海德股份,11.9,11.87,12.04,11.87,12.01,0.9243697478991564,1.428571428571428,4634454,55397355.19,2023-10-31,0.3446,16189415025.9,16150804160.97,3.0243,17.4853
2396,SZSE.000568,泸州老窖,211.16,214.5,218.1,211.7,214.61,1.6338321651828025,3.0308770600492543,7293514,1560934291.84,2023-10-31,0.498,315903295105.09,314300461219.8,8.1716,24.8465
2397,SZSE.000570,苏常柴A,5.28,5.25,5.27,5.18,5.21,-1.3257575757575801,1.7045454545454517,15055600,78615249.0,2023-10-31,3.0179,3676657961.47,2599135238.46,1.0465,37.6154
2398,SZSE.000571,新大洲A,2.6,2.56,2.62,2.53,2.58,-0.7692307692307665,3.4615384615384728,16849226,43619817.08,2023-10-31,2.0698,2100285120.0,2100213718.5,6.6006,-12.0101
2399,SZSE.000572,海马汽车,4.25,4.23,4.3,4.2,4.21,-0.9411764705882342,2.35294117647058,30587509,129517200.43,2023-10-31,1.8626,6923919353.46,6913473493.04,3.5504,-4.5286
2400,SZSE.000573,粤宏远A,3.44,3.41,3.47,3.37,3.44,0.0,2.9069767441860495,12665402,43303746.14,2023-10-31,2.0011,2195685277.76,2177239388.88,1.4298,-29.9606
2401,SZSE.000576,甘化科工,9.4,9.4,9.43,9.1,9.12,-2.9787234042553346,3.510638297872341,4447823,40965408.82,2023-10-31,1.0332,4036801414.08,3925972939.68,2.2269,43.0003
2402,SZSE.000581,威孚高科,16.28,16.31,16.33,16.03,16.15,-0.7985257985258176,1.842751842751825,6352184,102356292.18,2023-10-31,0.7708,16191663656.95,13308893017.45,0.8576,92.9425
2403,SZSE.000582,北部湾港,7.43,7.42,7.46,7.36,7.39,-0.538358008075368,1.3458950201884206,6695470,49493868.07,2023-10-31,0.475,13094959077.43,10417802348.5,0.9853,11.7879
2404,SZSE.000584,ST工智,4.21,4.18,4.3,4.13,4.19,-0.47505938242279333,4.038004750593823,13336700,55974298.0,2023-10-31,1.7801,3188328447.63,3139266585.38,3.1347,-11.7332
2405,SZSE.000586,汇源通信,13.98,13.93,14.68,13.92,14.32,2.4320457796852546,5.436337625178825,5129111,73768735.45,2023-10-31,2.6515,2770060800.0,2770060800.0,8.3271,148.6445
2406,SZSE.000589,贵州轮胎,6.53,6.49,6.58,6.4,6.45,-1.2251148545176171,2.7565084226646204,16862844,109230388.68,2023-10-31,1.448,7728485408.4,7511310683.4,1.1417,9.6436
2407,SZSE.000590,启迪药业,8.91,9.03,9.15,8.88,9.07,1.7957351290684542,3.0303030303030254,4785004,43374114.97,2023-10-31,1.9989,2172004391.69,2171142378.89,3.0813,244.6812
2408,SZSE.000591,太阳能,5.77,5.78,5.81,5.71,5.74,-0.5199306759098632,1.733102253032923,16733245,96049327.4,2023-10-31,0.4654,22438965511.34,20636246055.32,0.9836,13.4263
2409,SZSE.000592,平潭发展,2.42,2.42,2.44,2.41,2.42,0.0,1.2396694214875952,30241534,73322019.28,2023-10-31,1.5801,4674909758.64,4631727334.3,1.9577,-21.2138
2410,SZSE.000593,德龙汇能,7.78,7.8,8.2,7.63,8.14,4.6272493573264795,7.326478149100249,46651646,371694951.43,2023-10-31,13.0146,2919256413.26,2917834436.66,2.5486,41.2681
2411,SZSE.000595,宝塔实业,4.96,4.96,4.97,4.91,4.93,-0.6048387096774244,1.209677419354831,4937477,24363766.84,2023-10-31,0.4338,5613575884.38,5611413103.24,9.1215,-57.1385
2412,SZSE.000596,古井贡酒,275.98,277.5,280.4,273.73,279.02,1.1015290963113156,2.4168418001304293,1118706,309827526.27,2023-10-31,0.2738,147489972000.0,114007572000.0,7.1114,34.0381
2413,SZSE.000597,东北制药,5.48,5.48,5.5,5.41,5.46,-0.36496350364964014,1.6423357664233549,20038328,109413057.04,2023-10-31,1.4584,7831366806.9,7502205225.06,1.6198,17.7267
2414,SZSE.000598,兴蓉环境,5.63,5.65,5.78,5.63,5.75,2.131438721136769,2.6642984014209654,23873100,136792964.0,2023-10-31,0.8042,17167006345.75,17069313845.75,1.0765,9.9061
2415,SZSE.000599,青岛双星,4.43,4.42,4.48,4.3,4.33,-2.2573363431151128,4.063205417607238,12614810,54963191.4,2023-10-31,1.5446,3536566413.71,3536422449.87,1.6594,-10.7962
2416,SZSE.000600,建投能源,5.46,5.47,5.47,5.27,5.31,-2.7472527472527486,3.663003663003666,19601158,104619348.13,2023-10-31,1.7982,9513536056.56,5788127671.56,0.9528,214.7641
2417,SZSE.000601,韶能股份,4.27,4.29,4.29,4.21,4.25,-0.4683840749414414,1.8735362997658096,5917203,25169648.3,2023-10-31,0.548,4592344593.25,4589409033.25,0.9956,-33.89
2418,SZSE.000603,盛达资源,12.73,12.65,12.78,12.56,12.72,-0.07855459544383603,1.7282010997643273,5069160,64138835.42,2023-10-31,0.8609,8776410081.12,7489659625.68,2.8135,31.5256
2419,SZSE.000605,渤海股份,6.03,6.07,6.08,6.02,6.03,0.0,0.9950248756218987,3900860,23599755.6,2023-10-31,1.1553,2126531358.0,2035991438.64,1.0101,143.8787
2420,SZSE.000607,华媒控股,4.64,4.6,4.62,4.48,4.51,-2.8017241379310276,3.017241379310338,12706191,57649695.78,2023-10-31,1.4359,4589819829.1,3990979250.94,2.8417,59.0502
2421,SZSE.000608,阳光股份,2.84,2.84,2.91,2.82,2.91,2.464788732394374,3.169014084507053,15062000,43221594.6,2023-10-31,2.0085,2182247729.19,2182247729.19,0.8325,-5.1325
2422,SZSE.000609,中迪投资,6.14,6.16,6.25,6.03,6.19,0.8143322475570258,3.5830618892508106,23451300,144034191.0,2023-10-31,8.0288,1852453581.18,1808034141.18,3.6982,-6.9124
2423,SZSE.000610,西安旅游,13.83,13.83,13.92,13.61,13.71,-0.8676789587852451,2.241503976861898,5003700,68698518.0,2023-10-31,2.1249,3245813722.71,3228484186.74,5.536,-21.4772
2424,SZSE.000612,焦作万方,5.7,5.64,5.76,5.64,5.73,0.5263157894736858,2.1052631578947385,16158581,92266774.27,2023-10-31,1.3562,6831302527.62,6826837425.12,1.2216,22.4523
2425,SZSE.000615,*ST美谷,3.19,3.18,3.35,3.17,3.35,5.0156739811912265,5.642633228840131,18932600,62326723.0,2023-10-31,2.4853,2555982058.65,2551930116.4,-12.2227,-1.661
2426,SZSE.000617,中油资本,5.94,5.93,6.04,5.9,5.93,-0.16835016835018424,2.3569023569023515,56243590,335152066.59,2023-10-31,0.4449,74967528938.47,74967528938.47,0.748,14.3786
2427,SZSE.000619,海螺新材,6.33,6.3,6.4,6.27,6.35,0.3159557661927215,2.053712480252777,2949400,18776052.0,2023-10-31,0.8193,2286000000.0,2286000000.0,1.0335,-27.337
2428,SZSE.000620,*ST新联,1.53,1.51,1.61,1.5,1.58,3.267973856209161,7.189542483660137,26078280,40533206.4,2023-10-31,1.375,2996770863.6,2996666228.1,-1.3692,-0.8113
2429,SZSE.000622,恒立实业,4.5,4.48,4.57,4.47,4.54,0.8888888888888946,2.2222222222222343,9905800,44791514.07,2023-10-31,2.3295,1930526040.0,1930526040.0,10.2231,-251.9862
2430,SZSE.000623,吉林敖东,16.64,16.36,16.37,15.91,16.09,-3.3052884615384692,2.764423076923082,22195065,357068787.02,2023-10-31,1.9144,18715352379.99,18654306083.31,0.7068,8.607
2431,SZSE.000625,长安汽车,15.43,15.51,15.84,14.97,15.13,-1.9442644199611059,5.638366817887228,236867771,3628313927.89,2023-10-31,3.0971,150079356990.0,115716894240.77,2.1352,13.9208
2432,SZSE.000626,远大控股,7.1,7.12,7.13,7.03,7.07,-0.42253521126759397,1.4084507042253471,2425000,17151177.0,2023-10-31,0.4831,3598209080.48,3548994251.95,1.2015,-91.3886
2433,SZSE.000627,天茂集团,3.07,3.07,3.14,3.06,3.12,1.6286644951140072,2.605863192182413,37744168,117283855.14,2023-10-31,0.8291,15414762994.8,14203812994.8,0.7474,-87.307
2434,SZSE.000628,高新发展,35.0,38.5,38.5,38.5,38.5,10.000000000000009,0.0,6734178,259265853.0,2023-10-31,3.506,13562780000.0,7394850540.0,6.805,36.6659
2435,SZSE.000629,钒钛股份,3.46,3.47,3.5,3.44,3.49,0.8670520231213841,1.7341040462427761,34920123,121195488.77,2023-10-31,0.4065,32439666025.05,29977692263.13,2.7062,32.904
2436,SZSE.000630,铜陵有色,3.12,3.14,3.15,3.09,3.11,-0.3205128205128305,1.9230769230769247,63824150,198643766.5,2023-10-31,0.6063,39394401059.57,32737048178.61,1.2304,15.9136
2437,SZSE.000631,顺发恒业,4.31,4.01,4.1,3.88,3.88,-9.976798143851507,5.104408352668209,155952183,612625924.35,2023-10-31,6.5108,9293682845.92,9293682845.92,1.5981,29.6936
2438,SZSE.000632,三木集团,4.24,4.24,4.26,4.2,4.24,0.0,1.415094339622632,11252200,47597159.0,2023-10-31,2.4173,1973802976.8,1973642009.44,1.3657,175.0926
2439,SZSE.000633,合金投资,7.88,8.2,8.32,7.6,7.68,-2.5380710659898553,9.13705583756346,36714823,293038093.76,2023-10-31,9.5338,2957616944.64,2957594480.64,16.5465,699.3365
2440,SZSE.000635,英力特,8.7,8.68,8.79,8.6,8.71,0.11494252873565092,2.183908045977006,2437700,21217608.0,2023-10-31,0.8043,2647569119.0,2639893013.42,1.4769,-4.0869
2441,SZSE.000636,风华高科,15.26,15.3,15.37,15.16,15.24,-0.1310615989515096,1.3761467889908197,8120659,123697248.37,2023-10-31,0.753,17632881335.64,16435988413.2,1.4776,140.2859
2442,SZSE.000637,ST实华,3.65,3.64,3.66,3.58,3.6,-1.3698630136986245,2.1917808219178103,2940600,10639477.0,2023-10-31,0.799,1871551281.6,1324851318.0,2.3003,-10.0725
2443,SZSE.000638,万方发展,6.67,6.68,6.68,6.31,6.41,-3.8980509745127456,5.5472263868065985,41243020,266302924.9,2023-10-31,13.3235,1992180251.91,1984225762.41,11.3118,-2353.3642
2444,SZSE.000639,西王食品,4.49,4.5,4.57,4.45,4.55,1.3363028953229383,2.672605790645882,8858925,40180338.9,2023-10-31,0.8207,4911397832.25,4911391812.6,1.4518,-8.9564
2445,SZSE.000650,仁和药业,7.03,7.02,7.06,6.88,6.91,-1.7069701280227556,2.560455192034135,42468673,295510484.03,2023-10-31,3.1638,9673573196.94,9275424006.69,1.6119,14.6934
2446,SZSE.000651,格力电器,34.05,34.28,34.28,33.82,33.93,-0.35242290748898064,1.3509544787077852,25942329,881387502.23,2023-10-31,0.4639,191073596792.13,189440473078.35,1.7004,7.2666
2447,SZSE.000652,泰达股份,4.07,4.08,4.08,4.02,4.05,-0.49140049140050657,1.4742014742014864,10361600,41953251.0,2023-10-31,0.7027,5976074100.6,5971539141.45,1.0629,33.4452
2448,SZSE.000655,金岭矿业,7.19,7.21,7.25,7.12,7.18,-0.13908205841447474,1.8080667593880373,5704980,40912459.36,2023-10-31,0.9583,4274542851.4,4274542851.4,1.3329,23.6905
2449,SZSE.000656,金科股份,1.65,1.65,1.76,1.59,1.69,2.4242424242424176,10.3030303030303,1004749043,1671147793.09,2023-10-31,18.9276,9024119729.04,8971155468.73,0.8909,-0.4637
2450,SZSE.000657,中钨高新,8.93,8.87,9.01,8.85,8.91,-0.2239641657334812,1.7917133258678628,14277258,127426618.4,2023-10-31,1.1515,12450638995.74,11047751770.77,2.1675,27.5802
2451,SZSE.000659,珠海中富,2.8,2.78,2.89,2.78,2.87,2.5000000000000133,3.9285714285714404,23642462,66975618.53,2023-10-31,1.8389,3689966232.4,3689966232.4,8.7265,-29.5672
2452,SZSE.000661,长春高新,154.61,154.0,157.67,151.83,155.62,0.6532565810749569,3.7772459737403627,6477586,1001027175.75,2023-10-31,1.6114,62972409543.8,62558123737.74,2.9521,14.686
2453,SZSE.000663,永安林业,8.74,8.76,8.82,8.65,8.7,-0.4576659038901698,1.94508009153318,5082700,44457052.0,2023-10-31,1.6594,2929150182.3,2664787406.1,2.8026,38.8545
2454,SZSE.000665,湖北广电,4.83,4.83,4.92,4.78,4.84,0.20703933747412417,2.8985507246376745,9772290,47201208.82,2023-10-31,0.8616,5489947613.48,5489717398.88,1.0023,-9.4831
2455,SZSE.000668,荣丰控股,11.39,11.46,11.68,11.38,11.54,1.316944688323085,2.633889376646171,2022900,23389750.0,2023-10-31,1.379,1694555410.6,1692784055.22,1.4295,-39.4592
2456,SZSE.000669,ST金鸿,1.84,1.84,1.87,1.82,1.85,0.5434782608695565,2.7173913043478284,4947040,9117604.6,2023-10-31,0.7271,1258756274.45,1258756274.45,2.7836,-31.9367
2457,SZSE.000670,盈方微,6.75,6.74,6.74,6.5,6.54,-3.111111111111109,3.555555555555559,45552876,299947633.0,2023-10-31,6.3083,5340742934.4,4722577896.48,90.2838,-208.704
2458,SZSE.000672,上峰水泥,8.61,8.58,8.75,8.58,8.73,1.3937282229965264,1.9744483159117299,7015740,60841394.8,2023-10-31,0.7237,8462822278.5,8462822278.5,0.9616,10.536
2459,SZSE.000676,智度股份,7.33,8.06,8.06,8.06,8.06,9.959072305593452,0.0,13344366,107555589.96,2023-10-31,1.0468,10288646194.32,10275081641.5,2.7835,-28.5371
2460,SZSE.000677,恒天海龙,3.21,3.18,3.35,3.14,3.31,3.1152647975077885,6.5420560747663545,59583116,195296699.53,2023-10-31,6.8964,2859767007.88,2859767007.88,6.2901,60.9117
2461,SZSE.000678,襄阳轴承,6.25,6.24,6.35,6.15,6.22,-0.48000000000000265,3.199999999999989,7981200,49879323.0,2023-10-31,1.7365,2858785377.34,2858785377.34,3.4396,-33.4591
2462,SZSE.000679,大连友谊,5.38,5.35,5.44,5.3,5.39,0.18587360594795044,2.602230483271386,8333440,44827941.0,2023-10-31,2.3382,1920996000.0,1920996000.0,5.4026,-65.6554
2463,SZSE.000680,山推股份,5.24,5.26,5.29,5.12,5.19,-0.9541984732824416,3.244274809160304,29124525,150893174.09,2023-10-31,2.7358,7789439588.28,5525120651.07,1.472,12.0211
2464,SZSE.000681,视觉中国,14.07,14.3,14.45,14.01,14.16,0.6396588486140775,3.1272210376687952,19228981,272158205.88,2023-10-31,2.849,9920176493.76,9557027108.88,2.8195,70.1059
2465,SZSE.000682,东方电子,7.93,7.9,7.9,7.48,7.56,-4.6658259773013855,5.296343001261033,34307861,261262423.49,2023-10-31,2.5592,10135896172.92,10134883979.64,2.3095,20.1859
2466,SZSE.000683,远兴能源,6.82,6.83,6.88,6.76,6.81,-0.14662756598241566,1.7595307917888579,13653490,92963958.8,2023-10-31,0.4168,24664175793.6,22306831559.88,1.8101,13.547
2467,SZSE.000685,中山公用,7.29,7.35,7.37,7.28,7.3,0.137174211248281,1.2345679012345658,6785467,49623417.77,2023-10-31,0.5415,10768312862.3,9148190150.9,0.6633,8.8392
2468,SZSE.000686,东北证券,7.51,7.49,7.66,7.44,7.54,0.3994673768308976,2.929427430093206,22493658,170084039.4,2023-10-31,0.9611,17647014979.1,17647014979.1,0.9599,33.1919
2469,SZSE.000688,国城矿业,10.58,10.58,10.62,10.39,10.5,-0.7561436672967825,2.173913043478248,2893800,30333902.0,2023-10-31,0.2589,11735303149.5,11735257789.5,4.2163,490.6862
2470,SZSE.000690,宝新能源,4.92,4.96,4.99,4.8,4.84,-1.6260162601625994,3.861788617886187,39604403,192929910.83,2023-10-31,1.8213,10531297252.08,10524441455.0,0.8863,16.5063
2471,SZSE.000691,亚太实业,4.64,4.62,4.69,4.57,4.67,0.6465517241379448,2.5862068965517264,4255850,19829210.0,2023-10-31,1.3165,1509670900.0,1509670900.0,26.6016,-2482.6737
2472,SZSE.000692,*ST惠天,2.57,2.57,2.59,2.55,2.57,0.0,1.5564202334630364,1869510,4789594.96,2023-10-31,0.3509,1369380748.32,1369363979.07,-0.5728,-1.0084
2473,SZSE.000695,滨海能源,11.05,11.14,11.25,11.0,11.22,1.538461538461533,2.262443438914027,900845,10048739.45,2023-10-31,0.4063,2492495387.58,2487713423.58,13.0499,-62.0313
2474,SZSE.000697,*ST炼石,4.75,4.72,4.99,4.7,4.99,5.052631578947375,6.105263157894738,8100822,39883766.12,2023-10-31,1.3932,3351364134.41,2901445005.95,-5.0114,-4.3038
2475,SZSE.000698,沈阳化工,4.16,4.16,4.18,4.14,4.17,0.24038461538460343,0.9615384615384623,5687300,23667805.0,2023-10-31,0.7238,3417375027.15,3276412672.41,2.017,-1.8588
2476,SZSE.000700,模塑科技,8.2,8.28,8.28,7.88,7.92,-3.4146341463414553,4.8780487804877986,31855446,255761563.53,2023-10-31,3.47,7270681880.88,7270681880.88,2.0328,14.8364
2477,SZSE.000701,厦门信达,5.87,5.86,5.89,5.72,5.8,-1.1925042589437829,2.896081771720612,8705464,50372559.99,2023-10-31,2.1171,3985633014.8,2384985125.6,3.9109,-77.0479
2478,SZSE.000702,正虹科技,5.73,5.74,5.84,5.7,5.79,1.0471204188481575,2.4432809773123854,5394501,31134528.79,2023-10-31,2.0232,2006958448.92,1543814195.04,3.9294,-22.8495
2479,SZSE.000703,恒逸石化,7.36,7.38,7.38,7.14,7.19,-2.309782608695654,3.260869565217394,18831038,135842848.08,2023-10-31,0.5163,26360705175.03,26222371911.78,1.1045,-12.0337
2480,SZSE.000705,浙江震元,8.8,8.89,8.89,8.71,8.78,-0.22727272727274261,2.045454545454542,10044837,88484145.19,2023-10-31,3.5633,2933602451.08,2475066643.78,1.4898,30.5269
2481,SZSE.000707,双环科技,7.27,7.26,7.56,7.26,7.47,2.751031636863832,4.126547455295734,12476120,93137613.98,2023-10-31,2.688,3467168864.55,3467168864.55,1.8039,6.0046
2482,SZSE.000708,中信特钢,14.94,14.98,15.04,14.45,14.51,-2.878179384203483,3.94912985274431,10101333,147596697.42,2023-10-31,0.2001,73234235562.38,73233991794.38,1.9962,12.3367
2483,SZSE.000709,河钢股份,2.23,2.24,2.25,2.22,2.24,0.4484304932735439,1.345291479820619,37058577,82764887.44,2023-10-31,0.3586,23155151246.08,23151323603.52,0.4511,22.3223
2484,SZSE.000710,贝瑞基因,10.55,10.56,10.88,10.52,10.76,1.9905213270142053,3.4123222748815274,7116200,76669691.53,2023-10-31,2.3275,3815559107.4,3289817007.0,1.7594,-10.2146
2485,SZSE.000711,*ST京蓝,1.87,1.86,1.96,1.85,1.95,4.278074866310155,5.882352941176464,21230940,40641602.2,2023-10-31,2.1607,1996152241.2,1916018011.05,-1.2529,-1.1541
2486,SZSE.000712,锦龙股份,14.88,14.82,15.18,14.8,14.96,0.5376344086021501,2.5537634408602083,78367129,1174242990.03,2023-10-31,8.7537,13404160000.0,13392801994.0,5.1734,-31.508
2487,SZSE.000713,丰乐种业,8.14,8.16,8.16,8.1,8.14,0.0,0.7371007371007432,4014037,32623561.2,2023-10-31,0.6537,4998081937.2,4998081937.2,2.6494,173.1031
2488,SZSE.000715,中兴商业,7.23,7.25,7.43,7.23,7.38,2.0746887966804906,2.7662517289073207,8467480,62428878.2,2023-10-31,2.0401,3068005777.2,3063139065.72,1.69,26.095
2489,SZSE.000716,黑芝麻,6.22,6.2,6.28,6.2,6.23,0.1607717041800738,1.2861736334405156,13001665,81033755.35,2023-10-31,1.8683,4635117196.5,4335622786.53,1.8398,-44.1994
2490,SZSE.000717,中南股份,2.9,2.9,2.93,2.88,2.9,0.0,1.7241379310344922,13804779,40057918.1,2023-10-31,0.5696,7029152211.0,7028326798.5,0.7829,-9.4628
2491,SZSE.000718,苏宁环球,2.75,2.73,2.77,2.71,2.75,0.0,2.181818181818184,14828524,40656734.24,2023-10-31,0.6476,8345250056.0,6296824110.5,0.8762,33.5206
2492,SZSE.000719,中原传媒,10.09,10.09,10.26,9.93,10.0,-0.8919722497522264,3.270564915758177,14093127,142161701.15,2023-10-31,2.1124,10232037490.0,6671475430.0,1.0087,9.6764
2493,SZSE.000720,新能泰山,4.33,4.31,4.4,4.29,4.39,1.3856812933025209,2.540415704387998,5859051,25619658.76,2023-10-31,0.4663,5516173596.69,5516173596.69,2.2028,-68.6977
2494,SZSE.000721,西安饮食,10.78,10.78,10.86,10.57,10.68,-0.9276437847866359,2.690166975881254,12612275,134810455.25,2023-10-31,2.8828,6129404809.44,4672520505.6,12.8921,-41.8868
2495,SZSE.000722,湖南发展,10.07,10.04,10.17,9.96,10.03,-0.3972194637537285,2.0854021847070414,3783192,37994132.76,2023-10-31,0.8151,4655507568.46,4655507568.46,1.4612,186.28
2496,SZSE.000723,美锦能源,7.0,7.01,7.03,6.94,7.01,0.14285714285713347,1.2857142857142836,18560755,129751836.27,2023-10-31,0.4646,30328458880.31,28004333610.7,2.0843,33.5573
2497,SZSE.000725,京东方A,4.02,4.0,4.03,3.91,3.92,-2.487562189054715,2.985074626865675,342075870,1353355214.67,2023-10-31,0.9181,149578884417.76,146061888179.2,1.1631,45.5765
2498,SZSE.000726,鲁泰A,6.66,6.65,6.72,6.64,6.7,0.6006006006006093,1.2012012012012023,3011647,20127239.3,2023-10-31,0.5193,5786171147.8,3885295655.8,0.6288,9.5955
2499,SZSE.000727,冠捷科技,2.86,2.85,2.85,2.76,2.78,-2.7972027972028024,3.1468531468531578,181278700,505396368.0,2023-10-31,5.3018,12592196204.4,9505437582.56,4.2399,44.0822
2500,SZSE.000728,国元证券,6.94,6.93,6.98,6.89,6.92,-0.2881844380403509,1.2968299711815667,36850960,255040602.21,2023-10-31,0.8445,30197343005.72,30197289680.2,0.8862,15.1025
2501,SZSE.000729,燕京啤酒,10.38,10.39,10.44,10.15,10.41,0.28901734104045396,2.7938342967244614,16871556,174233762.64,2023-10-31,0.6723,29340994539.81,26124520828.38,2.0726,46.1453
2502,SZSE.000731,四川美丰,7.34,7.3,7.35,7.28,7.35,0.13623978201635634,0.9536784741144331,5975261,43668565.38,2023-10-31,1.0202,4216971948.0,4216971948.0,1.0213,9.8461
2503,SZSE.000733,振华科技,66.77,66.75,67.7,66.38,66.91,0.209675003744203,1.9769357495881497,6289625,421518089.6,2023-10-31,1.2092,34820845070.88,34803130648.38,2.5353,13.5108
2504,SZSE.000735,罗牛山,5.68,5.66,6.05,5.65,5.82,2.464788732394374,7.042253521126751,37599549,220358146.84,2023-10-31,3.267,6701809023.96,6698223548.94,1.6135,-79.2604
2505,SZSE.000736,中交地产,11.1,11.0,11.31,10.93,11.15,0.45045045045044585,3.4234234234234306,17566593,195252421.91,2023-10-31,2.526,7754085632.35,7754085632.35,3.4396,-12.5303
2506,SZSE.000737,北方铜业,5.28,5.36,5.48,5.35,5.39,2.083333333333326,2.462121212121227,16320060,88034528.4,2023-10-31,2.2471,9553538740.13,3914604042.58,1.9948,16.765
2507,SZSE.000738,航发控制,20.73,20.7,20.83,20.65,20.75,0.09647853352627855,0.8683068017366122,3459447,71783395.07,2023-10-31,0.263,27290068020.75,27290068020.75,2.332,36.7555
2508,SZSE.000739,普洛药业,17.41,17.34,17.63,17.1,17.23,-1.0338885697874778,3.0442274554853395,13504229,233536420.99,2023-10-31,1.1463,20305959767.16,20298381651.33,3.3771,17.1613
2509,SZSE.000750,国海证券,3.65,3.64,3.67,3.6,3.61,-1.0958904109588996,1.9178082191780779,50383087,182532021.54,2023-10-31,0.9254,19654737105.54,19654737105.54,1.045,57.7789
2510,SZSE.000751,锌业股份,3.22,3.22,3.25,3.21,3.23,0.31055900621117516,1.2422360248447215,12279459,39648578.07,2023-10-31,0.871,5218486821.85,4553877771.17,1.4742,45.3834
2511,SZSE.000752,*ST西发,6.83,7.03,7.16,6.88,6.89,0.8784773060029227,4.099560761347002,13653533,95467171.1,2023-10-31,5.1765,1817296002.99,1817296002.99,-16.8812,-23.7453
2512,SZSE.000753,漳州发展,4.64,4.66,4.7,4.55,4.58,-1.2931034482758563,3.232758620689663,10473600,48267493.0,2023-10-31,1.0564,4540983305.18,4540983305.18,1.7168,102.7956
2513,SZSE.000755,山西路桥,4.6,4.61,4.63,4.57,4.62,0.43478260869567187,1.304347826086948,4943477,22723058.2,2023-10-31,0.8103,6778973105.52,2818402915.02,1.3768,14.7076
2514,SZSE.000756,新华制药,20.67,20.69,21.5,20.3,21.0,1.5965166908562978,5.8055152394775,40652084,855191300.44,2023-10-31,9.218,14168339535.0,9261129360.0,3.163,27.7964
2515,SZSE.000757,浩物股份,4.78,4.69,4.83,4.66,4.76,-0.4184100418410108,3.5564853556485336,25320947,120865498.78,2023-10-31,4.7532,2535728612.2,2535721205.64,1.5174,-20.8233
2516,SZSE.000758,中色股份,4.56,4.56,4.6,4.53,4.56,0.0,1.5350877192982326,15247864,69545525.51,2023-10-31,0.7743,9089215777.44,8980073636.64,1.7493,209.9256
2517,SZSE.000759,中百集团,4.44,4.44,4.46,4.4,4.42,-0.45045045045045695,1.3513513513513424,7541100,33368714.0,2023-10-31,1.1501,3010115030.0,2898220630.5,1.1022,-12.1653
2518,SZSE.000761,本钢板材,3.9,3.88,3.94,3.86,3.88,-0.512820512820511,2.051282051282053,9488738,36906850.2,2023-10-31,0.2559,15939885001.92,14387885001.92,0.9582,-7.1773
2519,SZSE.000762,西藏矿业,25.48,25.21,25.69,25.18,25.42,-0.23547880690737433,2.001569858712722,19160523,486664437.26,2023-10-31,3.6791,13249507470.8,13238751709.56,4.3083,30.7872
2520,SZSE.000766,通化金马,12.79,12.71,13.61,12.55,13.18,3.0492572322126765,8.287724784988262,90827383,1192375232.94,2023-10-31,9.4027,12738400238.26,12731486985.58,5.4969,383.2578
2521,SZSE.000767,晋控电力,3.08,3.06,3.08,3.03,3.06,-0.6493506493506551,1.6233766233766318,12135944,37043569.46,2023-10-31,0.4167,9415443190.14,8911474094.16,1.423,-11.0648
2522,SZSE.000768,中航西飞,22.49,22.45,22.56,22.1,22.26,-1.0226767452200858,2.0453534904401836,10409117,231850546.82,2023-10-31,0.376,61921533980.46,61629891807.96,3.702,92.4405
2523,SZSE.000776,广发证券,14.8,14.73,14.9,14.73,14.84,0.2702702702702675,1.1486486486486482,30368631,450178056.95,2023-10-31,0.513,113096940933.76,87842285325.76,1.0097,13.2977
2524,SZSE.000777,中核科技,13.0,12.95,13.09,12.73,12.8,-1.538461538461533,2.7692307692307647,5819900,74806021.0,2023-10-31,1.5179,4921236390.4,4907658585.6,2.6195,18.9257
2525,SZSE.000778,新兴铸管,4.17,4.15,4.2,4.09,4.1,-1.6786570743405393,2.6378896882494085,54904486,226436118.27,2023-10-31,1.4092,16359240981.6,15974656537.2,0.6487,11.7933
2526,SZSE.000779,甘咨询,10.64,10.6,10.61,10.46,10.47,-1.5977443609022535,1.409774436090212,3804009,39961058.5,2023-10-31,1.0111,3979596178.62,3939094219.08,1.4121,15.4018
2527,SZSE.000782,美达股份,5.32,5.32,5.38,5.31,5.35,0.5639097744360777,1.3157894736842157,6489554,34696003.59,2023-10-31,1.2288,2825546983.05,2825546983.05,2.1362,-20.3283
2528,SZSE.000783,长江证券,5.72,5.7,5.76,5.67,5.69,-0.5244755244755095,1.573426573426571,26409982,150657340.47,2023-10-31,0.4776,31465471483.91,31465471483.91,1.0291,17.9497
2529,SZSE.000785,居然之家,3.53,3.53,3.53,3.47,3.5,-0.8498583569405027,1.699716713881009,10985500,38429383.0,2023-10-31,0.1842,22005508955.5,20878318492.5,1.1187,17.3985
2530,SZSE.000786,北新建材,24.24,24.25,24.62,24.08,24.49,1.0313531353135286,2.227722772277239,14348839,350435520.82,2023-10-31,0.879,41376047050.58,39978716051.15,1.8304,11.677
2531,SZSE.000788,北大医药,6.8,6.8,6.9,6.78,6.85,0.7352941176470562,1.764705882352943,10105102,69265876.74,2023-10-31,1.6955,4082513861.25,4082513861.25,2.8571,72.7077
2532,SZSE.000789,万年青,7.43,7.41,7.46,7.37,7.4,-0.40376850605652326,1.2113055181695809,6723069,49790527.5,2023-10-31,0.8431,5900779180.8,5900639269.0,0.8554,45.3948
2533,SZSE.000790,华神科技,5.55,5.53,5.62,5.48,5.5,-0.9009009009009028,2.5225225225225167,14864949,82223646.08,2023-10-31,2.4016,3454784102.0,3404330402.0,3.3553,94.9903
2534,SZSE.000791,甘肃能源,5.64,5.66,5.71,5.58,5.6,-0.7092198581560294,2.3049645390070905,9825479,55295182.57,2023-10-31,0.6139,8963026996.0,8962938796.0,1.0256,18.1196
2535,SZSE.000792,盐湖股份,16.81,16.78,16.99,16.65,16.93,0.7138607971445721,2.022605591909577,17433695,293580655.73,2023-10-31,0.3209,91978602056.96,91977352284.36,3.0989,10.1269
2536,SZSE.000793,华闻集团,2.09,2.09,2.12,2.08,2.1,0.4784688995215447,1.913875598086126,29538793,61977996.3,2023-10-31,1.5063,4194215459.7,4118118091.5,2.1751,-7.0371
2537,SZSE.000795,英洛华,6.05,6.03,6.18,6.0,6.07,0.33057851239670644,2.9752066115702434,11749160,71224764.4,2023-10-31,1.0364,6881462505.21,6881462505.21,2.6019,53.017
2538,SZSE.000796,*ST凯撒,4.15,4.25,4.29,3.98,4.17,0.48192771084336616,7.46987951807229,19787311,81918725.93,2023-10-31,2.4642,3348511075.86,3348506071.86,-2.9847,-3.3549
2539,SZSE.000797,中国武夷,3.13,3.12,3.18,3.09,3.16,0.9584664536741228,2.8753993610223736,34902012,109610569.68,2023-10-31,2.2228,4963583325.72,4961880073.08,0.9847,269.9403
2540,SZSE.000798,中水渔业,8.55,8.57,8.66,8.5,8.57,0.23391812865496409,1.8713450292397675,3782483,32456883.31,2023-10-31,1.034,3135409161.84,3135130636.84,5.0812,-49.6946
2541,SZSE.000799,酒鬼酒,76.49,76.5,77.58,75.76,76.48,-0.013073604392721538,2.379395999477047,4492178,343576674.61,2023-10-31,1.3825,24850568390.4,24850568390.4,5.903,44.7327
2542,SZSE.000800,一汽解放,9.61,9.57,9.66,9.19,9.22,-4.058272632674287,4.890738813735699,51213760,479633194.77,2023-10-31,1.1079,42756204082.6,42619588318.44,1.7723,29.8455
2543,SZSE.000801,四川九洲,8.7,8.64,8.8,8.51,8.61,-1.0344827586206917,3.3333333333333446,28572547,246917998.21,2023-10-31,2.7935,8806365222.06,8806365222.06,3.0373,43.1777
2544,SZSE.000802,北京文化,5.82,5.87,6.0,5.85,5.91,1.546391752577314,2.577319587628872,14209045,83993404.45,2023-10-31,1.986,4230970507.05,4228399657.05,3.0204,-26.9357
2545,SZSE.000803,山高环能,5.91,5.89,5.99,5.89,5.94,0.5076142131979822,1.692047377326574,3766236,22415982.04,2023-10-31,0.8248,2844765560.34,2712383091.0,1.9759,233.2171
2546,SZSE.000807,云铝股份,13.89,13.81,14.01,13.79,13.92,0.21598272138227959,1.5838732901367936,25269091,351075330.72,2023-10-31,0.7287,48273967077.6,48273307213.92,1.9859,14.5838
2547,SZSE.000809,铁岭新城,3.35,3.37,3.48,3.34,3.44,2.686567164179099,4.1791044776119435,11420200,39011429.0,2023-10-31,1.3846,2837282047.92,2837282047.92,0.9985,-102.0563
2548,SZSE.000810,创维数字,12.17,12.15,12.26,11.88,12.06,-0.9038619556285932,3.12243221035332,10050300,121099696.0,2023-10-31,0.8993,13871605828.32,13477499958.6,2.2236,24.5965
2549,SZSE.000811,冰轮环境,12.94,12.81,12.91,12.63,12.8,-1.081916537867067,2.1638330757341526,15499890,197422086.35,2023-10-31,2.0782,9767779891.2,9546529676.8,1.8381,14.7696
2550,SZSE.000812,陕西金叶,4.97,4.96,4.98,4.89,4.93,-0.8048289738430636,1.8108651911468963,8667353,42715804.26,2023-10-31,1.1282,3789654587.02,3787574467.19,2.1198,76.2982
2551,SZSE.000813,德展健康,3.82,3.8,3.96,3.75,3.86,1.0471204188481575,5.497382198952879,85080249,328962394.2,2023-10-31,3.9305,8356730121.4,8355427371.4,1.604,-161.7407
2552,SZSE.000815,美利云,11.82,11.73,11.8,11.47,11.57,-2.115059221658211,2.791878172588833,27624822,320621837.73,2023-10-31,3.9733,8044193314.95,8044193314.95,4.3084,-40.5001
2553,SZSE.000816,智慧农业,3.03,3.04,3.05,3.01,3.02,-0.3300330033003229,1.3201320132013215,6500700,19674695.0,2023-10-31,0.4524,4369980220.36,4339412547.44,2.0079,-110.3071
2554,SZSE.000818,航锦科技,37.0,36.75,37.06,36.37,36.43,-1.540540540540536,1.864864864864878,12696373,465131284.95,2023-10-31,1.8744,24741653080.0,24676494382.0,6.7547,177.2921
2555,SZSE.000819,岳阳兴长,19.29,19.29,19.45,19.1,19.39,0.5184033177812353,1.8144116122343075,2207632,42601245.77,2023-10-31,0.738,5973695534.45,5800523444.45,5.4714,57.8148
2556,SZSE.000820,神雾节能,3.69,3.68,3.76,3.67,3.73,1.084010840108407,2.439024390243899,5829100,21716006.0,2023-10-31,2.0264,2376924678.06,1072960311.6,34.1668,-84.8023
2557,SZSE.000821,京山轻机,14.69,14.61,14.7,14.33,14.45,-1.6337644656228778,2.5187202178352566,11430981,165269472.06,2023-10-31,1.9698,9000540542.1,8385659301.35,2.4967,22.5428
2558,SZSE.000822,山东海化,6.43,6.39,6.5,6.39,6.5,1.0886469673405896,1.7107309486780766,11425036,73772373.18,2023-10-31,1.2764,5818097519.0,5818097519.0,1.2231,8.0235
2559,SZSE.000823,超声电子,9.28,9.28,9.35,9.23,9.3,0.21551724137931494,1.2931034482758537,6052872,56279571.88,2023-10-31,1.1273,4994000517.9,4993506966.9,1.1219,19.9793
2560,SZSE.000825,太钢不锈,3.92,3.92,3.94,3.87,3.91,-0.25510204081632404,1.7857142857142818,14127600,55085848.0,2023-10-31,0.248,22359407710.36,22272328882.36,0.6505,-19.3487
2561,SZSE.000826,启迪环境,3.22,3.2,3.27,3.2,3.22,0.0,2.1739130434782554,24153558,78018631.61,2023-10-31,1.6948,4589637458.56,4589056927.98,0.8078,-4.4298
2562,SZSE.000828,东莞控股,8.99,9.03,9.04,8.96,9.02,0.33370411568409697,0.8898776418242302,3688900,33220296.0,2023-10-31,0.3549,9376443267.84,9376431090.84,0.996,10.8835
2563,SZSE.000829,天音控股,9.21,8.99,9.08,8.79,8.84,-4.0173724212812285,3.1487513572204224,53639031,476360530.23,2023-10-31,5.2375,9061887871.92,9053306273.96,2.9754,78.3534
2564,SZSE.000830,鲁西化工,11.33,11.3,11.44,11.25,11.35,0.1765225066195919,1.6769638128861386,12171512,137912753.76,2023-10-31,0.8311,21752004427.35,16621233034.3,1.3086,39.833
2565,SZSE.000831,中国稀土,29.57,29.48,30.19,29.33,29.97,1.3527223537368904,2.9083530605343357,20023857,597843417.6,2023-10-31,2.0414,29397242760.57,29397242760.57,9.46,169.8211
2566,SZSE.000833,粤桂股份,5.84,5.84,5.91,5.83,5.86,0.34246575342467,1.3698630136986314,3025701,17742238.86,2023-10-31,0.8003,3916834846.86,2215578228.92,1.1882,253.8785
2567,SZSE.000836,富通信息,2.72,2.71,2.73,2.66,2.69,-1.1029411764705954,2.5735294117647,23489203,63153629.98,2023-10-31,1.9437,3250744552.56,3250744552.56,2.6827,-55.0265
2568,SZSE.000837,秦川机床,10.71,10.65,10.75,10.46,10.56,-1.400560224089642,2.7077497665732877,16046511,169515598.9,2023-10-31,2.3146,10664364891.84,7321070169.6,2.2278,69.077
2569,SZSE.000838,财信发展,3.25,3.46,3.58,3.42,3.58,10.153846153846157,4.923076923076927,50157629,178838623.82,2023-10-31,4.7598,3939654568.6,3772481760.9,3.8496,128.3845
2570,SZSE.000839,ST国安,2.23,2.22,2.23,2.17,2.18,-2.2421524663677084,2.690582959641258,14673025,32127126.5,2023-10-31,0.3743,8545221447.36,8545221447.36,5.3144,-8.8406
2571,SZSE.000848,承德露露,8.42,8.43,8.45,8.38,8.43,0.11876484560569,0.8313539192398873,4167339,35058200.82,2023-10-31,0.3959,8873030843.82,8872807415.1,3.0641,14.203
2572,SZSE.000850,华茂股份,3.83,3.82,3.89,3.82,3.85,0.5221932114882533,1.8276762402088846,10957982,42277692.88,2023-10-31,1.1616,3633110284.65,3632004961.2,0.8302,27.4573
2573,SZSE.000851,高鸿股份,6.18,6.09,6.54,6.06,6.25,1.1326860841424091,7.766990291262143,115250680,727639541.62,2023-10-31,10.1835,7236625125.0,7073390918.75,1.6212,-38.4126
2574,SZSE.000852,石化机械,6.79,6.79,6.79,6.64,6.68,-1.6200294550810068,2.209131075110462,5950683,39852658.58,2023-10-31,0.6587,6383860162.52,6034843462.4,2.091,69.9133
2575,SZSE.000856,冀东装备,8.56,8.53,8.68,8.48,8.58,0.2336448598130758,2.3364485981308327,8158982,69945128.66,2023-10-31,3.5943,1947660000.0,1947660000.0,4.8275,85.8808
2576,SZSE.000858,五粮液,156.6,157.5,157.65,155.02,156.0,-0.3831417624520994,1.6794380587484008,14497863,2261223856.93,2023-10-31,0.3735,605530848780.0,605518041492.0,4.956,20.5012
2577,SZSE.000859,国风新材,5.44,5.47,5.5,5.41,5.44,0.0,1.6544117647058796,4871513,26539242.04,2023-10-31,0.5438,4874110914.24,4873445874.24,1.6963,143.5531
2578,SZSE.000860,顺鑫农业,22.61,22.4,23.22,22.39,22.78,0.7518796992481258,3.670942061034933,11025309,250557658.64,2023-10-31,1.4864,16897452009.42,16897452009.42,2.49,-17.0146
2579,SZSE.000861,海印股份,2.04,2.03,2.04,2.01,2.03,-0.4901960784313819,1.4705882352941297,8858906,17923465.62,2023-10-31,0.3712,5093766856.71,4845198709.82,1.6128,-9.0608
2580,SZSE.000862,银星能源,6.02,6.02,6.09,5.96,6.04,0.33222591362127574,2.1594684385382044,11984560,72260045.18,2023-10-31,2.3904,5544446363.84,3028171455.6,1.3191,40.0552
2581,SZSE.000863,三湘印象,3.6,3.59,3.69,3.57,3.64,1.1111111111111072,3.333333333333336,19662361,71530684.04,2023-10-31,1.6898,4297746398.4,4235560121.52,0.9545,27.4528
2582,SZSE.000868,安凯客车,6.0,5.92,6.0,5.59,5.66,-5.666666666666664,6.833333333333336,72475184,418758918.77,2023-10-31,9.883,5317653400.1,4150638845.88,5.5056,-27.8468
2583,SZSE.000869,张裕A,27.97,27.96,28.0,27.33,27.55,-1.501608866642823,2.395423668215952,2499693,68847593.7,2023-10-31,0.5513,19071475350.45,12492225165.0,1.781,45.533
2584,SZSE.000875,吉电股份,4.7,4.7,4.77,4.66,4.68,-0.42553191489362874,2.3404255319148812,14282975,67052416.0,2023-10-31,0.584,13058174254.32,11445444115.56,1.0863,13.9878
2585,SZSE.000876,新希望,10.31,10.33,10.34,10.12,10.16,-1.4548981571290032,2.1338506304558744,17194870,175322570.01,2023-10-31,0.3811,46185078439.92,45839642717.28,2.181,-17.6857
2586,SZSE.000877,天山股份,7.13,7.12,7.18,7.07,7.13,0.0,1.5427769985974675,7185445,51102202.5,2023-10-31,0.3943,61770204663.82,12991862813.11,0.7753,116.9596
2587,SZSE.000878,云南铜业,11.04,11.05,11.16,10.96,11.04,0.0,1.8115942028985446,22257539,245582512.35,2023-10-31,1.1109,22120056542.4,22119649784.64,1.5776,11.9822
2588,SZSE.000880,潍柴重机,10.74,10.64,10.74,10.38,10.4,-3.165735567970207,3.351955307262564,5183783,54164360.43,2023-10-31,3.1967,3445734240.0,1686484800.0,1.8037,21.406
2589,SZSE.000881,中广核技,7.28,7.28,7.36,7.24,7.26,-0.27472527472528485,1.6483516483516498,6253730,45551864.2,2023-10-31,0.8059,6863791416.9,5633721325.98,1.1071,-59.0351
2590,SZSE.000882,华联股份,1.72,1.73,1.76,1.72,1.75,1.744186046511631,2.325581395348839,43723173,76304633.95,2023-10-31,1.5973,4790365907.25,4790359028.0,0.6877,-48.3983
2591,SZSE.000883,湖北能源,4.31,4.29,4.31,4.26,4.3,-0.23201856148491462,1.16009280742459,11718564,50219532.4,2023-10-31,0.1809,28040082368.4,27862124813.0,0.8707,26.8645
2592,SZSE.000885,城发环境,10.89,10.87,11.01,10.81,10.99,0.9182736455463747,1.836547291092739,4227930,46163199.1,2023-10-31,0.6585,7056440022.45,7056440022.45,0.9657,6.3971
2593,SZSE.000886,海南高速,4.18,4.18,4.42,4.16,4.36,4.306220095693791,6.220095693779899,23386087,100626031.92,2023-10-31,2.3973,4311291388.0,4253189583.28,1.4321,25.7141
2594,SZSE.000887,中鼎股份,12.49,12.73,12.99,12.72,12.89,3.2025620496397122,2.161729383506802,41635654,536776006.11,2023-10-31,3.1689,16969552838.83,16936136506.36,1.4395,15.574
2595,SZSE.000888,峨眉山A,9.52,9.58,9.6,9.35,9.4,-1.2605042016806678,2.6260504201680672,7141092,67470284.72,2023-10-31,1.3553,4952983158.8,4952983158.8,1.9626,25.3717
2596,SZSE.000889,ST中嘉,1.88,1.88,1.91,1.86,1.9,1.0638297872340496,2.659574468085097,13477834,25395437.92,2023-10-31,1.5494,1778953120.4,1652714384.4,7.5443,-22.5691
2597,SZSE.000890,法尔胜,4.52,4.49,4.56,4.38,4.5,-0.4424778761061843,3.9823008849557464,14283500,64179101.0,2023-10-31,3.405,1887767856.0,1887709707.0,548.9441,189.0233
2598,SZSE.000892,欢瑞世纪,3.61,3.97,3.97,3.74,3.79,4.986149584487531,6.3711911357340725,47556681,184284039.38,2023-10-31,6.6902,3717915992.67,2694070160.66,2.5247,-32.5832
2599,SZSE.000893,亚钾国际,28.45,28.36,28.97,28.13,28.51,0.2108963093145899,2.9525483304042175,7942011,227036888.23,2023-10-31,0.9807,26489751550.03,23088362778.4,2.4114,17.612
2600,SZSE.000895,双汇发展,26.11,26.21,26.26,26.01,26.21,0.38299502106473593,0.9574875526618154,4518800,118058285.38,2023-10-31,0.1304,90808770392.73,90793910816.7,4.514,15.4374
2601,SZSE.000897,津滨发展,2.36,2.37,2.37,2.21,2.3,-2.5423728813559365,6.779661016949159,81066642,184200668.01,2023-10-31,5.0126,3719726138.2,3719662658.2,1.3925,5.7046
2602,SZSE.000898,鞍钢股份,2.67,2.65,2.68,2.64,2.67,0.0,1.4981273408239715,21227430,56513083.5,2023-10-31,0.2668,25096511547.09,21242604823.23,0.4478,-11.6619
2603,SZSE.000899,赣能股份,8.33,8.3,8.36,8.2,8.35,0.24009603841537164,1.9207683073229307,9517055,78698367.64,2023-10-31,0.9754,8146909296.0,8146909296.0,1.6051,31.4756
2604,SZSE.000900,现代投资,4.04,4.03,4.06,4.01,4.05,0.24752475247524774,1.2376237623762332,7763361,31349679.27,2023-10-31,0.5115,6147204752.7,6146931377.7,0.5765,15.291
2605,SZSE.000901,航天科技,9.79,9.78,9.81,9.61,9.68,-1.1235955056179692,2.0429009193054246,10145252,98470617.32,2023-10-31,1.271,7726589610.08,7726511928.08,1.795,277.7116
2606,SZSE.000902,新洋丰,11.51,11.46,11.63,11.41,11.61,0.8688097306689846,1.9113814074717694,6597887,76168560.33,2023-10-31,0.5566,15145585056.9,13762978671.06,1.6375,13.7862
2607,SZSE.000903,云内动力,2.47,2.47,2.49,2.43,2.44,-1.2145748987854366,2.4291497975708523,24895652,60950549.28,2023-10-31,1.2965,4807826891.08,4685438421.12,1.201,-4.0025
2608,SZSE.000905,厦门港务,6.97,7.0,7.07,6.96,7.02,0.7173601147776099,1.5781922525107652,5493101,38510930.91,2023-10-31,0.7405,5207503370.94,5207492840.94,1.0606,19.0881
2609,SZSE.000906,浙商中拓,7.28,7.25,7.27,7.13,7.14,-1.9230769230769273,1.9230769230769187,8943236,64210579.04,2023-10-31,1.2923,4994372730.06,4941151419.96,1.1155,5.9079
2610,SZSE.000908,景峰医药,3.16,3.16,3.28,3.11,3.27,3.4810126582278444,5.379746835443036,49652223,160385602.4,2023-10-31,6.2938,2876862127.77,2579728790.49,22.242,-22.2525
2611,SZSE.000909,ST数源,5.71,5.72,5.75,5.63,5.69,-0.3502626970227629,2.101576182136604,3790283,21545016.7,2023-10-31,0.9783,2582284734.0,2204441786.16,1.6558,-7.1034
2612,SZSE.000910,大亚圣象,7.97,7.99,8.13,7.9,7.96,-0.12547051442910462,2.8858218318695164,6436696,51510525.33,2023-10-31,1.1765,4357284100.0,4355122960.0,0.6599,12.7869
2613,SZSE.000911,广农糖业,8.89,8.78,9.16,8.74,9.02,1.4623172103486848,4.724409448818897,9291804,84072227.9,2023-10-31,2.8671,3610884758.36,2923210051.74,43.4773,-27.2899
2614,SZSE.000912,泸天化,4.27,4.27,4.31,4.27,4.28,0.23419203747074846,0.9367681498829048,8066524,34566170.72,2023-10-31,0.5144,6711040000.0,6711040000.0,1.0324,25.6123
2615,SZSE.000913,钱江摩托,12.74,12.65,12.88,12.51,12.62,-0.9419152276295195,2.9042386185243405,7372273,93286306.45,2023-10-31,1.612,6653150420.0,5771454751.0,1.5279,15.9338
2616,SZSE.000915,华特达因,31.95,31.95,32.52,31.95,32.47,1.6275430359937282,1.784037558685458,1874406,60532305.31,2023-10-31,0.8003,7608743317.95,7604708920.45,2.6628,14.4861
2617,SZSE.000917,电广传媒,5.47,5.65,5.93,5.49,5.67,3.656307129798897,8.043875685557577,85924463,487840024.03,2023-10-31,6.0627,8037544436.46,8035907756.94,0.7864,39.3266
2618,SZSE.000919,金陵药业,8.3,8.28,8.29,8.15,8.19,-1.3253012048192958,1.6867469879517927,10635399,87409811.75,2023-10-31,2.1133,4186203840.0,4121724764.43,1.3767,38.0753
2619,SZSE.000920,沃顿科技,8.9,8.92,8.98,8.85,8.9,0.0,1.4606741573033795,3350000,29860070.0,2023-10-31,0.7939,4206327950.2,3755599750.0,2.382,23.8936
2620,SZSE.000921,海信家电,24.5,24.5,24.5,23.46,23.8,-2.857142857142858,4.24489795918367,7258857,172799571.12,2023-10-31,0.804,33037907406.0,21487387129.6,2.5023,11.8371
2621,SZSE.000922,佳电股份,9.54,9.54,9.76,9.36,9.71,1.7819706498952037,4.192872117400424,17797966,170501198.13,2023-10-31,3.042,5785786549.63,5681107409.13,1.7978,14.6653
2622,SZSE.000923,河钢资源,16.59,16.6,16.7,16.22,16.38,-1.2658227848101333,2.893309222423149,5739681,94244080.35,2023-10-31,0.9141,10691700381.18,10284901328.52,1.1777,11.6234
2623,SZSE.000925,众合科技,7.92,7.89,7.99,7.76,7.82,-1.262626262626254,2.9040404040404098,13319200,104832622.0,2023-10-31,2.4281,4350485444.84,4289609911.94,1.5737,-282.6711
2624,SZSE.000926,福星股份,4.37,4.41,4.45,4.34,4.4,0.6864988558352492,2.517162471395888,15136439,66512838.69,2023-10-31,1.6805,4025929318.4,3963072621.2,0.3565,32.1557
2625,SZSE.000927,中国铁物,2.64,2.65,2.67,2.64,2.65,0.37878787878786735,1.136363636363629,14316737,37968502.05,2023-10-31,0.321,16033437148.65,11820191432.05,1.7925,26.17
2626,SZSE.000928,中钢国际,6.21,6.22,6.28,6.12,6.17,-0.6441223832528209,2.5764895330112747,25141832,155305259.91,2023-10-31,1.7553,8851757311.57,8851612933.57,1.3165,12.5253
2627,SZSE.000929,兰州黄河,9.7,9.74,9.81,9.68,9.77,0.7216494845360799,1.3402061855670184,2207701,21561422.74,2023-10-31,1.1885,1814933820.0,1814818758.71,2.7817,1439.2924
2628,SZSE.000930,中粮科技,6.77,6.79,6.86,6.77,6.82,0.7385524372230501,1.3293943870014882,6481676,44110665.14,2023-10-31,0.3491,12717394226.02,12660879600.38,1.1882,-53.065
2629,SZSE.000931,中关村,6.09,6.09,6.18,6.06,6.16,1.1494252873563315,1.9704433497536964,12884500,79193787.21,2023-10-31,1.7267,4639262209.12,4596542609.12,3.0452,-316.9304
2630,SZSE.000932,华菱钢铁,5.91,5.91,6.02,5.81,5.83,-1.3536379018612488,3.5532994923857864,54382586,320421034.15,2023-10-31,0.7872,40277327469.17,40276826578.89,0.7699,7.5249
2631,SZSE.000933,神火股份,16.2,16.21,16.57,16.14,16.47,1.6666666666666607,2.6543209876543195,17519599,287394632.33,2023-10-31,0.7828,37073749450.23,36858984685.38,2.0769,6.3726
2632,SZSE.000935,四川双马,15.42,15.33,15.45,15.12,15.3,-0.7782101167315147,2.1400778210116735,2925415,44602817.6,2023-10-31,0.3832,11680637094.9,11680637094.9,1.6302,16.0357
2633,SZSE.000936,华西股份,8.08,8.3,8.3,8.0,8.05,-0.3712871287128605,3.7128712871287215,31435133,255232314.67,2023-10-31,3.5488,7132403740.35,7130616656.45,1.3889,46.6417
2634,SZSE.000937,冀中能源,6.41,6.4,6.43,6.35,6.41,0.0,1.248049921996881,23595735,150992026.2,2023-10-31,0.8118,22650035308.5,18631304987.22,1.0477,5.1608
2635,SZSE.000938,紫光股份,19.97,20.0,20.22,19.44,19.61,-1.8027040560841257,3.9058587881822615,43018089,845304865.45,2023-10-31,1.5041,56086166329.14,56086166329.14,1.6801,27.2395
2636,SZSE.000948,南天信息,16.39,16.45,16.51,16.13,16.25,-0.8541793776693174,2.318486882245287,7635031,124475086.3,2023-10-31,2.0034,6408361326.25,6192833448.75,2.5787,43.4595
2637,SZSE.000949,新乡化纤,3.3,3.34,3.39,3.32,3.36,1.81818181818183,2.12121212121213,18479384,62098373.55,2023-10-31,1.3169,4928205334.08,4714861851.84,0.8939,-41.9871
2638,SZSE.000950,重药控股,5.09,5.1,5.18,5.09,5.14,0.9823182711198308,1.7681728880157142,31717912,163128225.18,2023-10-31,1.8353,8882869337.44,8882869337.44,0.8066,12.8717
2639,SZSE.000951,中国重汽,15.29,15.3,15.4,14.61,14.75,-3.5317200784826586,5.1667756703727985,12951256,191918863.34,2023-10-31,1.1024,17329323060.0,17327944053.0,1.2118,33.8328
2640,SZSE.000952,广济药业,7.88,7.88,8.0,7.86,7.92,0.50761421319796,1.7766497461928894,6168220,48999540.8,2023-10-31,1.7932,2803473596.88,2724381910.8,1.9378,-76.7715
2641,SZSE.000953,河化股份,5.59,5.57,5.77,5.57,5.69,1.7889087656529634,3.577817531305891,5566478,31773267.38,2023-10-31,1.5204,2083235289.55,2083235289.55,28.0345,-20.7977
2642,SZSE.000955,欣龙控股,4.86,4.86,5.05,4.83,4.97,2.263374485596703,4.526748971193411,17446946,86469427.88,2023-10-31,3.2443,2675823150.0,2672760636.0,3.9221,-161.9737
2643,SZSE.000957,中通客车,10.58,10.47,10.57,10.14,10.23,-3.3081285444234387,4.064272211720224,35312891,364008468.8,2023-10-31,5.9559,6065407265.28,6065407265.28,2.2175,47.2404
2644,SZSE.000958,电投产融,4.16,4.15,4.18,4.12,4.16,0.0,1.4423076923076827,8290905,34402174.8,2023-10-31,0.154,22395021043.2,22394927443.2,1.1866,32.6154
2645,SZSE.000959,首钢股份,3.9,3.91,3.92,3.84,3.88,-0.512820512820511,2.051282051282053,26416943,102274293.95,2023-10-31,0.4393,30341092379.6,23331624723.08,0.6097,121.9349
2646,SZSE.000960,锡业股份,14.06,14.07,14.33,14.01,14.1,0.2844950213371167,2.2759601706970147,17982686,253773225.89,2023-10-31,1.0926,23205807523.2,23205807523.2,1.3246,21.1688
2647,SZSE.000961,中南建设,1.54,1.52,1.53,1.46,1.51,-1.9480519480519543,4.545454545454549,119870219,179437114.68,2023-10-31,3.1453,5778103940.51,5754798558.23,0.4535,-0.6938
2648,SZSE.000962,东方钽业,12.21,12.05,12.4,12.0,12.27,0.49140049140048436,3.2760032760032787,10428934,127834208.29,2023-10-31,2.3658,6199150774.74,5408974063.14,2.671,33.849
2649,SZSE.000963,华东医药,42.92,42.86,43.38,42.5,42.98,0.13979496738116826,2.0503261882572286,8795066,377605751.65,2023-10-31,0.5027,75405201457.04,75203268523.04,3.7149,27.8578
2650,SZSE.000965,天保基建,3.41,3.39,3.44,3.34,3.43,0.5865102639296182,2.9325513196480966,19632023,66683502.52,2023-10-31,1.7689,3806719969.85,3806719969.85,0.716,-25.8099
2651,SZSE.000966,长源电力,4.64,4.65,4.65,4.58,4.61,-0.6465517241379226,1.5086206896551788,8731980,40196106.5,2023-10-31,0.6676,12674400692.39,6029655497.61,1.2303,25.0933
2652,SZSE.000967,盈峰环境,4.9,4.91,4.93,4.86,4.88,-0.40816326530612734,1.4285714285714162,9219765,45074853.3,2023-10-31,0.2901,15515992549.6,15508806900.88,0.8982,31.1166
2653,SZSE.000968,蓝焰控股,7.78,7.75,7.77,7.68,7.75,-0.3856041131105381,1.1568123393316176,7851201,60651974.72,2023-10-31,0.8115,7498145615.0,7498145615.0,1.3371,14.2552
2654,SZSE.000969,安泰科技,9.7,9.65,9.67,9.43,9.47,-2.3711340206185483,2.4742268041237137,17945168,170912708.28,2023-10-31,1.7495,9936947678.59,9713645542.62,1.9614,42.1513
2655,SZSE.000970,中科三环,10.44,10.43,10.49,10.29,10.38,-0.5747126436781436,1.9157088122605466,6378408,66117732.24,2023-10-31,0.5247,12619233523.74,12619233523.74,1.9317,27.7291
2656,SZSE.000971,ST高升,2.02,2.01,2.12,2.01,2.12,4.950495049504955,5.445544554455461,26211571,54763738.27,2023-10-31,3.0959,2223011067.12,1794915943.68,8.1003,-6.7294
2657,SZSE.000972,中基健康,3.51,3.52,3.63,3.5,3.59,2.279202279202286,3.7037037037037006,10474002,37429508.15,2023-10-31,1.358,2768908048.61,2768908048.61,20.0173,29.5646
2658,SZSE.000973,佛塑科技,4.85,4.91,4.97,4.7,4.77,-1.6494845360824795,5.567010309278341,53621853,258011337.07,2023-10-31,5.5428,4614608525.67,4614608525.67,1.6425,19.8245
2659,SZSE.000975,银泰黄金,13.3,13.26,13.68,13.26,13.62,2.406015037593967,3.157894736842105,25587592,345901592.12,2023-10-31,1.029,37818957249.3,33868858017.9,3.3601,28.8092
2660,SZSE.000976,ST华铁,2.01,2.0,2.03,1.99,2.02,0.4975124378109541,1.990049751243772,12193310,24532526.0,2023-10-31,0.7647,3223271167.92,3221081524.28,1.0226,-2.2077
2661,SZSE.000977,浪潮信息,29.74,29.75,30.0,28.91,29.39,-1.1768661735036878,3.6650975117686615,62221236,1828578085.48,2023-10-31,4.2331,43266051235.58,43199987335.54,2.5468,32.7575
2662,SZSE.000978,桂林旅游,6.82,6.82,6.89,6.8,6.84,0.2932551319648091,1.31964809384164,4445981,30417013.42,2023-10-31,1.2349,3202009200.0,2462671206.0,2.4187,-43.7305
2663,SZSE.000980,众泰汽车,3.58,3.59,3.69,3.48,3.52,-1.6759776536312887,5.865921787709496,153290815,545072874.38,2023-10-31,3.5847,17749768041.28,15052585549.76,8.9211,-18.8993
2664,SZSE.000981,山子股份,1.69,1.67,1.75,1.65,1.66,-1.7751479289940808,5.917159763313615,151678272,256070654.47,2023-10-31,2.7183,16595801674.08,9262707961.3,4.6062,-7.0543
2665,SZSE.000982,中银绒业,1.6,1.6,1.61,1.58,1.59,-0.6249999999999978,1.8750000000000018,46252100,73617469.0,2023-10-31,1.0853,6776384514.27,6776384514.27,5.5369,664.4184
2666,SZSE.000983,山西焦煤,8.56,8.54,8.69,8.54,8.64,0.9345794392523477,1.7523364485981348,37642625,324073622.67,2023-10-31,0.9189,49050153149.76,35394278400.0,1.3259,6.9914
2667,SZSE.000985,大庆华科,16.14,16.1,16.33,15.98,16.27,0.8054522924411334,2.168525402726133,1100151,17822508.2,2023-10-31,0.8486,2109234665.0,2109234665.0,3.6198,-105.6049
2668,SZSE.000987,越秀资本,6.57,6.59,6.64,6.53,6.56,-0.15220700152207556,1.6742770167427614,14018068,92159641.92,2023-10-31,0.2795,32912388950.72,32905117945.12,1.1638,12.5582
2669,SZSE.000988,华工科技,28.25,28.31,28.79,27.72,28.15,-0.3539823008849585,3.7876106194690276,44854093,1265091786.85,2023-10-31,4.4632,28304901202.05,28290346244.55,3.1592,28.4281
2670,SZSE.000989,九芝堂,10.51,10.51,10.67,10.47,10.61,0.9514747859181716,1.9029495718363396,10401380,110399428.14,2023-10-31,1.5077,9081544747.32,7319568211.58,2.3019,35.3689
2671,SZSE.000990,诚志股份,8.17,8.28,8.44,8.19,8.37,2.4479804161566587,3.0599755201958385,22499963,188066824.72,2023-10-31,1.8515,10171538167.95,10171530634.95,0.5761,66.8552
2672,SZSE.000993,闽东电力,9.48,9.5,9.52,9.41,9.44,-0.42194092827004814,1.16033755274261,2938001,27744330.09,2023-10-31,0.6681,4323061735.2,4151217079.68,1.7002,14.8397
2673,SZSE.000995,皇台酒业,15.48,15.45,15.93,15.44,15.83,2.2609819121446995,3.165374677002585,4461626,70299300.06,2023-10-31,2.5149,2808368640.0,2808368640.0,20.2086,390.9173
2674,SZSE.000996,*ST中期,4.96,4.98,4.98,4.83,4.85,-2.2177419354838745,3.0241935483871036,4613602,22522842.8,2023-10-31,1.3373,1673250000.0,1673250000.0,3.4589,-497.9347
2675,SZSE.000997,新大陆,17.29,17.28,17.4,16.98,17.11,-1.0410641989589298,2.4291497975708394,9595131,164319099.81,2023-10-31,0.9349,17658596852.07,17561039293.61,2.8781,274.7303
2676,SZSE.000998,隆平高科,16.47,16.47,16.54,16.32,16.48,0.06071645415908211,1.3357619914996894,10893146,179112080.78,2023-10-31,0.8388,21703670511.04,21403164204.16,4.5987,-30.6099
2677,SZSE.000999,华润三九,44.42,44.11,44.66,42.55,43.14,-2.8815848716794212,4.750112561909049,9966971,431803969.96,2023-10-31,1.0187,42630257760.0,42207973587.12,2.3042,14.7048
2678,SZSE.001201,东瑞股份,22.66,22.58,22.8,22.34,22.59,-0.3089143865842914,2.030008826125335,1168590,26411153.2,2023-10-31,1.2884,4807278504.0,2074404052.98,1.7876,-12.7286
2679,SZSE.001202,炬申股份,16.82,16.82,17.0,16.75,16.87,0.29726516052319685,1.4863258026159334,1135400,19165744.0,2023-10-31,2.8228,2172856000.0,678545140.0,2.9926,36.5492
2680,SZSE.001203,大中矿业,10.96,10.96,10.98,10.84,10.94,-0.18248175182482562,1.2773722627737276,3716924,40538938.56,2023-10-31,0.8584,16497756172.72,4737034758.06,3.0854,18.8816
2681,SZSE.001205,盛航股份,16.85,16.85,17.08,16.74,17.05,1.1869436201780381,2.0178041543026697,1618880,27387741.4,2023-10-31,1.3791,2915163527.65,2001450617.65,1.8171,19.3136
2682,SZSE.001206,依依股份,15.6,15.6,15.81,15.55,15.78,1.1538461538461497,1.6666666666666652,1763304,27674642.24,2023-10-31,1.9664,2917624290.24,1415043695.64,1.6076,26.2502
2683,SZSE.001207,联科科技,17.41,17.41,17.47,17.11,17.33,-0.45950603101666543,2.0677771395749533,3185063,54933498.05,2023-10-31,4.9127,3506828856.12,1123555699.37,2.0681,22.9776
2684,SZSE.001208,华菱线缆,9.07,9.07,9.12,9.0,9.06,-0.11025358324144863,1.3230429988974555,2303800,20841578.0,2023-10-31,0.9287,4841881440.0,2247539087.82,3.2001,54.5811
2685,SZSE.001209,洪兴股份,16.98,16.99,17.26,16.93,17.17,1.1189634864546605,1.9434628975265125,2038200,34830815.2,2023-10-31,5.0591,2258245102.4,691742539.03,1.7958,38.5807
2686,SZSE.001210,金房能源,20.02,20.04,20.18,19.9,20.08,0.29970029970030065,1.3986013986014043,732980,14674147.36,2023-10-31,1.5135,2186665655.36,1043033190.72,1.7199,24.0198
2687,SZSE.001211,双枪科技,23.5,23.57,24.01,23.5,23.61,0.46808510638298717,2.1702127659574537,1495100,35408471.01,2023-10-31,3.9739,1699920000.0,888286467.15,1.9451,-69.0288
2688,SZSE.001212,中旗新材,24.02,23.93,24.21,23.88,23.98,-0.16652789342214147,1.3738551207327305,795600,19094311.0,2023-10-31,1.4514,2826548954.02,1314493051.52,1.9236,32.5419
2689,SZSE.001213,中铁特货,4.18,4.18,4.19,4.15,4.18,0.0,0.956937799043063,9642700,40223156.0,2023-10-31,0.9232,18577777775.92,4365777775.92,0.994,35.8997
2690,SZSE.001215,千味央厨,59.1,58.99,59.32,57.92,58.21,-1.505922165820639,2.3688663282571887,891531,52061776.13,2023-10-31,1.9714,5043456199.56,2632380536.56,4.4223,39.8694
2691,SZSE.001216,华瓷股份,12.62,12.63,12.75,12.49,12.54,-0.6339144215530945,2.060221870047542,1270200,15990955.0,2023-10-31,2.0173,3158408418.0,789602418.0,2.031,19.5127
2692,SZSE.001217,华尔泰,11.85,11.86,11.91,11.8,11.9,0.42194092827005925,0.9282700421940882,1403200,16662177.0,2023-10-31,1.0556,3949253000.0,1581852720.0,1.8443,28.4505
2693,SZSE.001218,丽臣实业,21.9,21.9,22.08,21.82,21.9,0.0,1.1872146118721372,609058,13348737.74,2023-10-31,0.8229,2883354000.0,1620996390.0,1.3731,19.273
2694,SZSE.001219,青岛食品,19.18,19.15,19.39,18.99,19.3,0.6256517205422307,2.0855057351407824,6366650,122158815.14,2023-10-31,8.4079,2894758750.0,1461431512.0,3.0043,31.6294
2695,SZSE.001222,源飞宠物,14.65,14.76,14.76,14.49,14.61,-0.27303754266212454,1.8430034129692803,1948531,28422612.15,2023-10-31,2.9867,2788902900.0,953156400.0,2.3102,22.3896
2696,SZSE.001223,欧克科技,68.97,68.72,72.0,67.87,69.18,0.30448020878643955,5.988110772799762,913500,64011833.0,2023-10-31,5.4766,4612922400.0,1153922400.0,2.456,37.9843
2697,SZSE.001225,和泰机电,39.9,40.0,40.08,39.74,39.93,0.07518796992480592,0.8521303258145272,178335,7120022.35,2023-10-31,1.1031,2582145324.0,645540324.0,1.8173,22.2564
2698,SZSE.001226,拓山重工,34.88,34.7,35.44,34.2,35.01,0.3727064220183429,3.555045871559618,2197441,76508844.52,2023-10-31,11.772,2614081167.0,653521167.0,3.4603,389.244
2699,SZSE.001227,兰州银行,2.97,2.96,2.97,2.92,2.94,-1.0101010101010166,1.6835016835016925,52508071,154586746.24,2023-10-31,1.8969,16745349673.92,8138258020.62,0.606,8.9636
2700,SZSE.001228,永泰运,35.09,34.87,34.96,33.33,33.53,-4.445711028783139,4.645198062125969,1597508,53968463.08,2023-10-31,2.9117,3482580339.77,1839610339.77,2.0067,18.2734
2701,SZSE.001229,魅视科技,30.14,30.1,30.26,29.71,30.1,-0.13271400132713884,1.8248175182481774,1145445,34300419.95,2023-10-31,3.8953,3010000000.0,885117860.9,3.1864,34.6486
2702,SZSE.001230,劲旅环境,23.45,23.52,23.52,23.26,23.45,0.0,1.1087420042643839,469600,10994492.0,2023-10-31,1.1901,2612174010.6,925298870.3,1.5197,19.7588
2703,SZSE.001231,农心科技,20.7,20.65,20.91,20.53,20.78,0.38647342995170586,1.8357487922705265,786700,16283613.0,2023-10-31,2.2169,2078000000.0,737409470.0,2.251,30.2929
2704,SZSE.001234,泰慕士,22.74,22.81,23.8,22.56,23.17,1.8909410729991416,5.452946350043984,4421202,102916032.54,2023-10-31,15.2105,2471467439.0,673475439.0,2.799,42.6382
2705,SZSE.001236,弘业期货,11.81,11.81,11.85,11.66,11.72,-0.7620660457239636,1.6088060965283615,2803360,32916900.2,2023-10-31,0.8588,11811155558.16,3825825888.32,6.4099,-759.8636
2706,SZSE.001238,浙江正特,22.07,21.51,24.28,21.5,24.28,10.01359311282284,12.596284549161762,6674949,155024122.3,2023-10-31,20.8741,2670800000.0,776404595.0,2.3972,68.7407
2707,SZSE.001255,博菲电气,33.74,33.75,34.15,32.89,33.13,-1.8079430942501418,3.73443983402489,489600,16284556.0,2023-10-31,2.448,2650400000.0,662600000.0,3.489,45.9315
2708,SZSE.001256,炜冈科技,17.84,17.75,17.9,17.56,17.68,-0.8968609865470878,1.9058295964125553,882746,15639691.98,2023-10-31,2.4759,2521390025.44,630353880.0,2.3083,30.2092
2709,SZSE.001258,立新能源,8.25,8.22,8.31,8.07,8.12,-1.575757575757586,2.9090909090909114,7775912,63340892.2,2023-10-31,1.659,7578666672.08,3805944152.08,2.5173,36.8201
2710,SZSE.001259,利仁科技,28.48,28.48,28.68,28.23,28.59,0.38623595505618,1.5800561797752786,506019,14376744.17,2023-10-31,2.7375,2103906307.92,528470225.37,2.7818,77.9641
2711,SZSE.001260,坤泰股份,21.91,21.68,21.82,21.25,21.5,-1.8712916476494756,2.6015518028297593,5206323,111911598.38,2023-10-31,18.1089,2472500000.0,618125000.0,3.2543,45.1509
2712,SZSE.001266,宏英智能,29.4,28.99,28.99,27.66,28.3,-3.741496598639449,4.523809523809518,3934432,111178052.77,2023-10-31,13.3102,2926672800.0,836536680.0,2.8545,94.6973
2713,SZSE.001267,汇绿生态,5.2,5.22,5.26,5.18,5.21,0.19230769230769162,1.5384615384615397,2568554,13405509.26,2023-10-31,0.7101,4062088139.88,1884484550.48,2.7416,81.2493
2714,SZSE.001268,联合精密,26.3,26.35,26.35,25.67,26.06,-0.9125475285171158,2.585551330798478,2684900,69693343.0,2023-10-31,7.6288,2812742684.04,917157829.04,2.8964,50.0497
2715,SZSE.001269,欧晶科技,44.22,43.35,43.99,42.13,42.46,-3.980099502487555,4.206241519674355,3439062,146783606.6,2023-10-31,4.0994,8169128894.96,3562012709.2,4.9172,12.1521
2716,SZSE.001270,铖昌科技,90.01,89.6,91.9,87.5,88.35,-1.8442395289412383,4.8883457393622995,4788040,425746114.69,2023-10-31,6.7196,13830143255.4,6295409200.65,10.0476,110.7499
2717,SZSE.001278,一彬科技,23.02,22.81,22.97,22.13,22.42,-2.6064291920069427,3.64900086880973,3765715,84753997.5,2023-10-31,12.1736,2774102828.0,693526828.0,2.2119,28.5061
2718,SZSE.001282,三联锻造,36.33,36.01,36.3,34.41,34.93,-3.8535645472061675,5.202312138728325,6742642,238034485.62,2023-10-31,24.2466,3959664800.0,971353140.52,2.8274,32.2019
2719,SZSE.001283,豪鹏科技,47.68,47.67,47.99,46.22,46.43,-2.621644295302017,3.7122483221476577,1637020,77236946.2,2023-10-31,2.8594,3820893658.77,2658166715.8,1.6504,57.3215
2720,SZSE.001286,陕西能源,8.44,8.43,8.44,8.35,8.4,-0.4739336492890933,1.0663507109004722,9135960,76617297.45,2023-10-31,1.2181,31500000000.0,6300000000.0,1.3681,11.8862
2721,SZSE.001287,中电港,21.54,21.58,21.75,21.18,21.35,-0.882079851439177,2.64623955431755,5893348,125853587.36,2023-10-31,3.1022,16223867070.95,4055966762.4,3.2687,67.6593
2722,SZSE.001288,运机集团,16.57,16.88,16.88,16.47,16.54,-0.18105009052504784,2.4743512371756196,1189100,19722962.0,2023-10-31,2.1299,2646400000.0,923400082.0,1.3998,26.1798
2723,SZSE.001289,龙源电力,20.51,20.52,20.68,20.36,20.41,-0.4875670404680732,1.5602145294978074,2976780,61046141.37,2023-10-31,2.2325,171075868177.24,2721388229.43,2.4821,29.1593
2724,SZSE.001296,长江材料,22.98,23.0,23.16,22.7,22.87,-0.47867711053088957,2.0017406440382977,1568230,35903091.8,2023-10-31,4.1658,2443870658.71,860953111.01,1.4801,20.9809
2725,SZSE.001298,好上好,30.08,30.0,31.56,29.99,31.35,4.222074468085113,5.219414893617023,14795758,457622998.62,2023-10-31,42.5165,4363920000.0,1090980000.0,2.8279,102.7197
2726,SZSE.001299,美能能源,16.44,16.68,16.72,16.17,16.31,-0.7907542579075555,3.3454987834549708,2741900,44725917.0,2023-10-31,5.3484,3059424858.07,836139310.09,2.3935,37.1653
2727,SZSE.001300,三柏硕,11.78,11.75,12.96,11.62,12.29,4.329371816638372,11.375212224108672,12813856,158408913.94,2023-10-31,19.3507,2996005983.06,813832579.23,2.7394,-174.6924
2728,SZSE.001301,尚太科技,46.21,46.0,46.38,45.03,45.35,-1.8610690326769097,2.921445574550966,686498,31198506.4,2023-10-31,1.0571,11825266460.0,2945196795.0,2.1476,14.5799
2729,SZSE.001308,康冠科技,23.25,23.25,24.42,23.25,23.8,2.3655913978494647,5.032258064516136,3237246,77597808.82,2023-10-31,4.2917,16276303373.4,1795234737.8,2.516,13.1913
2730,SZSE.001309,德明利,94.18,96.0,96.5,92.09,93.12,-1.1255043533659026,4.682522828626031,1647400,154374241.2,2023-10-31,2.456,10545635136.0,6246075960.96,10.5169,-102.8761
2731,SZSE.001311,多利科技,48.44,48.16,50.16,48.16,48.83,0.8051197357555662,4.128819157720892,2929303,143928509.85,2023-10-31,6.3773,8971698699.22,2242924699.22,2.1486,17.307
2732,SZSE.001313,粤海饲料,9.25,9.07,9.3,9.07,9.2,-0.5405405405405461,2.486486486486491,3638500,33508241.0,2023-10-31,1.6683,6440000000.0,2006446409.2,2.38,115.9089
2733,SZSE.001314,亿道信息,36.86,36.7,37.27,36.36,36.79,-0.18990775908844792,2.4688008681497657,1334331,49140136.58,2023-10-31,3.8003,5224146889.0,1291752085.0,2.5753,43.0911
2734,SZSE.001316,润贝航科,34.63,35.5,37.15,35.28,36.21,4.5625180479353045,5.39994224660698,3021800,109824754.0,2023-10-31,10.6336,2976932730.0,1028997675.0,2.6338,30.5419
2735,SZSE.001317,三羊马,34.72,34.68,35.0,34.11,34.35,-1.0656682027649689,2.563364055299541,1607078,55476178.96,2023-10-31,5.422,2749374000.0,1006193081.25,3.41,209.2562
2736,SZSE.001318,阳光乳业,13.08,13.11,13.14,13.03,13.12,0.3058103975535076,0.8409785932721805,1226494,16048552.34,2023-10-31,1.5916,3708499200.0,1011027200.0,2.8171,32.7956
2737,SZSE.001319,铭科精技,30.97,29.6,30.3,28.08,28.39,-8.330642557313528,7.168227316758161,13706520,396549735.1,2023-10-31,22.4819,4014346000.0,1730853130.0,3.3427,47.6002
2738,SZSE.001322,箭牌家居,13.04,13.05,13.1,12.73,12.79,-1.917177914110435,2.8374233128834296,4216584,54184785.14,2023-10-31,2.7636,12407860380.0,1951469435.29,2.5481,27.1019
2739,SZSE.001323,慕思股份,32.96,32.63,32.95,32.1,32.89,-0.21237864077670032,2.5788834951456354,1973631,64057787.16,2023-10-31,4.9328,13156328900.0,1315928900.0,2.9359,16.4364
2740,SZSE.001324,长青科技,26.56,26.75,26.78,25.65,25.9,-2.484939759036142,4.254518072289167,4429367,115600823.79,2023-10-31,13.1029,3574200000.0,875538803.3,3.2374,42.8885
2741,SZSE.001328,登康口腔,29.52,29.42,29.66,29.17,29.42,-0.3387533875338633,1.659891598915984,1256543,36900180.54,2023-10-31,2.9192,5065353196.0,1266339770.0,3.6907,37.1214
2742,SZSE.001330,博纳影业,7.06,7.04,7.22,7.03,7.13,0.9915014164306069,2.691218130311608,10374370,74271537.8,2023-10-31,0.9832,9800320355.92,7523419746.05,1.5046,-24.904
2743,SZSE.001331,胜通能源,18.14,18.18,18.48,17.83,18.09,-0.2756339581036382,3.5832414553473106,4419958,80246712.88,2023-10-31,10.5237,3039120000.0,759780000.0,2.0332,-98.6471
2744,SZSE.001332,锡装股份,33.0,32.95,33.31,32.58,32.62,-1.151515151515159,2.2121212121212244,650330,21350857.6,2023-10-31,2.4086,3522960000.0,880740000.0,1.6206,19.5203
2745,SZSE.001333,光华股份,22.33,22.26,22.46,22.08,22.35,0.0895656068069961,1.7017465293327478,632898,14079154.66,2023-10-31,1.9778,2860800000.0,715200000.0,1.8257,24.4197
2746,SZSE.001336,楚环科技,26.82,27.01,27.07,26.63,26.85,0.11185682326622093,1.640566741237887,1323776,35558593.14,2023-10-31,4.6355,2158028475.0,766762431.0,2.8276,44.046
2747,SZSE.001337,四川黄金,29.61,29.11,29.45,29.02,29.29,-1.080715974333002,1.452212090509962,4819866,140964041.55,2023-10-31,8.0331,12301800000.0,1757400000.0,9.4121,62.9887
2748,SZSE.001338,永顺泰,13.95,13.88,14.04,13.79,13.89,-0.4301075268817067,1.792114695340502,2965070,41316468.36,2023-10-31,2.3639,6969041284.26,1742260314.12,2.0957,42.9696
2749,SZSE.001339,智微智能,23.95,23.66,24.06,23.13,23.3,-2.713987473903956,3.8830897703549048,2535200,59475760.0,2023-10-31,3.5727,5805358100.0,1653356350.0,3.0371,114.705
2750,SZSE.001360,南矿集团,17.68,17.77,17.77,17.37,17.48,-1.1312217194570096,2.262443438914019,1854693,32492653.08,2023-10-31,3.6367,3565920000.0,891480000.0,2.6119,29.7839
2751,SZSE.001366,播恩集团,14.89,14.9,14.9,14.7,14.81,-0.5372733378106065,1.3431833445265349,1319396,19517276.12,2023-10-31,3.2699,2379670800.0,597583500.0,2.8138,38.6699
2752,SZSE.001367,海森药业,45.85,45.85,46.39,45.39,45.78,-0.15267175572518665,2.1810250817884405,574554,26308119.37,2023-10-31,3.3797,3113040000.0,778260000.0,2.5595,32.1696
2753,SZSE.001368,通达创智,24.13,23.95,24.3,23.91,24.04,-0.3729796933278018,1.616245337753836,1064469,25636450.31,2023-10-31,3.8017,2692480000.0,673120000.0,1.9412,26.166
2754,SZSE.001373,翔腾新材,41.43,41.34,41.68,40.38,40.8,-1.520637219406229,3.137822833695383,1393355,56991542.0,2023-10-31,8.1142,2802425030.4,700606257.6,3.1193,63.9957
2755,SZSE.001378,德冠新材,75.98,66.09,81.0,66.05,74.85,-1.4872334824954092,19.67623058699658,16053707,1206849785.77,2023-10-31,50.9793,9980019960.0,2357074478.85,10.9436,71.8743
2756,SZSE.001380,华纬科技,33.15,33.15,33.84,32.39,32.48,-2.0211161387632015,4.374057315233794,1928662,63461486.04,2023-10-31,6.1087,4186022400.0,1025467102.24,2.8062,26.549
2757,SZSE.001696,宗申动力,6.66,6.66,6.69,6.38,6.39,-4.054054054054057,4.654654654654662,16541842,107062198.82,2023-10-31,1.8558,7316722018.8,5695660842.75,1.5093,19.8521
2758,SZSE.001872,招商港口,15.65,15.63,15.83,15.57,15.69,0.2555910543130979,1.6613418530351425,2549110,40050259.5,2023-10-31,0.1463,39210481431.09,27339334185.42,0.6739,10.504
2759,SZSE.001896,豫能控股,4.88,4.89,4.92,4.84,4.85,-0.6147540983606592,1.6393442622950833,23686270,115279937.9,2023-10-31,1.7934,7400039450.5,6405789450.5,2.3124,-5.5736
2760,SZSE.001914,招商积余,13.24,13.21,13.47,13.11,13.36,0.9063444108761365,2.7190332326284077,6040604,80226996.14,2023-10-31,0.5697,14166223361.6,14166179273.6,1.4729,19.7861
2761,SZSE.001965,招商公路,9.32,9.3,9.37,9.19,9.33,0.10729613733906351,1.9313304721030013,7385035,68469977.63,2023-10-31,0.1191,57876220914.96,57876220914.96,1.0266,10.375
2762,SZSE.001979,招商蛇口,10.88,10.88,11.19,10.85,11.04,1.4705882352941124,3.1249999999999987,52441466,576873505.46,2023-10-31,0.6777,100031631394.08,85427289882.24,1.0382,19.7076
2763,SZSE.002001,新和成,16.09,16.1,16.2,16.02,16.18,0.5593536357986428,1.1187072715972637,7097945,114461830.64,2023-10-31,0.2324,50010881020.08,49422346431.72,2.0666,18.4513
2764,SZSE.002002,ST鸿达,1.31,1.34,1.38,1.34,1.38,5.343511450381677,3.0534351145038023,151896363,208977256.35,2023-10-31,4.8996,4308419530.44,4278285800.76,0.4596,-5.3805
2765,SZSE.002003,伟星股份,10.33,10.41,10.42,10.18,10.37,0.38722168441431837,2.3233301064859653,3076661,31707321.01,2023-10-31,0.3533,12125335634.61,9030960683.8,2.8135,24.206
2766,SZSE.002004,华邦健康,5.06,5.0,5.03,4.83,4.86,-3.9525691699604626,3.9525691699604777,26602447,130675161.95,2023-10-31,1.4133,9622407268.26,9147895399.44,0.9343,43.5039
2767,SZSE.002005,ST德豪,1.4,1.41,1.42,1.4,1.41,0.7142857142857117,1.42857142857143,6805200,9607777.0,2023-10-31,0.3883,2470919049.78,2470919049.78,2.9896,-7.2163
2768,SZSE.002006,精工科技,15.49,15.42,15.65,15.26,15.38,-0.7101355713363455,2.5177533892834125,2978300,45750428.0,2023-10-31,0.6543,7000360800.0,7000360800.0,5.1992,25.1024
2769,SZSE.002007,华兰生物,23.25,23.25,23.75,23.25,23.47,0.9462365591397903,2.1505376344086025,13909930,326139601.05,2023-10-31,0.884,42817887059.22,36932084402.18,3.9163,34.4486
2770,SZSE.002008,大族激光,21.49,21.48,21.59,21.23,21.46,-0.13959981386690856,1.6751977664029756,9276260,198497562.48,2023-10-31,0.9472,22579906860.26,21016244604.78,1.4003,27.2447
2771,SZSE.002009,天奇股份,12.42,12.4,12.53,12.27,12.52,0.8051529790660261,2.093397745571657,6633587,82316530.22,2023-10-31,1.7825,5105239171.64,4659202227.56,2.3886,-14.7207
2772,SZSE.002010,传化智联,4.99,4.98,5.0,4.93,4.96,-0.6012024048096198,1.4028056112224505,11219437,55574136.96,2023-10-31,0.4196,13828333719.68,13263673327.52,0.7693,21.5694
2773,SZSE.002011,盾安环境,11.67,11.73,12.05,11.55,11.88,1.799485861182526,4.284490145672665,23213285,275801939.8,2023-10-31,2.537,12552728546.16,10870265435.04,2.9822,18.3663
2774,SZSE.002012,凯恩股份,5.43,5.42,5.48,5.4,5.45,0.36832412523020164,1.4732965009208117,4313700,23478757.0,2023-10-31,0.9253,2548558811.5,2540653918.95,1.6405,46.7034
2775,SZSE.002014,永新股份,8.71,8.69,8.7,8.54,8.57,-1.6073478760045945,1.836969001148107,2977720,25612999.4,2023-10-31,0.4932,5249055291.62,5174663106.67,2.2397,12.9339
2776,SZSE.002015,协鑫能科,11.91,11.95,11.99,11.51,11.62,-2.434928631402189,4.030226700251893,21773841,254323988.01,2023-10-31,1.3413,18863032014.68,18863032014.68,1.755,19.9315
2777,SZSE.002016,世荣兆业,6.62,6.63,6.69,6.49,6.64,0.302114803625364,3.021148036253779,8756950,57838544.38,2023-10-31,1.0823,5372394996.48,5372394996.48,1.1127,20.3037
2778,SZSE.002017,东信和平,10.66,10.7,10.88,10.6,10.67,0.09380863039398779,2.6266416510319055,6903120,74008869.7,2023-10-31,1.1924,6193208469.03,6176920169.86,3.9543,45.8791
2779,SZSE.002019,亿帆医药,13.82,13.73,13.96,13.72,13.82,0.0,1.7366136034732287,10430965,144497162.03,2023-10-31,1.2253,16943663109.14,11764746220.54,1.8856,125.6325
2780,SZSE.002020,京新药业,13.35,13.33,13.37,13.1,13.21,-1.048689138576775,2.0224719101123565,13816481,182636061.33,2023-10-31,2.1049,11374194939.4,8671054145.28,2.1216,17.1524
2781,SZSE.002021,*ST中捷,2.23,2.22,2.26,2.21,2.23,0.0,2.242152466367705,6672021,14876259.01,2023-10-31,0.9701,1533827539.2,1533777364.2,-4.9921,-3.4577
2782,SZSE.002022,科华生物,8.81,8.77,8.88,8.68,8.76,-0.5675368898978461,2.2701475595913854,4942200,43461835.74,2023-10-31,0.9613,4505252451.0,4503838262.88,1.0584,-18.6827
2783,SZSE.002023,海特高新,9.55,9.56,9.67,9.51,9.57,0.20942408376962707,1.6753926701570694,9927202,95231267.18,2023-10-31,1.34,7090032448.95,7090032448.95,1.6706,224.8715
2784,SZSE.002024,ST易购,1.87,1.86,1.88,1.86,1.88,0.53475935828875,1.069518716577529,11265652,21066802.72,2023-10-31,0.1429,17502874551.4,17138608191.64,1.3253,-1.2255
2785,SZSE.002025,航天电器,51.92,51.9,52.04,51.52,51.7,-0.4237288135593209,1.001540832049299,2196100,113553319.38,2023-10-31,0.4853,23620192235.2,23397405147.6,3.8588,33.3206
2786,SZSE.002026,山东威达,8.95,8.93,9.02,8.83,8.88,-0.7821229050279155,2.1229050279329553,2810400,25047572.0,2023-10-31,0.6567,3956176467.84,3800437340.64,1.1776,40.3699
2787,SZSE.002027,分众传媒,6.96,6.96,7.0,6.9,6.92,-0.5747126436781658,1.4367816091953973,85174783,590844814.99,2023-10-31,0.5898,99940022103.92,99940022103.92,6.0467,23.4527
2788,SZSE.002028,思源电气,49.9,50.02,50.28,49.23,49.29,-1.2224448897795614,2.104208416833676,1526807,75654323.3,2023-10-31,0.254,38113666592.28,29624425444.44,3.7747,24.0775
2789,SZSE.002029,七匹狼,6.13,6.13,6.17,6.06,6.1,-0.4893964110929905,1.7944535073409515,5194446,31735214.98,2023-10-31,0.7178,4609587000.0,4414586274.8,0.7206,18.0612
2790,SZSE.002030,达安基因,9.77,9.6,9.83,9.6,9.74,-0.3070624360286489,2.354145342886391,10161080,99074821.3,2023-10-31,0.724,13669564351.68,13669564351.68,1.496,16.0048
2791,SZSE.002031,巨轮智能,3.37,3.33,3.33,3.21,3.24,-3.857566765578635,3.5608308605341277,105359729,343159016.5,2023-10-31,5.3438,7126041970.8,6388028481.96,2.9119,403.5843
2792,SZSE.002032,苏泊尔,50.1,50.52,50.52,49.48,50.13,0.05988023952097077,2.0758483033932262,1824758,91201722.48,2023-10-31,0.227,40440304975.41,40291689076.11,7.3174,19.067
2793,SZSE.002033,丽江股份,8.26,8.3,8.32,8.09,8.17,-1.0895883777239712,2.784503631961264,8642082,70605170.46,2023-10-31,1.5728,4489339108.87,4489253078.77,1.8025,23.772
2794,SZSE.002034,旺能环境,14.88,14.83,14.93,14.83,14.88,0.0,0.6720430107526858,1712145,25473515.21,2023-10-31,0.4013,6390901953.12,6348809587.68,1.0221,9.1521
2795,SZSE.002035,华帝股份,5.81,5.9,5.98,5.83,5.89,1.376936316695354,2.5817555938037926,17293310,102324217.9,2023-10-31,2.2156,4992679810.02,4597280717.38,1.4033,22.4791
2796,SZSE.002036,联创电子,10.25,10.1,10.78,9.98,10.73,4.682926829268297,7.804878048780478,94213086,983247781.88,2023-10-31,8.9677,11468872360.25,11272719172.38,3.3457,-26.0845
2797,SZSE.002037,保利联合,9.1,9.0,9.04,8.82,8.86,-2.637362637362639,2.417582417582405,8805500,78277458.0,2023-10-31,1.8198,4287208394.76,4287208394.76,1.5908,-7.2501
2798,SZSE.002038,双鹭药业,12.05,12.0,12.48,11.55,11.7,-2.904564315352709,7.71784232365145,92968746,1116061293.36,2023-10-31,10.9186,12019995000.0,9962294284.8,2.1151,38.2773
2799,SZSE.002039,黔源电力,13.63,13.67,14.12,13.66,14.09,3.374908290535572,3.374908290535576,8304373,115942168.62,2023-10-31,1.9423,6024293995.34,6024293995.34,1.5699,44.3085
2800,SZSE.002040,南京港,6.76,6.76,6.82,6.76,6.8,0.591715976331364,0.8875739644970487,2398053,16296010.0,2023-10-31,0.4955,3340015840.0,3290974240.0,1.0728,26.8224
2801,SZSE.002041,登海种业,15.27,15.18,15.34,15.11,15.32,0.3274394237066103,1.5062213490504284,5055011,77168945.36,2023-10-31,0.5744,13481600000.0,13481600000.0,3.9546,57.062
2802,SZSE.002042,华孚时尚,3.67,3.67,3.72,3.5,3.58,-2.4523160762942697,5.994550408719351,66690539,238782044.34,2023-10-31,3.9214,6088439250.9,6088439250.9,1.0056,-10.746
2803,SZSE.002043,兔宝宝,9.57,9.61,9.62,9.38,9.51,-0.6269592476489061,2.507836990595595,14212557,134568832.07,2023-10-31,2.0545,7986558597.72,6578797463.1,2.6743,15.5633
2804,SZSE.002044,美年健康,6.2,6.24,6.25,6.05,6.17,-0.4838709677419395,3.2258064516129057,29994663,184006804.35,2023-10-31,0.7746,24150946704.91,23893008602.4,3.1513,299.1642
2805,SZSE.002045,国光电器,15.66,15.94,16.21,15.37,15.74,0.5108556832694733,5.3639846743295125,60492556,951183107.41,2023-10-31,12.9331,7372362790.62,7362127855.62,3.0752,22.9714
2806,SZSE.002046,国机精工,10.59,10.32,10.39,9.94,10.04,-5.193578847969793,4.249291784702559,18930178,190810218.72,2023-10-31,3.6102,5312458463.16,5264464743.12,1.6348,19.2382
2807,SZSE.002047,宝鹰股份,2.68,2.69,2.7,2.64,2.67,-0.3731343283582156,2.2388059701492558,9041100,24087361.0,2023-10-31,0.6741,4048384010.31,3581049002.85,5.1017,-1.7253
2808,SZSE.002048,宁波华翔,13.13,13.08,13.15,12.87,12.99,-1.066260472201075,2.132520944402141,15874399,205845912.82,2023-10-31,3.0411,10575100648.92,6780788872.17,0.8847,10.0295
2809,SZSE.002049,紫光国微,75.64,75.4,75.82,74.35,75.3,-0.4494976203067158,1.9434161819143296,12196462,914575886.66,2023-10-31,1.4358,63976283667.3,63964859904.3,5.8293,24.3988
2810,SZSE.002050,三花智控,27.25,26.7,26.89,25.64,26.74,-1.8715596330275308,4.587155963302752,36383431,958461001.12,2023-10-31,0.986,99810139405.9,98673096018.56,5.7958,32.1416
2811,SZSE.002051,中工国际,8.82,8.81,8.85,8.7,8.79,-0.3401360544217802,1.7006802721088474,10141332,88877896.84,2023-10-31,0.8198,10876824556.23,10874024818.17,0.9664,30.7756
2812,SZSE.002052,ST同洲,1.63,1.63,1.69,1.63,1.65,1.2269938650306678,3.680981595092028,4698100,7775486.47,2023-10-31,0.6298,1230833495.1,1230833495.1,30.9697,-21.9475
2813,SZSE.002053,云南能投,9.92,9.95,10.0,9.86,9.92,0.0,1.4112903225806508,2394600,23746390.0,2023-10-31,0.281,9133636282.88,8453885315.52,1.3572,21.6705
2814,SZSE.002054,德美化工,6.99,6.96,7.07,6.96,6.99,0.0,1.5736766809728229,2855079,20004576.63,2023-10-31,0.7453,3369987009.48,2677827073.98,1.3405,386.3402
2815,SZSE.002055,得润电子,9.55,9.55,9.62,9.32,9.43,-1.2565445026178068,3.1413612565444913,11856756,112051170.12,2023-10-31,2.0119,5700340860.31,5557384295.22,2.0093,-29.5713
2816,SZSE.002056,横店东磁,14.63,14.63,14.72,14.46,14.55,-0.5468215994531733,1.7771701982228283,8627998,125443440.49,2023-10-31,0.5379,23668660676.7,23338539160.5,2.6737,11.2105
2817,SZSE.002057,中钢天源,8.43,8.43,8.7,8.39,8.45,0.23724792408066353,3.677342823250281,7621419,64982074.52,2023-10-31,1.0214,6413953707.2,6305286707.2,2.1132,17.9712
2818,SZSE.002058,威尔泰,11.58,11.58,11.66,11.41,11.52,-0.5181347150259086,2.158894645941278,1501300,17327927.0,2023-10-31,1.049,1652524784.64,1648716837.12,11.0097,-75.5908
2819,SZSE.002059,云南旅游,5.52,5.5,5.53,5.39,5.44,-1.4492753623188248,2.5362318840579814,4560400,24791871.0,2023-10-31,0.4832,5507645382.72,5134604117.44,3.1378,-15.9662
2820,SZSE.002060,广东建工,5.29,5.32,5.35,5.28,5.3,0.1890359168241984,1.3232514177693646,14022471,74398982.08,2023-10-31,1.1665,19898284182.6,6371109027.9,1.6147,50.8124
2821,SZSE.002061,浙江交科,3.85,3.84,3.87,3.8,3.83,-0.5194805194805197,1.8181818181818254,16657682,63828226.62,2023-10-31,0.6409,9954698157.0,9954698157.0,0.7314,7.5765
2822,SZSE.002062,宏润建设,4.51,4.49,4.62,4.48,4.61,2.2172949002217335,3.104212860310414,14633271,66743440.4,2023-10-31,1.4782,5082525000.0,4563577470.57,1.1917,12.7896
2823,SZSE.002063,远光软件,5.88,5.9,5.92,5.74,5.8,-1.3605442176870763,3.0612244897959133,15352987,89183468.82,2023-10-31,0.875,11049556800.0,10176547435.2,3.4113,33.8135
2824,SZSE.002064,华峰化学,7.22,7.22,7.27,7.17,7.25,0.41551246537396835,1.3850415512465326,10373800,74851899.0,2023-10-31,0.2095,35978443253.25,35901931647.0,1.4779,15.2667
2825,SZSE.002065,东华软件,6.38,6.37,6.42,6.26,6.3,-1.2539184952978122,2.5078369905956137,28430222,180019759.94,2023-10-31,0.9794,20194538962.5,18287865829.8,1.7521,44.3551
2826,SZSE.002066,瑞泰科技,10.49,10.46,10.56,10.46,10.51,0.19065776930409228,0.9532888465204923,1394700,14664862.76,2023-10-31,0.6038,2427810000.0,2427810000.0,3.7064,35.5198
2827,SZSE.002067,景兴纸业,3.39,3.39,3.45,3.39,3.41,0.5899705014749346,1.7699115044247802,12618398,43040402.2,2023-10-31,1.1944,4071422170.86,3602541118.11,0.7528,82.1237
2828,SZSE.002068,黑猫股份,10.63,10.63,10.73,10.51,10.66,0.2822201317027151,2.0696142991533453,22434611,238571542.4,2023-10-31,3.053,7903456141.36,7833252579.36,2.6188,-27.0942
2829,SZSE.002069,獐子岛,4.31,4.31,4.35,4.28,4.3,-0.23201856148491462,1.6241299303944177,7921750,34131451.5,2023-10-31,1.1154,3057782434.2,3053929634.2,32.2018,117.1998
2830,SZSE.002072,凯瑞德,6.46,6.51,6.57,6.45,6.49,0.4643962848297267,1.8575851393188871,5319500,34586301.0,2023-10-31,2.065,2386243200.0,1671859046.0,46.8016,-717.2938
2831,SZSE.002073,软控股份,6.96,6.97,6.98,6.77,6.84,-1.7241379310344862,3.017241379310357,15837759,108647769.28,2023-10-31,1.6713,6887857250.16,6481967546.16,1.3574,23.3209
2832,SZSE.002074,国轩高科,23.15,23.04,23.13,22.57,22.76,-1.6846652267818452,2.4190064794816357,11395030,259321005.72,2023-10-31,0.883,40532946969.92,29370385062.36,1.6695,89.3437
2833,SZSE.002075,沙钢股份,4.01,4.0,4.04,3.99,4.02,0.24937655860348684,1.246882793017452,11857004,47671146.08,2023-10-31,0.5405,8819178288.9,8819164118.4,1.3647,45.7277
2834,SZSE.002076,星光股份,2.31,2.32,2.37,2.32,2.33,0.8658008658008587,2.164502164502176,11244300,26292855.0,2023-10-31,1.0847,2597075064.03,2415371509.89,8.0148,28.4134
2835,SZSE.002077,大港股份,16.37,16.31,16.75,16.1,16.57,1.221747098350634,3.970678069639576,41942003,690746106.51,2023-10-31,7.227,9616374860.41,9616374860.41,2.9189,79.3159
2836,SZSE.002078,太阳纸业,12.4,12.42,12.46,12.16,12.43,0.24193548387096975,2.4193548387096833,15075447,186194100.12,2023-10-31,0.5451,34737923599.17,34379403480.84,1.3761,12.9748
2837,SZSE.002079,苏州固锝,11.81,11.75,11.91,11.71,11.79,-0.16934801016089684,1.6934801016088001,10240046,120724343.32,2023-10-31,1.2827,9524983202.64,9412297506.99,3.3777,37.2252
2838,SZSE.002080,中材科技,17.28,17.45,17.45,17.15,17.29,0.05787037037034981,1.736111111111115,8232176,141852073.59,2023-10-31,0.4906,29014756767.36,29014756767.36,1.6229,10.4608
2839,SZSE.002081,金螳螂,4.21,4.23,4.23,4.12,4.14,-1.6627078384798155,2.6128266033254235,15893561,66009193.24,2023-10-31,0.6015,10993040072.46,10939407494.4,0.838,11.9378
2840,SZSE.002082,万邦德,6.38,6.39,6.54,6.36,6.44,0.9404388714733702,2.8213166144200583,7011900,45313534.0,2023-10-31,1.137,3971477514.2,3971477514.2,1.5255,-65.6501
2841,SZSE.002083,孚日股份,4.85,4.85,4.9,4.83,4.87,0.4123711340206171,1.443298969072171,9943543,48438990.32,2023-10-31,1.232,4005996644.6,3930626664.26,1.0222,18.203
2842,SZSE.002084,海鸥住工,4.01,3.98,4.01,3.96,3.99,-0.4987531172069737,1.246882793017452,5613817,22347614.9,2023-10-31,0.8673,2596929999.51,2582653983.0,1.3806,-69.664
2843,SZSE.002085,万丰奥威,5.13,5.12,5.18,5.06,5.08,-0.9746588693957059,2.3391812865497097,22419852,114367425.68,2023-10-31,1.0469,10879162534.24,10879162534.24,1.6621,14.4755
2844,SZSE.002086,*ST东洋,2.71,2.7,2.71,2.67,2.69,-0.7380073800738018,1.4760147601476028,2884726,7735697.68,2023-10-31,0.4562,2034581500.0,1701021500.0,-1.6714,-1.2543
2845,SZSE.002087,*ST新纺,2.11,2.1,2.15,2.09,2.11,0.0,2.8436018957346,6591801,13976481.32,2023-10-31,0.8084,1723436046.85,1720495164.72,2.9791,-1.4509
2846,SZSE.002088,鲁阳节能,15.44,15.44,15.73,15.29,15.41,-0.19430051813471572,2.8497409326424954,1853400,28595763.0,2023-10-31,0.4166,7802585150.26,6855966510.12,2.7586,15.3807
2847,SZSE.002089,*ST新海,1.23,1.24,1.24,1.19,1.23,0.0,4.065040650406507,32708000,39870786.0,2023-10-31,2.7506,1690843627.68,1462612774.71,1.7146,-5.5397
2848,SZSE.002090,金智科技,10.11,10.1,10.14,9.65,9.71,-3.9564787339267937,4.846686449060339,7924800,77690444.5,2023-10-31,1.9827,3925412528.56,3881139210.67,2.7557,105.7365
2849,SZSE.002091,江苏国泰,7.66,7.64,7.73,7.62,7.7,0.5221932114882533,1.4360313315926936,15635048,120018659.76,2023-10-31,0.9789,12532585958.2,12299075950.7,0.8652,8.0789
2850,SZSE.002092,中泰化学,6.72,6.75,6.78,6.68,6.7,-0.29761904761904656,1.4880952380952461,11141330,74682170.48,2023-10-31,0.4326,17353130763.9,17256270150.3,0.7128,-10.7565
2851,SZSE.002093,国脉科技,7.83,7.77,7.83,7.65,7.74,-1.1494252873563204,2.29885057471264,17242990,133242037.7,2023-10-31,1.7125,7798050000.0,7793144775.0,2.1473,68.3898
2852,SZSE.002094,青岛金王,3.78,3.81,3.85,3.79,3.82,1.0582010582010692,1.587301587301589,13919000,53209200.0,2023-10-31,2.0159,2639228637.18,2637532557.18,1.7798,-3.2874
2853,SZSE.002095,生意宝,21.7,21.5,22.65,21.24,22.19,2.2580645161290436,6.497695852534563,11357522,248657840.62,2023-10-31,4.5122,5607856800.0,5585409728.85,6.0134,266.6941
2854,SZSE.002096,易普力,10.53,10.55,10.77,10.53,10.59,0.5698005698005826,2.2792022792022815,1907701,20225338.57,2023-10-31,0.5138,13136267754.3,3931918740.0,1.9171,221.4472
2855,SZSE.002097,山河智能,5.97,6.01,6.04,5.83,5.88,-1.5075376884422065,3.5175879396984917,9017175,53185572.5,2023-10-31,0.8309,6392809294.2,6381133819.2,1.3751,-6.3583
2856,SZSE.002098,浔兴股份,6.73,6.7,6.87,6.69,6.82,1.3372956909361022,2.67459138187221,4581732,31189703.6,2023-10-31,1.2798,2441560000.0,2441560000.0,2.1661,22.3066
2857,SZSE.002099,海翔药业,7.24,7.11,7.38,7.1,7.21,-0.4143646408839796,3.8674033149171305,24110032,175014576.0,2023-10-31,1.4909,11670936974.13,11659925955.86,1.9489,-74.0119
2858,SZSE.002100,天康生物,7.32,7.36,7.42,7.23,7.26,-0.819672131147553,2.59562841530054,21957292,160644695.72,2023-10-31,1.6204,9837440495.52,9837440495.52,1.3757,-21.349
2859,SZSE.002101,广东鸿图,16.54,16.54,16.58,16.11,16.18,-2.1765417170495738,2.8415961305924964,6214846,101069614.45,2023-10-31,1.1752,10714593379.82,8556592626.88,1.4327,25.7191
2860,SZSE.002102,冠福股份,2.88,2.89,2.93,2.86,2.87,-0.3472222222222099,2.4305555555555656,16586803,48003532.76,2023-10-31,0.7115,7559110152.3,6690270586.58,1.8027,68.1333
2861,SZSE.002103,广博股份,5.92,5.9,6.0,5.88,5.91,-0.16891891891891442,2.027027027027029,13262598,78578401.2,2023-10-31,3.5172,3157553152.23,2228514361.08,3.5288,50.948
2862,SZSE.002104,恒宝股份,8.24,8.24,8.34,8.03,8.24,0.0,3.762135922330103,17576436,143667850.32,2023-10-31,2.9684,5773349028.96,4879091698.96,2.7417,39.2034
2863,SZSE.002105,信隆健康,6.1,6.11,6.16,6.08,6.12,0.3278688524590345,1.3114754098360668,3002888,18368461.05,2023-10-31,0.8231,2255220000.0,2232814068.0,2.3876,96.7716
2864,SZSE.002106,莱宝高科,10.02,10.15,11.02,9.96,10.53,5.089820359281427,10.578842315369249,69028263,745925603.06,2023-10-31,9.8033,7432244164.8,7414537948.74,1.4453,23.7007
2865,SZSE.002107,沃华医药,6.52,6.51,6.62,6.48,6.56,0.6134969325153339,2.147239263803676,9063357,59463355.52,2023-10-31,1.5911,3786494976.0,3736685224.0,4.7101,44.2003
2866,SZSE.002108,沧州明珠,4.19,4.18,4.2,4.13,4.16,-0.7159904534606243,1.670644391408121,10921700,45452455.0,2023-10-31,0.6626,6958422706.56,6857193016.96,1.3689,26.2395
2867,SZSE.002109,兴化股份,4.64,4.62,4.67,4.6,4.66,0.4310344827586299,1.5086206896551788,5466000,25396503.0,2023-10-31,0.5191,4906722716.74,4906722716.74,1.1639,-16.8386
2868,SZSE.002110,三钢闽光,4.8,4.8,4.81,4.7,4.73,-1.458333333333317,2.291666666666655,7946013,37672772.23,2023-10-31,0.3241,11595955605.74,11595955605.74,0.564,-21.9755
2869,SZSE.002111,威海广泰,9.17,9.16,9.29,9.09,9.24,0.7633587786259666,2.181025081788433,4364292,40302884.58,2023-10-31,0.918,4938544426.2,4392640846.44,1.6486,24.5553
2870,SZSE.002112,三变科技,9.88,9.89,9.95,9.7,9.82,-0.6072874493927127,2.5303643724696356,5046131,49491364.83,2023-10-31,1.9254,2573625600.0,2573625600.0,5.2874,47.3522
2871,SZSE.002114,罗平锌电,6.9,6.87,6.93,6.83,6.91,0.14492753623187582,1.4492753623188355,6030300,41556903.0,2023-10-31,1.8647,2234661294.97,2234630586.93,1.9756,-9.6405
2872,SZSE.002115,三维通信,8.0,7.99,8.25,7.77,8.16,2.0000000000000018,6.000000000000005,167702498,1346778164.68,2023-10-31,22.2961,6617689269.12,6137638101.12,2.6955,46.5927
2873,SZSE.002116,中国海诚,10.5,10.53,10.56,10.41,10.49,-0.09523809523809268,1.428571428571432,3489513,36558183.63,2023-10-31,0.837,4893449920.27,4373154112.96,2.239,21.2724
2874,SZSE.002117,东港股份,8.59,8.56,8.56,8.33,8.36,-2.677532013969741,2.677532013969737,7422350,62420508.0,2023-10-31,1.3607,4561771279.56,4560305980.56,2.9653,30.3093
2875,SZSE.002119,康强电子,12.73,12.71,12.91,12.56,12.73,0.0,2.749410840534168,9598181,121890864.94,2023-10-31,2.5576,4777365320.0,4777365320.0,3.7486,73.3508
2876,SZSE.002120,韵达股份,9.25,9.33,9.34,9.05,9.11,-1.5135135135135203,3.135135135135126,21188166,193164933.03,2023-10-31,0.7527,26411632743.0,25645820061.07,1.4641,13.8916
2877,SZSE.002121,科陆电子,5.47,5.46,5.48,5.31,5.34,-2.376599634369281,3.107861060329083,14059103,75309449.82,2023-10-31,1.0043,8868761113.92,7475585637.36,6.3888,-116.3016
2878,SZSE.002122,汇洲智能,4.07,4.08,4.26,4.01,4.23,3.9312039312039415,6.142506142506142,195293781,811675846.34,2023-10-31,9.8405,8434643793.75,8394817501.98,3.7564,16.6018
2879,SZSE.002123,梦网科技,15.75,15.75,15.84,15.25,15.33,-2.6666666666666616,3.746031746031745,40615691,628606462.28,2023-10-31,5.9178,12355047782.7,10521368657.94,3.5951,-16.7941
2880,SZSE.002124,天邦食品,3.94,3.94,3.96,3.86,3.94,0.0,2.53807106598985,22474855,88072126.48,2023-10-31,1.439,7246418946.44,6152742580.48,3.0841,-3.4898
2881,SZSE.002125,湘潭电化,10.65,10.65,10.91,10.62,10.7,0.46948356807510194,2.7230046948356894,6387100,68650883.0,2023-10-31,1.0147,6735454329.1,6735454329.1,2.5233,24.0625
2882,SZSE.002126,银轮股份,18.44,18.44,18.44,17.25,17.56,-4.772234273318887,6.453362255965299,19953686,352472309.87,2023-10-31,2.6455,14101438275.92,13245876233.2,2.7588,23.6852
2883,SZSE.002127,南极电商,3.4,3.4,3.42,3.36,3.41,0.2941176470588225,1.764705882352943,19106393,64773473.01,2023-10-31,0.9579,8371108074.23,6801941311.77,1.8617,-18.0269
2884,SZSE.002128,电投能源,13.57,13.52,13.64,13.51,13.6,0.22107590272659738,0.9579955784819513,7608859,103202524.82,2023-10-31,0.36,30485399504.8,28744599504.8,1.0091,7.0657
2885,SZSE.002129,TCL中环,18.7,18.62,18.85,18.27,18.46,-1.2834224598930355,3.101604278074876,55941593,1034343446.52,2023-10-31,1.3848,74635917169.58,74573220216.3,1.7041,9.3224
2886,SZSE.002130,沃尔核材,7.2,7.19,7.25,7.1,7.14,-0.8333333333333415,2.083333333333338,17293650,123812566.58,2023-10-31,1.3844,8995675732.68,8918924781.06,1.8718,13.8451
2887,SZSE.002131,利欧股份,2.23,2.26,2.26,2.19,2.21,-0.8968609865470878,3.1390134529147913,149476180,331706232.44,2023-10-31,2.5575,14950178363.9,12916428469.49,1.082,8.6032
2888,SZSE.002132,恒星科技,3.17,3.17,3.19,3.14,3.18,0.3154574132492094,1.5772870662460512,12652160,40205983.5,2023-10-31,0.9041,4456912139.64,4450353256.08,1.1968,39.5452
2889,SZSE.002133,广宇集团,3.47,3.47,3.52,3.44,3.51,1.1527377521613813,2.3054755043227684,15280882,53330285.12,2023-10-31,1.9849,2717246054.25,2702244405.51,0.6656,20.2816
2890,SZSE.002134,天津普林,10.43,10.43,10.47,10.29,10.36,-0.6711409395973145,1.7257909875359683,2994700,31102945.0,2023-10-31,1.222,2547003596.48,2538810908.48,5.6568,116.3292
2891,SZSE.002135,东南网架,5.71,5.71,5.77,5.67,5.74,0.5253940455341555,1.7513134851138292,10162036,58284055.64,2023-10-31,0.929,6690255507.6,6278982108.28,1.0536,35.8614
2892,SZSE.002136,安纳达,11.08,11.08,11.1,10.97,11.03,-0.4512635379061436,1.1732851985559476,1719910,18951824.1,2023-10-31,0.8027,2371670600.0,2363355744.8,1.9594,15.0951
2893,SZSE.002137,实益达,6.97,6.85,6.93,6.7,6.72,-3.5868005738880937,3.299856527977038,54894078,371353655.4,2023-10-31,13.8475,3880832618.88,2663938314.24,2.5285,140.0629
2894,SZSE.002138,顺络电子,29.61,29.67,29.94,28.81,29.16,-1.5197568389057725,3.8162782843633996,7538261,219893673.9,2023-10-31,1.0144,23512243202.64,21669774959.52,4.0578,46.7354
2895,SZSE.002139,拓邦股份,9.56,9.6,9.6,9.2,9.36,-2.092050209205032,4.184100418410045,27120300,252550794.67,2023-10-31,2.5989,11882851081.92,9767409490.8,1.9273,23.7643
2896,SZSE.002140,东华科技,8.63,8.64,8.67,8.59,8.63,0.0,0.9269988412514492,2928901,25252541.46,2023-10-31,0.5443,6111616027.86,4643509113.98,1.5672,18.5184
2897,SZSE.002141,贤丰控股,2.96,2.95,2.98,2.9,2.92,-1.3513513513513487,2.7027027027027053,15098500,44284720.0,2023-10-31,1.3307,3313197035.48,3313197035.48,2.935,-77.2124
2898,SZSE.002142,宁波银行,24.22,24.32,25.17,24.15,24.99,3.1791907514450823,4.211395540875323,47083030,1168425219.97,2023-10-31,0.7217,165023733892.08,163028825124.9,0.9681,6.54
2899,SZSE.002144,宏达高科,11.27,11.27,11.39,11.22,11.32,0.4436557231588312,1.508429458740017,2315600,26156741.0,2023-10-31,1.6792,2000951816.96,1561023528.6,1.0042,26.4224
2900,SZSE.002145,中核钛白,4.83,4.81,4.84,4.71,4.76,-1.449275362318847,2.6915113871635588,53670611,255400575.88,2023-10-31,1.3865,18426085259.4,18425993634.16,1.4954,51.1173
2901,SZSE.002146,荣盛发展,1.98,1.95,2.02,1.91,1.97,-0.5050505050505083,5.555555555555561,237801358,465739205.92,2023-10-31,6.097,8565882786.47,7683534561.47,0.3716,-0.6494
2902,SZSE.002148,北纬科技,6.08,6.05,6.13,6.01,6.04,-0.6578947368421018,1.9736842105263175,10218740,61940529.8,2023-10-31,2.2637,3376021941.2,2726605139.68,2.7993,245.0033
2903,SZSE.002149,西部材料,14.43,14.43,14.86,14.41,14.85,2.9106029106028997,3.1185031185031136,7392800,108546191.0,2023-10-31,1.5145,7249981968.9,7248868218.9,2.5047,36.2039
2904,SZSE.002150,通润装备,12.89,12.92,12.97,12.66,12.75,-1.0861132660977546,2.404965089216451,3878236,49667979.5,2023-10-31,1.0931,4545592425.75,4523455875.75,2.8128,67.1931
2905,SZSE.002151,北斗星通,32.74,32.72,33.27,32.5,33.07,1.0079413561392636,2.3518631643249943,12956766,427802741.91,2023-10-31,3.1691,17995346662.06,13520732333.0,3.4868,339.3637
2906,SZSE.002152,广电运通,11.81,11.9,11.97,11.61,11.66,-1.2701100762066098,3.048264182895861,17152503,201391188.92,2023-10-31,0.691,28956244590.68,28941679093.58,2.4517,31.7307
2907,SZSE.002153,石基信息,10.76,10.77,10.87,10.42,10.52,-2.230483271375472,4.18215613382899,10749966,113149986.01,2023-10-31,0.672,28711119207.32,16829515218.08,3.8601,-36.9983
2908,SZSE.002154,报喜鸟,6.13,6.13,6.18,6.03,6.1,-0.4893964110929905,2.446982055464918,6511704,39668022.88,2023-10-31,0.5989,8901935746.9,6632896542.9,2.1203,14.1426
2909,SZSE.002155,湖南黄金,11.65,11.55,11.71,11.52,11.71,0.5150214592274827,1.6309012875536588,16225247,188370797.05,2023-10-31,1.3499,14075882240.54,14074457637.07,2.3058,29.8708
2910,SZSE.002156,通富微电,20.38,20.6,20.8,20.2,20.45,0.34347399411187585,2.944062806673216,33996801,693320745.02,2023-10-31,2.2422,31010521698.05,31006977917.55,2.2628,-807.1622
2911,SZSE.002157,*ST正邦,2.81,2.78,2.8,2.72,2.73,-2.8469750889679735,2.8469750889679584,32313983,88559429.41,2023-10-31,1.1332,9822762055.47,7784783462.82,-0.9705,-1.1473
2912,SZSE.002158,汉钟精机,23.67,23.79,23.84,23.28,23.38,-1.2251795521757591,2.3658639628221323,5928991,139236299.24,2023-10-31,1.1112,12501850369.82,12475167594.12,3.5722,14.7023
2913,SZSE.002159,三特索道,14.16,15.01,15.43,14.88,15.2,7.34463276836157,3.8841807909604444,12310378,186228240.1,2023-10-31,8.9187,2694980140.0,2098040572.0,2.1318,27.1309
2914,SZSE.002160,常铝股份,3.97,3.97,4.02,3.96,3.98,0.25188916876572875,1.5113350125944485,11291032,44991418.73,2023-10-31,1.4229,4110469044.66,3158250586.04,1.1554,-12.9557
2915,SZSE.002161,远望谷,5.62,5.58,5.58,5.38,5.48,-2.491103202846967,3.5587188612099676,26133400,142763968.0,2023-10-31,3.6629,4053870552.0,3909756985.92,2.73,40.568
2916,SZSE.002162,悦心健康,4.13,4.13,4.54,4.11,4.54,9.927360774818418,10.41162227602905,40040541,177876813.66,2023-10-31,4.3232,4206310000.0,4204827976.02,4.0123,-50.0667
2917,SZSE.002163,海南发展,9.06,9.09,9.14,8.97,9.11,0.5518763796909409,1.8763796909492265,5325170,48273496.38,2023-10-31,0.6627,7697566168.37,7320340500.0,5.1639,103.9273
2918,SZSE.002164,宁波东力,5.34,5.33,5.37,5.27,5.31,-0.5617977528089901,1.8726591760299727,4165500,22097813.0,2023-10-31,0.8662,2825842288.59,2553580157.58,2.1442,-57.0523
2919,SZSE.002165,红宝丽,4.23,4.24,4.28,4.22,4.25,0.47281323877068626,1.4184397163120683,22111872,93936125.28,2023-10-31,3.039,3124896807.25,3092339295.5,1.523,-100.3308
2920,SZSE.002166,莱茵生物,7.47,7.45,7.5,7.42,7.46,-0.1338688085676054,1.070950468540831,6584900,49098553.0,2023-10-31,1.296,5535934890.5,3790479249.48,1.8057,126.2956
2921,SZSE.002167,东方锆业,6.32,6.32,6.37,6.26,6.3,-0.31645569620254443,1.740506329113929,7510100,47435772.0,2023-10-31,1.0951,4881885750.0,4320503541.9,3.2296,-132.7115
2922,SZSE.002168,惠程科技,4.19,4.19,4.22,4.13,4.16,-0.7159904534606243,2.1479713603818578,6445400,26823726.0,2023-10-31,0.8239,3274350010.88,3254461258.88,-123.5542,-40.3329
2923,SZSE.002169,智光电气,7.14,7.12,7.13,6.99,7.03,-1.540616246498594,1.9607843137254857,8137650,57236213.5,2023-10-31,1.0655,5538177717.82,5369245925.01,1.7047,126.8721
2924,SZSE.002170,芭田股份,5.61,5.63,5.69,5.58,5.6,-0.17825311942960553,1.9607843137254957,10997666,61939004.87,2023-10-31,1.5525,4983230711.2,3967666539.2,2.1023,21.73
2925,SZSE.002171,楚江新材,7.21,7.21,7.29,7.18,7.28,0.9708737864077666,1.5256588072122097,15166079,110078848.32,2023-10-31,1.1687,9715407090.48,9447520205.76,1.5995,25.6469
2926,SZSE.002172,澳洋健康,3.79,3.82,3.96,3.79,3.89,2.638522427440626,4.4854881266490745,25912477,100911875.72,2023-10-31,3.386,2978698880.4,2976908002.2,35.4901,-5300.5394
2927,SZSE.002173,创新医疗,8.24,8.25,8.47,8.19,8.26,0.24271844660193054,3.398058252427198,23955284,199491677.72,2023-10-31,5.6573,3709095609.52,3497624047.68,1.962,-49.4213
2928,SZSE.002174,游族网络,10.9,11.06,11.3,10.85,11.05,1.3761467889908285,4.128440366972487,27925111,308588187.67,2023-10-31,3.0546,10120520796.75,10101733586.75,2.2856,-14.4906
2929,SZSE.002175,东方智造,3.1,3.08,3.1,3.05,3.08,-0.6451612903225823,1.6129032258064602,28873411,88583134.77,2023-10-31,2.2614,3932484639.16,3932461539.16,6.7037,34.035
2930,SZSE.002176,江特电机,12.31,12.11,12.46,11.51,11.96,-2.843216896831846,7.717303005686442,173312266,2058230492.63,2023-10-31,10.1589,20407653948.76,20403988627.36,4.9504,75.3122
2931,SZSE.002177,御银股份,4.06,4.06,4.11,4.04,4.07,0.24630541871923928,1.72413793103449,18732604,76308464.2,2023-10-31,2.461,3098048566.58,3098048566.58,1.8278,216.3135
2932,SZSE.002178,延华智能,4.59,4.8,5.05,4.6,4.65,1.3071895424836777,9.803921568627455,164089195,798959935.9,2023-10-31,23.0553,3311511454.65,3309500687.7,7.5952,-25.6166
2933,SZSE.002179,中航光电,40.3,40.32,41.3,40.2,41.3,2.481389578163773,2.729528535980135,8436528,343450226.91,2023-10-31,0.4127,87557914420.2,84420654951.5,4.4034,26.3269
2934,SZSE.002180,纳思达,24.58,24.9,24.9,24.3,24.56,-0.08136696501220841,2.4410089503661427,5941881,145618370.63,2023-10-31,0.4646,34783781245.28,31411424264.16,2.176,66.4072
2935,SZSE.002181,粤传媒,4.51,4.49,4.54,4.42,4.46,-1.1086474501108556,2.660753880266078,7834750,35088624.0,2023-10-31,0.6906,5178319456.04,5059702625.12,1.1608,228.9908
2936,SZSE.002182,宝武镁业,19.01,19.65,19.65,18.83,19.04,0.15781167806416807,4.313519200420832,5174052,98531982.0,2023-10-31,0.9286,13488365123.52,10609050605.44,2.6079,56.2574
2937,SZSE.002183,怡亚通,4.38,4.4,4.43,4.34,4.38,0.0,2.054794520547942,14446100,63040072.0,2023-10-31,0.5563,11374899818.58,11373848618.58,1.2592,73.1772
2938,SZSE.002184,海得控制,14.72,14.59,14.71,14.26,14.4,-2.1739130434782594,3.0570652173913113,11537334,166698579.64,2023-10-31,4.8042,5067480528.0,3458174457.6,3.7196,30.6404
2939,SZSE.002185,华天科技,8.97,8.96,9.03,8.87,8.93,-0.4459308807134965,1.783723522853959,17982601,160483801.14,2023-10-31,0.5613,28616047906.64,28609441733.75,1.7973,216.0124
2940,SZSE.002186,全聚德,11.46,11.46,11.55,11.35,11.45,-0.08726003490402423,1.7452006980802883,2859800,32651552.0,2023-10-31,0.9283,3531912284.75,3527214922.25,4.3045,-116.3083
2941,SZSE.002187,广百股份,6.47,6.45,6.5,6.43,6.48,0.15455950540959051,1.0819165378670832,3494750,22595474.5,2023-10-31,0.6758,4562172279.36,3350879059.68,1.1368,-99.8266
2942,SZSE.002188,中天服务,6.25,6.28,6.32,6.18,6.28,0.48000000000001375,2.240000000000009,3864300,24225368.0,2023-10-31,1.6042,1837142251.0,1512746853.96,13.9872,56.0019
2943,SZSE.002189,中光学,17.0,16.95,17.29,16.73,16.92,-0.47058823529411153,3.2941176470588163,4024368,68182400.04,2023-10-31,1.5409,4428420044.76,4418915657.76,3.6162,-15.7435
2944,SZSE.002190,成飞集成,19.23,19.27,19.32,19.05,19.2,-0.15600624024961762,1.4040561622464875,2000326,38321595.94,2023-10-31,0.5576,6887603385.6,6887603385.6,1.9359,167.5096
2945,SZSE.002191,劲嘉股份,5.9,5.89,5.93,5.87,5.88,-0.3389830508474634,1.0169491525423662,7664231,45133249.56,2023-10-31,0.536,8597008373.52,8407345598.4,1.2186,-264.5924
2946,SZSE.002192,融捷股份,57.7,57.21,57.5,54.9,55.43,-3.9341421143847533,4.506065857885617,11783515,658461723.46,2023-10-31,4.5475,14392687902.29,14363034238.04,4.5025,9.3268
2947,SZSE.002193,如意集团,6.57,6.54,6.68,6.52,6.68,1.6742770167427645,2.4353120243531223,6784242,45081278.6,2023-10-31,2.6026,1748259874.0,1741272928.0,0.704,-7.4561
2948,SZSE.002194,武汉凡谷,11.41,11.4,11.55,11.04,11.16,-2.1910604732690575,4.469763365468901,38023260,427765515.88,2023-10-31,7.4751,7625469594.96,5676737223.6,2.9501,66.1757
2949,SZSE.002195,岩山科技,2.82,2.82,2.83,2.78,2.8,-0.7092198581560294,1.7730496453900804,48967389,137131729.76,2023-10-31,0.8657,16029573456.4,15837785821.2,1.6641,74.2772
2950,SZSE.002196,方正电机,6.83,6.79,6.86,6.69,6.74,-1.3177159590043952,2.4890190336749622,10817000,73011090.0,2023-10-31,2.2486,3361372328.2,3242335253.82,2.4502,-23.8428
2951,SZSE.002197,证通电子,10.68,10.66,10.68,10.44,10.58,-0.9363295880149725,2.247191011235957,24314361,256191778.83,2023-10-31,4.5506,6499959778.24,5653016325.96,2.5457,-12.3859
2952,SZSE.002198,嘉应制药,6.62,6.61,6.75,6.57,6.68,0.9063444108761365,2.7190332326283944,5148110,34428194.9,2023-10-31,1.0144,3390165784.64,3390165784.64,4.5095,72.7793
2953,SZSE.002199,东晶电子,8.39,8.38,8.55,8.28,8.38,-0.11918951132300348,3.2181168057211123,4389768,36916539.76,2023-10-31,1.8032,2040047001.94,2040047001.94,6.3228,-26.643
2954,SZSE.002200,ST交投,7.38,7.4,7.42,7.36,7.41,0.40650406504065817,0.8130081300812955,499356,3688177.81,2023-10-31,0.2712,1364424714.9,1364424714.9,45.0011,287.1727
2955,SZSE.002201,正威新材,7.58,7.58,7.58,7.32,7.45,-1.715039577836408,3.43007915567282,20207712,149944456.21,2023-10-31,3.1077,4854689995.45,4844376938.1,4.5532,145.5214
2956,SZSE.002202,金风科技,8.9,8.91,8.91,8.77,8.79,-1.2359550561797938,1.5730337078651748,14181177,124938427.63,2023-10-31,0.4178,37138344617.13,29832654843.66,1.0451,29.0288
2957,SZSE.002203,海亮股份,10.97,10.9,10.96,10.6,10.79,-1.6408386508660167,3.281677301732007,7124718,76494101.98,2023-10-31,0.3687,21525689009.76,20850580527.14,1.6361,17.2912
2958,SZSE.002204,大连重工,4.6,4.6,4.6,4.53,4.57,-0.6521739130434634,1.5217391304347696,10412100,47488749.38,2023-10-31,0.5391,8826361046.24,8826361046.24,1.2718,23.9686
2959,SZSE.002205,国统股份,10.77,10.6,10.6,10.31,10.34,-3.9925719591457742,2.692664809656445,18639302,194166034.92,2023-10-31,10.0296,1921618977.52,1921618977.52,2.9614,-11.5543
2960,SZSE.002206,海利得,5.33,5.33,5.49,5.31,5.37,0.7504690431519689,3.377110694183876,16845600,91023934.0,2023-10-31,1.839,6270856271.4,4918895625.57,1.7252,19.3907
2961,SZSE.002207,准油股份,7.55,7.5,7.5,7.25,7.33,-2.9139072847682135,3.3112582781456954,11092000,81233167.0,2023-10-31,4.2529,1920865920.74,1911719708.0,21.9562,-63.6447
2962,SZSE.002208,合肥城建,6.54,6.54,7.02,6.54,6.87,5.045871559633031,7.339449541284397,31035991,212351981.37,2023-10-31,3.8687,5518615311.78,5511376214.16,0.8309,12.1698
2963,SZSE.002209,达意隆,10.03,10.02,10.15,9.93,9.96,-0.6979062811565129,2.1934197407776734,3318300,33246753.0,2023-10-31,2.1517,1979540538.0,1535994188.64,3.1066,56.2124
2964,SZSE.002210,飞马国际,1.92,1.93,1.94,1.92,1.93,0.5208333333333259,1.0416666666666676,13434388,25925165.84,2023-10-31,0.5048,5136179253.82,5136160725.82,18.4071,53.7284
2965,SZSE.002211,宏达新材,3.87,3.86,3.9,3.85,3.88,0.2583979328165231,1.2919896640826827,4335400,16784513.0,2023-10-31,1.0029,1678006022.52,1677278522.52,21.7376,34.7587
2966,SZSE.002212,天融信,9.32,9.28,9.42,9.25,9.39,0.7510729613734002,1.8240343347639476,15169625,141647139.59,2023-10-31,1.2984,11124469831.08,10970910569.37,1.1553,29.5415
2967,SZSE.002213,大为股份,14.24,15.0,15.38,14.06,14.37,0.9129213483145993,9.269662921348317,12768188,185353128.13,2023-10-31,6.1981,3406871214.0,2960220000.0,5.3282,-107.7488
2968,SZSE.002214,大立科技,11.81,11.87,12.28,11.75,12.0,1.608806096528359,4.4877222692633305,6423282,77378980.94,2023-10-31,1.3442,7190855220.0,5734333524.0,3.4196,-25.8928
2969,SZSE.002215,诺普信,7.57,7.53,7.63,7.44,7.51,-0.7926023778071389,2.5099075297225824,10515373,79293451.07,2023-10-31,1.3244,7472761116.77,5962923590.65,1.9564,24.343
2970,SZSE.002216,三全食品,14.52,14.48,14.65,14.45,14.62,0.688705234159781,1.3774104683195665,2449121,35690759.83,2023-10-31,0.3886,12853670781.76,9213690214.78,3.1118,15.5343
2971,SZSE.002217,合力泰,3.41,3.36,3.45,3.24,3.29,-3.5190615835777206,6.158357771260996,99111435,329938746.82,2023-10-31,3.1838,10253009363.8,10241899464.79,4.7455,-1.9564
2972,SZSE.002218,拓日新能,4.2,4.21,4.27,4.18,4.24,0.952380952380949,2.1428571428571392,11199500,47248265.0,2023-10-31,0.8043,5991207127.76,5903768575.76,1.4131,119.7233
2973,SZSE.002219,新里程,3.18,3.23,3.24,3.17,3.19,0.3144654088050203,2.201257861635229,19581735,62730959.35,2023-10-31,0.6038,10787810422.07,10345483321.8,5.0941,141.2377
2974,SZSE.002221,东华能源,10.61,10.65,10.72,10.51,10.52,-0.8482563619227168,1.9792648444863417,8149885,86365931.2,2023-10-31,0.5579,16580864108.84,15368561348.24,1.5688,31909.2457
2975,SZSE.002222,福晶科技,25.35,25.47,26.1,25.03,25.64,1.1439842209072904,4.220907297830376,19258057,491761957.77,2023-10-31,4.525,10961100000.0,10912190879.52,7.6169,53.9759
2976,SZSE.002223,鱼跃医疗,33.4,33.4,33.73,33.22,33.65,0.7485029940119681,1.526946107784425,6534818,218941936.65,2023-10-31,0.6944,33733348660.85,31668680125.9,2.9218,12.7283
2977,SZSE.002224,三力士,5.1,5.1,5.14,5.06,5.08,-0.39215686274508554,1.5686274509803935,5293040,26958204.62,2023-10-31,0.8352,3706353623.6,3219559677.2,1.4879,54.4574
2978,SZSE.002225,濮耐股份,3.88,3.89,3.91,3.86,3.9,0.5154639175257714,1.28865979381444,6865301,26711584.89,2023-10-31,0.8317,3940450503.6,3219441661.8,1.191,17.7769
2979,SZSE.002226,江南化工,4.79,4.76,4.83,4.74,4.78,-0.20876826722338038,1.8789144050104356,9129634,43692654.84,2023-10-31,0.4995,12661851246.9,8736244732.36,1.4626,43.6198
2980,SZSE.002227,奥特迅,12.43,12.36,12.49,12.34,12.35,-0.6436041834271933,1.2067578439259885,1389436,17229107.12,2023-10-31,0.5613,3060406199.5,3057342633.8,2.8739,-59.0138
2981,SZSE.002228,合兴包装,3.31,3.33,3.38,3.31,3.36,1.5105740181268867,2.1148036253776388,14858776,49879335.03,2023-10-31,1.2036,4161812145.12,4148157373.92,1.2741,39.0971
2982,SZSE.002229,鸿博股份,33.15,33.68,35.39,33.02,33.3,0.4524886877828038,7.149321266968318,52584472,1793571565.87,2023-10-31,10.6627,16594863957.9,16422371223.3,10.5486,-272.3029
2983,SZSE.002230,科大讯飞,45.66,45.7,46.3,44.5,45.56,-0.21901007446341048,3.9421813403416497,59396277,2678625484.29,2023-10-31,2.7914,105502182750.68,96943843907.8,6.4615,438.9721
2984,SZSE.002231,奥维通信,7.09,6.52,6.78,6.38,6.41,-9.59097320169252,5.641748942172079,49661846,323523150.66,2023-10-31,16.8449,2223308608.97,1889788296.47,6.3922,-43.7846
2985,SZSE.002232,启明信息,20.36,21.81,22.4,20.31,20.51,0.7367387033399009,10.265225933202357,120751839,2629767059.65,2023-10-31,29.5563,8379328812.05,8379328812.05,5.8723,118.7407
2986,SZSE.002233,塔牌集团,7.56,7.56,7.6,7.5,7.54,-0.2645502645502562,1.3227513227513181,9718838,73189789.52,2023-10-31,0.8157,8989753620.64,8983787173.4,0.7605,11.5845
2987,SZSE.002234,民和股份,12.64,12.61,12.75,12.55,12.62,-0.15822784810127777,1.5822784810126524,4832880,61041733.86,2023-10-31,1.5928,4403877875.44,3829228409.18,1.7231,-18.4965
2988,SZSE.002235,安妮股份,7.83,7.71,7.9,7.57,7.67,-2.0434227330779042,4.214559386973181,54523798,419814696.57,2023-10-31,9.9453,4445319418.28,4204977414.17,4.4953,-32.0781
2989,SZSE.002236,大华股份,20.61,20.51,20.62,20.17,20.4,-1.0189228529839944,2.1834061135371146,27839877,567004890.92,2023-10-31,1.4211,67207167396.0,39963792453.6,2.0511,20.8628
2990,SZSE.002237,恒邦股份,11.63,11.61,11.75,11.48,11.69,0.5159071367153878,2.321582115219257,9217900,107172104.0,2023-10-31,1.0125,13420288336.0,10642576000.0,1.5461,26.5911
2991,SZSE.002238,天威视讯,6.39,6.41,6.64,6.41,6.48,1.4084507042253724,3.599374021909226,7471174,48665012.7,2023-10-31,0.9309,5200583356.8,5200583356.8,2.2587,44.8694
2992,SZSE.002239,奥特佳,2.71,2.72,2.76,2.65,2.67,-1.4760147601476037,4.0590405904059,56692000,152412145.0,2023-10-31,1.7481,8659499244.48,8659218894.48,1.5479,63.1172
2993,SZSE.002240,盛新锂能,23.99,23.7,23.78,23.35,23.49,-2.0842017507294752,1.7924135056273438,20731278,487866614.17,2023-10-31,2.4393,21652750133.28,19963439769.78,1.618,9.4253
2994,SZSE.002241,歌尔股份,18.16,17.99,18.29,17.88,18.03,-0.7158590308369961,2.2577092511013226,81223771,1467162564.58,2023-10-31,2.6956,61669869696.0,54328759985.19,2.0106,-51.4433
2995,SZSE.002242,九阳股份,13.28,13.3,13.39,13.22,13.35,0.5271084337349352,1.2801204819277106,2437144,32468674.3,2023-10-31,0.3183,10239676950.0,10222171095.0,2.9534,26.3621
2996,SZSE.002243,力合科创,7.8,7.78,7.83,7.67,7.72,-1.025641025641022,2.051282051282053,9013201,69643464.19,2023-10-31,0.7445,9345864570.68,9345510222.68,1.3279,17.9161
2997,SZSE.002244,滨江集团,8.36,8.4,8.45,8.22,8.38,0.23923444976077235,2.751196172248788,18714125,155929092.21,2023-10-31,0.6977,26073899798.2,22478124341.2,1.0332,6.2723
2998,SZSE.002245,蔚蓝锂芯,9.28,9.27,9.31,9.14,9.24,-0.4310344827586077,1.8318965517241375,12104216,111467706.92,2023-10-31,1.1184,10644910001.88,10000096555.68,1.6608,136.7871
2999,SZSE.002246,北化股份,8.33,8.31,8.37,8.27,8.31,-0.24009603841536054,1.2004801920768264,3320900,27605957.0,2023-10-31,0.6049,4562479138.14,4562479138.14,1.6075,267.7421
3000,SZSE.002247,聚力文化,2.15,2.15,2.19,2.14,2.17,0.9302325581395321,2.3255813953488293,12089713,26187221.08,2023-10-31,1.8786,1846388006.33,1396483258.24,4.6347,-5.5356
3001,SZSE.002248,华东数控,8.51,8.48,8.54,8.31,8.4,-1.2925969447708519,2.702702702702687,12852700,108029049.0,2023-10-31,4.1798,2582963040.0,2582963040.0,29.6465,255.7312
3002,SZSE.002249,大洋电机,5.11,5.12,5.13,5.06,5.08,-0.5870841487279899,1.3698630136986356,12298698,62536698.72,2023-10-31,0.6903,12155437893.8,9051240713.84,1.3906,23.7899
3003,SZSE.002250,联化科技,7.87,7.88,7.94,7.74,7.79,-1.0165184243964398,2.5412960609911077,8207472,64095912.16,2023-10-31,0.8928,7192088334.24,7161503929.55,1.053,25.7817
3004,SZSE.002251,*ST步高,5.23,4.97,4.97,4.97,4.97,-4.971319311663491,0.0,1194200,5935174.0,2023-10-31,0.1382,4293602636.47,4293602636.47,1.0526,-1.3362
3005,SZSE.002252,上海莱士,6.94,6.95,7.02,6.93,6.98,0.5763688760807018,1.296829971181554,32011731,223358156.62,2023-10-31,0.4751,47050699590.86,47032203288.86,1.5782,22.7972
3006,SZSE.002253,川大智胜,15.24,15.0,15.94,14.83,15.32,0.5249343832020914,7.283464566929131,21608760,331453838.25,2023-10-31,10.3936,3456591775.4,3185088452.72,2.5621,-39.1154
3007,SZSE.002254,泰和新材,15.61,15.59,16.17,15.37,15.52,-0.5765534913516945,5.1249199231262175,11695413,183289876.5,2023-10-31,1.4503,13409978136.16,12515734484.32,1.9043,32.7457
3008,SZSE.002255,海陆重工,5.07,5.09,5.09,5.01,5.03,-0.7889546351084853,1.577909270216964,8197900,41323033.0,2023-10-31,1.2625,4236623406.65,3266292082.29,1.1368,11.4101
3009,SZSE.002256,兆新股份,2.31,2.31,2.32,2.27,2.28,-1.2987012987013102,2.164502164502157,11578100,26520212.0,2023-10-31,0.8144,4350373354.92,3241264162.92,3.7216,-31.5358
3010,SZSE.002258,利尔化学,12.09,12.09,12.15,11.97,12.06,-0.2481389578163684,1.4888337468982609,2683606,32288245.92,2023-10-31,0.3358,9653272969.68,9637753160.7,1.2968,10.9654
3011,SZSE.002259,ST升达,3.19,3.19,3.2,3.17,3.19,0.0,0.9404388714733621,1631700,5191411.0,2023-10-31,0.2169,2399927171.73,2399927171.73,8.8419,72.5365
3012,SZSE.002261,拓维信息,17.28,17.29,17.29,16.62,16.89,-2.256944444444453,3.877314814814804,78709454,1331160793.73,2023-10-31,7.0184,21177613888.86,18941553105.72,8.2343,-20.3048
3013,SZSE.002262,恩华药业,26.18,26.25,26.48,25.89,26.28,0.381970970206269,2.253628724216959,5851053,153147402.39,2023-10-31,0.6636,26479415057.76,23172694191.0,4.1988,25.3466
3014,SZSE.002263,大东南,2.55,2.55,2.57,2.53,2.55,0.0,1.5686274509803935,11045900,28120101.0,2023-10-31,0.5881,4789818255.0,4789780005.0,1.7663,-137.4051
3015,SZSE.002264,新华都,5.35,5.34,5.38,5.3,5.35,0.0,1.4953271028037398,4156000,22175728.0,2023-10-31,0.6357,3851587959.05,3497623714.7,2.4343,35.8304
3016,SZSE.002265,建设工业,12.03,12.03,12.09,11.81,11.86,-1.413133832086455,2.3275145469659133,2198039,26199275.59,2023-10-31,0.69,12251859227.02,3778194799.92,3.7505,59.5189
3017,SZSE.002266,浙富控股,3.71,3.71,3.73,3.68,3.7,-0.26954177897573484,1.3477088948787015,12876662,47659171.1,2023-10-31,0.263,19403509160.5,18118112665.9,1.7551,13.7594
3018,SZSE.002267,陕天然气,7.29,7.21,7.22,7.06,7.13,-2.1947873799725626,2.194787379972567,8695991,61952592.99,2023-10-31,0.782,7929097922.85,7929097922.85,1.2487,24.916
3019,SZSE.002268,电科网安,21.9,22.33,22.59,21.8,22.04,0.6392694063926951,3.6073059360730553,11240600,248688323.08,2023-10-31,1.3362,18639995939.72,18540436410.92,3.5418,55.9635
3020,SZSE.002269,美邦服饰,1.77,1.79,1.85,1.78,1.8,1.6949152542372836,3.9548022598870096,91381248,165116258.81,2023-10-31,3.6371,4522500000.0,4522500000.0,16.1343,-205.9205
3021,SZSE.002270,华明装备,12.7,12.77,12.82,12.33,12.39,-2.4409448818897506,3.858267716535435,9215174,114776763.28,2023-10-31,1.2138,11104233090.09,9406794875.52,3.3796,20.8866
3022,SZSE.002271,东方雨虹,25.1,25.01,25.09,24.6,24.96,-0.5577689243027928,1.9521912350597546,18884274,468810505.47,2023-10-31,0.9463,62860866207.36,49807530140.16,2.1725,22.2992
3023,SZSE.002272,川润股份,5.96,5.96,6.03,5.94,5.96,0.0,1.5100671140939574,5679001,33965515.97,2023-10-31,1.696,2610265440.0,1995685998.24,1.8137,-316.7207
3024,SZSE.002273,水晶光电,14.2,14.3,14.3,13.69,13.8,-2.8169014084506894,4.295774647887333,87647350,1221191210.68,2023-10-31,6.4679,19190724649.8,18700552734.6,2.2748,35.9456
3025,SZSE.002274,华昌化工,7.17,7.17,7.25,7.12,7.21,0.557880055788007,1.8131101813110166,12248210,88282961.82,2023-10-31,1.3058,6866549097.66,6762973727.3,1.3186,11.785
3026,SZSE.002275,桂林三金,14.57,14.45,14.65,14.38,14.54,-0.20590253946466408,1.8531228551818775,6397739,93059560.85,2023-10-31,1.1438,8543247444.0,8132637349.64,2.8726,21.2498
3027,SZSE.002276,万马股份,10.55,10.58,10.76,10.41,10.51,-0.37914691943128354,3.3175355450236927,11349261,119629178.99,2023-10-31,1.1054,10882990419.98,10790723129.98,2.0489,19.677
3028,SZSE.002277,友阿股份,3.35,3.69,3.69,3.69,3.69,10.149253731343277,0.0,10308200,38037258.0,2023-10-31,0.7394,5144497632.0,5144497632.0,0.7639,-303.992
3029,SZSE.002278,神开股份,5.9,5.93,5.95,5.84,5.88,-0.3389830508474634,1.8644067796610222,5791564,34086233.68,2023-10-31,1.6981,2139788730.24,2005467962.4,1.9554,-105.9382
3030,SZSE.002279,久其软件,6.79,6.75,6.84,6.64,6.72,-1.0309278350515538,2.9455081001472783,28834024,194114921.35,2023-10-31,3.6269,5817965153.28,5342364175.68,3.448,128.6707
3031,SZSE.002280,联络互动,2.79,2.77,2.9,2.76,2.86,2.508960573476693,5.01792114695341,47647850,135121895.5,2023-10-31,2.4301,6226648070.5,5607648846.8,27.2948,-6.4274
3032,SZSE.002281,光迅科技,28.45,28.45,28.45,26.5,26.86,-5.588752196836555,6.854130052724075,60284242,1630256515.2,2023-10-31,7.9743,21354021030.72,20305722128.28,2.6401,40.2399
3033,SZSE.002282,博深股份,7.39,7.39,7.62,7.39,7.41,0.27063599458727605,3.112313937753727,5976266,44563660.4,2023-10-31,1.2277,4030627737.24,3607192201.47,1.1426,29.292
3034,SZSE.002283,天润工业,6.14,6.13,6.22,5.96,5.99,-2.4429967426709998,4.234527687296414,21458068,129765079.48,2023-10-31,2.1376,6825348496.22,6012911324.71,1.1465,19.3461
3035,SZSE.002284,亚太股份,9.83,9.83,9.86,9.2,9.33,-5.086469989827059,6.714140386571721,30152638,284413279.9,2023-10-31,4.1316,6882668356.62,6809090343.87,2.6662,55.2513
3036,SZSE.002285,世联行,2.55,2.55,2.57,2.51,2.56,0.39215686274509665,2.3529411764705905,20782835,52894716.06,2023-10-31,1.0305,5205962424.32,5162699801.6,1.5663,-15.3972
3037,SZSE.002286,保龄宝,7.82,7.81,8.08,7.75,8.04,2.813299232736566,4.21994884910486,9026420,72311321.2,2023-10-31,2.4411,2980995463.2,2972929132.2,1.4886,43.468
3038,SZSE.002287,奇正藏药,23.23,23.0,23.6,23.0,23.35,0.516573396470088,2.582866982350415,2291117,53643133.95,2023-10-31,0.4332,12379995762.3,12350515920.3,3.6663,25.0927
3039,SZSE.002288,超华科技,4.44,4.42,4.49,4.36,4.4,-0.9009009009009028,2.9279279279279256,12980173,57358786.61,2023-10-31,1.6203,4099232473.6,3524886261.6,3.0815,-11.2291
3040,SZSE.002289,ST宇顺,6.29,6.39,6.39,6.07,6.2,-1.4308426073131986,5.087440381558019,2582700,16086436.0,2023-10-31,0.9776,1737573144.6,1638035244.6,6.9174,-304.8077
3041,SZSE.002290,禾盛新材,11.52,11.43,11.59,11.43,11.56,0.3472222222222321,1.3888888888888902,1435000,16545726.0,2023-10-31,0.5794,2868178534.8,2862976534.8,4.1098,35.6905
3042,SZSE.002291,遥望科技,8.59,8.56,8.74,8.33,8.44,-1.7462165308498312,4.772991850989524,27716148,235287132.16,2023-10-31,3.1585,7854759318.28,7406267061.36,1.558,-8.5236
3043,SZSE.002292,奥飞娱乐,7.41,7.5,7.59,7.15,7.3,-1.4844804318488558,5.937921727395405,47606413,348096040.62,2023-10-31,4.8812,10794507788.1,7119665472.0,3.1707,-138.4067
3044,SZSE.002293,罗莱生活,10.01,10.03,10.08,9.95,9.98,-0.29970029970028955,1.2987012987013067,2726460,27256471.9,2023-10-31,0.3297,8330530360.38,8252632348.62,2.021,13.9377
3045,SZSE.002294,信立泰,32.23,31.71,32.86,31.66,32.55,0.9928637914986105,3.723239218119762,6410582,207546591.13,2023-10-31,0.5752,36287278214.25,36277044396.6,4.5876,62.9446
3046,SZSE.002295,精艺股份,7.55,7.51,7.59,7.34,7.39,-2.119205298013249,3.3112582781456954,7056001,52285237.4,2023-10-31,2.8191,1852052240.0,1849672660.0,1.385,95.6054
3047,SZSE.002296,辉煌科技,8.06,8.08,8.21,8.03,8.05,-0.1240694789081842,2.233250620347413,9536040,77247259.2,2023-10-31,2.7582,3136122381.0,2783138124.2,1.6178,27.5613
3048,SZSE.002297,博云新材,7.51,7.56,7.74,7.56,7.64,1.7310252996005415,2.3968042609853613,10136245,77864272.6,2023-10-31,1.7687,4378520817.16,4378520817.16,2.0756,168.2057
3049,SZSE.002298,中电兴发,6.04,6.04,6.07,5.94,5.99,-0.8278145695364225,2.1523178807947003,8246555,49397033.35,2023-10-31,1.2895,4433264296.99,3830748035.21,1.0787,-4.011
3050,SZSE.002299,圣农发展,18.13,18.03,18.2,17.94,18.0,-0.7170435741864267,1.4340871483728517,4075790,73478951.0,2023-10-31,0.3312,22385514132.0,22151545722.0,2.1566,23.3614
3051,SZSE.002300,太阳电缆,8.34,8.26,9.16,8.25,8.94,7.194244604316546,10.91127098321343,28665854,252251495.26,2023-10-31,3.9688,6457663278.0,6457130293.08,3.4288,28.868
3052,SZSE.002301,齐心集团,6.82,6.82,6.83,6.7,6.76,-0.8797653958944385,1.9061583577712593,5273813,35603008.88,2023-10-31,0.7345,4876041627.08,4853613907.48,1.5122,36.8609
3053,SZSE.002302,西部建设,6.74,6.72,6.77,6.69,6.74,0.0,1.1869436201780295,4343300,29225913.0,2023-10-31,0.3441,8508268008.96,8508268008.96,0.9397,26.6965
3054,SZSE.002303,美盈森,3.52,3.54,3.54,3.49,3.52,0.0,1.4204545454545403,9688900,33988008.0,2023-10-31,1.0178,5390259371.2,3350984577.6,1.0643,28.974
3055,SZSE.002304,洋河股份,122.7,122.73,122.97,121.2,122.1,-0.4889975550122272,1.4425427872860603,3853655,469602288.87,2023-10-31,0.2565,183936943535.4,183414601444.8,3.5288,17.502
3056,SZSE.002305,南国置业,2.1,2.1,2.14,2.07,2.12,0.952380952380949,3.3333333333333464,48553900,102336578.0,2023-10-31,2.7999,3676537432.4,3676298945.12,3.1453,-2.6917
3057,SZSE.002306,中科云网,3.8,3.79,3.85,3.76,3.79,-0.2631578947368318,2.368421052631587,4001100,15231528.0,2023-10-31,0.492,3352103400.0,3082369619.23,-431.2611,-26.9731
3058,SZSE.002307,北新路桥,4.75,4.72,4.8,4.7,4.74,-0.21052631578947212,2.1052631578947296,10742340,50892891.38,2023-10-31,0.9846,6011702098.68,5171485598.58,1.7527,228.1392
3059,SZSE.002308,威创股份,5.37,5.29,5.32,5.12,5.19,-3.3519553072625663,3.724394785847303,33799900,175439294.0,2023-10-31,3.7524,4703254038.69,4674923541.39,2.3504,-224.4515
3060,SZSE.002309,ST中利,3.59,3.56,3.57,3.5,3.53,-1.671309192200554,1.9498607242339787,9024102,31820497.0,2023-10-31,1.0399,3077408350.04,3063183265.47,4.6028,-5.1613
3061,SZSE.002310,东方园林,2.23,2.23,2.27,2.22,2.25,0.8968609865470878,2.242152466367705,57311100,128750681.0,2023-10-31,2.1357,6042289509.0,6037966935.0,2.0401,-0.9786
3062,SZSE.002311,海大集团,44.68,44.67,45.31,44.46,45.04,0.8057296329453845,1.9024171888988393,5264979,236717853.03,2023-10-31,0.3167,74935298648.8,74881724829.92,3.8801,24.1418
3063,SZSE.002312,川发龙蟒,7.12,7.09,7.16,7.06,7.14,0.2808988764044784,1.4044943820224793,9082352,64476874.16,2023-10-31,0.6652,13508568653.16,9748468994.88,1.4853,49.0499
3064,SZSE.002313,日海智能,7.38,7.27,7.45,7.27,7.4,0.27100271002711285,2.4390243902439104,2627982,19401641.06,2023-10-31,0.7022,2770560000.0,2769398385.0,5.9024,-4.5574
3065,SZSE.002314,南山控股,3.12,3.12,3.15,3.07,3.13,0.3205128205128194,2.5641025641025665,16931620,52690887.4,2023-10-31,1.2653,8475359265.69,4188407274.57,0.8363,8.7265
3066,SZSE.002315,焦点科技,27.22,27.5,28.13,26.58,27.29,0.25716385011020915,5.6943423952975785,15171775,412744926.74,2023-10-31,7.6507,8540927776.02,5411731933.62,3.6079,23.7678
3067,SZSE.002316,亚联发展,6.31,6.24,6.27,5.87,5.92,-6.180665610142622,6.3391442155308955,79945500,480835315.27,2023-10-31,25.3789,2327270400.0,1864844400.0,27.2749,-32.4038
3068,SZSE.002317,众生药业,18.32,18.21,18.58,18.0,18.38,0.3275109170305601,3.165938864628812,45326754,833182600.51,2023-10-31,6.271,15684581767.26,13285060415.9,3.5815,44.4556
3069,SZSE.002318,久立特材,19.54,19.85,20.5,19.78,20.31,3.9406345957011313,3.684749232343904,11436503,231386959.27,2023-10-31,1.1984,19846337323.2,19381360345.68,2.8664,13.0721
3070,SZSE.002319,乐通股份,15.48,15.5,15.66,14.96,15.07,-2.6485788113695063,4.521963824289401,2638800,39956827.0,2023-10-31,1.3194,3014000000.0,3014000000.0,38.6881,-227.1546
3071,SZSE.002320,海峡股份,5.59,5.62,5.69,5.54,5.66,1.2522361359570633,2.683363148479434,13545676,76181330.66,2023-10-31,0.6077,12615761838.42,12615761838.42,2.9934,31.7261
3072,SZSE.002321,华英农业,2.38,2.38,2.41,2.35,2.37,-0.42016806722687816,2.521008403361347,9779680,23283400.6,2023-10-31,0.4585,5054949468.27,5054894721.27,4.8651,-13.9642
3073,SZSE.002322,理工能科,11.9,11.86,12.7,11.7,12.55,5.462184873949583,8.403361344537814,29860552,369416600.34,2023-10-31,8.3011,4758307023.5,4514481971.45,1.4821,21.1492
3074,SZSE.002323,雅博股份,2.31,2.32,2.33,2.28,2.29,-0.8658008658008698,2.164502164502176,13752500,31532408.0,2023-10-31,0.6486,4856758275.18,4855924257.18,7.3961,-163.1101
3075,SZSE.002324,普利特,13.8,14.23,14.23,13.68,13.74,-0.43478260869566077,3.985507246376817,10695039,148041984.18,2023-10-31,1.577,15299034436.56,9318289805.94,3.5161,33.8906
3076,SZSE.002325,洪涛股份,1.55,1.55,1.59,1.54,1.57,1.2903225806451646,3.2258064516129057,27049860,42265694.6,2023-10-31,1.8794,2757727301.85,2259701737.9,0.9889,-3.9524
3077,SZSE.002326,永太科技,12.74,12.77,12.78,12.58,12.69,-0.392464678178972,1.5698587127158499,8890028,112716532.32,2023-10-31,1.1057,11595624488.55,10203177945.15,3.1283,-119.3178
3078,SZSE.002327,富安娜,8.65,8.69,8.7,8.56,8.6,-0.5780346820809301,1.6184971098265757,2802500,24149821.0,2023-10-31,0.5789,7113702411.4,4163177551.8,1.9603,12.8762
3079,SZSE.002328,新朋股份,5.94,5.93,5.95,5.78,5.81,-2.1885521885522063,2.8619528619528607,23671545,138471972.97,2023-10-31,4.175,4483983700.0,3294208390.76,1.383,15.394
3080,SZSE.002329,皇氏集团,5.5,5.48,5.48,5.24,5.29,-3.8181818181818206,4.363636363636368,18022214,95763470.54,2023-10-31,3.0664,4597535482.15,3109073904.44,2.4403,35.5617
3081,SZSE.002330,得利斯,5.57,5.58,5.6,5.55,5.57,0.0,0.897666068222618,5453402,30376298.14,2023-10-31,0.8586,3542797608.8,3537945442.55,1.4617,373.8759
3082,SZSE.002331,皖通科技,7.18,7.18,7.39,7.17,7.21,0.41782729805013297,3.064066852367685,8719220,63400602.6,2023-10-31,2.2388,2957873292.29,2808036334.04,1.7598,-42.7557
3083,SZSE.002332,仙琚制药,11.53,11.51,11.74,11.38,11.68,1.300954032957513,3.1222896790980004,17046150,197732229.5,2023-10-31,1.7313,11553912834.88,11499820944.48,2.0422,16.7014
3084,SZSE.002333,罗普斯金,6.03,6.02,6.08,6.01,6.06,0.4975124378109319,1.1608623548922103,7668700,46380688.0,2023-10-31,1.905,4090044288.0,3045532386.0,2.1754,216.6586
3085,SZSE.002334,英威腾,8.38,8.34,8.41,8.1,8.18,-2.3866348448687513,3.699284009546545,21657578,178018496.04,2023-10-31,3.0733,6516462520.8,5769946575.56,2.5521,15.7478
3086,SZSE.002335,科华数据,28.72,28.65,28.87,27.73,27.99,-2.54178272980502,3.969359331476325,9123800,256742721.06,2023-10-31,2.2762,12919271274.09,11219143195.62,3.1266,31.8831
3087,SZSE.002336,人人乐,13.9,13.8,14.02,13.62,13.74,-1.151079136690647,2.8776978417266212,5414810,74611753.4,2023-10-31,1.451,6045600000.0,5127424500.0,-16.4544,-10.6289
3088,SZSE.002337,赛象科技,5.94,5.93,5.93,5.76,5.82,-2.020202020202022,2.8619528619528607,24639984,143467790.23,2023-10-31,4.1905,3425743665.0,3422139816.24,2.779,44.7611
3089,SZSE.002338,奥普光电,33.94,33.66,34.1,32.82,33.29,-1.9151443724219175,3.771361225692402,6679321,222469554.74,2023-10-31,2.7831,7989600000.0,7989400260.0,6.5361,87.6933
3090,SZSE.002339,积成电子,7.58,7.57,7.58,7.36,7.43,-1.978891820580475,2.9023746701846935,18138667,135337677.16,2023-10-31,3.794,3745405595.82,3552161177.72,2.2211,-131.4812
3091,SZSE.002340,格林美,5.9,5.9,5.94,5.83,5.86,-0.6779661016949157,1.8644067796610222,27050040,158532403.6,2023-10-31,0.5327,30094537224.02,29757693577.16,1.6089,35.9271
3092,SZSE.002341,新纶新材,3.63,3.58,3.71,3.51,3.54,-2.4793388429751984,5.509641873278242,36711914,131128142.28,2023-10-31,3.1902,4078839655.68,4073756127.18,4.8685,-2.8208
3093,SZSE.002342,巨力索具,4.21,4.21,4.22,4.18,4.22,0.23752969121140222,0.9501187648456066,6786437,28514026.03,2023-10-31,0.7109,4051200000.0,4028791800.0,1.6227,421.5944
3094,SZSE.002343,慈文传媒,6.5,6.43,6.52,6.18,6.27,-3.538461538461546,5.230769230769228,27910098,175570408.5,2023-10-31,5.8764,2977934531.22,2977934531.22,3.0923,166.7013
3095,SZSE.002344,海宁皮城,4.15,4.14,4.18,4.11,4.17,0.48192771084336616,1.6867469879517927,7316544,30330189.84,2023-10-31,0.5711,5348512723.2,5342677358.64,0.6423,28.5053
3096,SZSE.002345,潮宏基,6.48,6.5,6.58,6.36,6.44,-0.6172839506172867,3.3950617283950573,11392600,73498900.0,2023-10-31,1.313,5722021833.08,5587855110.6,1.5487,20.6371
3097,SZSE.002346,柘中股份,11.9,11.51,11.77,11.29,11.36,-4.537815126050426,4.033613445378155,5643113,64420183.82,2023-10-31,1.4839,5016296725.76,4320024740.48,1.7799,14.6466
3098,SZSE.002347,泰尔股份,5.22,5.2,5.27,5.18,5.26,0.766283524904221,1.72413793103448,15277100,79894985.0,2023-10-31,3.0964,2654733971.76,2595194059.26,2.1504,-78.2799
3099,SZSE.002348,高乐股份,3.33,3.34,3.45,3.34,3.43,3.003003003003002,3.303303303303313,14753036,50357948.76,2023-10-31,1.6596,3248896000.0,3049190592.07,5.882,-62.9792
3100,SZSE.002349,精华制药,9.02,9.0,9.45,8.93,9.25,2.5498891352550013,5.764966740576492,32743166,301738642.79,2023-10-31,4.0324,7531173399.0,7511058358.25,2.973,31.55
3101,SZSE.002350,北京科锐,6.25,6.25,6.28,6.21,6.24,-0.15999999999999348,1.1200000000000045,2748270,17133377.8,2023-10-31,0.5192,3384382628.64,3303150327.36,1.8462,189.1385
3102,SZSE.002351,漫步者,16.83,16.8,16.86,16.14,16.29,-3.208556149732611,4.2780748663101535,20276062,333668180.47,2023-10-31,4.0542,14483553030.0,8146955581.92,6.0075,41.1115
3103,SZSE.002352,顺丰控股,41.0,41.25,41.29,39.03,39.3,-4.146341463414638,5.512195121951215,34665503,1375496594.57,2023-10-31,0.7131,192381453258.9,191041968368.4,2.12,24.1495
3104,SZSE.002353,杰瑞股份,28.55,28.2,28.66,28.06,28.55,0.0,2.1015761821366072,8747822,248538322.34,2023-10-31,1.2614,29231084032.15,19799645977.0,1.5892,12.6346
3105,SZSE.002354,天娱数科,5.1,5.05,5.19,5.03,5.08,-0.39215686274508554,3.137254901960787,66151753,338277061.17,2023-10-31,4.0876,8405295965.6,8221324588.56,3.3098,-34.7047
3106,SZSE.002355,兴民智通,5.48,5.43,5.58,5.33,5.4,-1.4598540145985384,4.562043795620438,30802330,167891347.35,2023-10-31,4.9909,3351080160.0,3332699910.0,2.7613,-7.5718
3107,SZSE.002356,赫美集团,4.68,4.68,4.79,4.67,4.7,0.42735042735044804,2.5641025641025665,5842500,27559921.0,2023-10-31,0.4459,6162896248.7,6157710339.2,10.2655,-227.5362
3108,SZSE.002357,富临运业,7.11,7.15,7.18,7.08,7.13,0.2812939521800173,1.4064697609001355,6232500,44452896.0,2023-10-31,1.9882,2235176826.68,2235096614.18,1.5352,14.9876
3109,SZSE.002358,森源电气,4.16,4.15,4.19,4.12,4.14,-0.48076923076924016,1.6826923076923146,5394700,22375926.0,2023-10-31,0.5807,3849193884.78,3846370520.7,1.2117,56.8611
3110,SZSE.002360,同德化工,6.88,6.89,6.94,6.87,6.9,0.29069767441860517,1.0174418604651203,3576738,24718890.4,2023-10-31,1.1195,2772242311.2,2204545818.6,1.5241,14.5708
3111,SZSE.002361,神剑股份,4.03,4.01,4.11,4.0,4.06,0.7444168734491052,2.7295285359801564,45144304,182420564.15,2023-10-31,5.6755,3861201974.14,3229437615.04,1.6838,1723.4972
3112,SZSE.002362,汉王科技,21.98,22.0,22.16,21.56,21.82,-0.7279344858962755,2.7297543221110168,6230774,135964284.57,2023-10-31,3.0096,5334000375.72,4517466518.72,4.1064,-29.6128
3113,SZSE.002363,隆基机械,8.25,8.16,8.46,8.02,8.34,1.090909090909098,5.333333333333349,31364745,258428199.5,2023-10-31,7.544,3495796910.34,3467423112.78,1.65,80.6613
3114,SZSE.002364,中恒电气,8.08,8.04,8.5,8.0,8.35,3.3415841584158334,6.188118811881188,48418101,402906577.07,2023-10-31,8.6755,4705767416.0,4660172032.25,2.083,-116.3039
3115,SZSE.002365,永安药业,9.82,9.77,9.93,9.74,9.89,0.7128309572301372,1.934826883910382,3298200,32551879.0,2023-10-31,1.3509,2914409925.0,2414692218.14,1.4265,115.995
3116,SZSE.002366,融发核电,5.26,5.26,5.4,5.15,5.18,-1.520912547528519,4.752851711026616,17338000,90317228.0,2023-10-31,1.9321,10779256975.2,4648329809.06,2.3557,20.2251
3117,SZSE.002367,康力电梯,7.99,7.97,8.03,7.8,7.83,-2.0025031289111372,2.8785982478097565,7658959,60230775.84,2023-10-31,1.4567,6253681524.21,4116751021.62,1.8208,14.8874
3118,SZSE.002368,太极股份,28.68,28.5,28.79,28.01,28.64,-0.1394700139469962,2.7196652719665186,10908039,309602471.63,2023-10-31,1.7596,17849344031.04,17754265818.24,3.6469,45.5103
3119,SZSE.002369,卓翼科技,6.11,6.1,6.11,5.92,5.96,-2.454991816693952,3.109656301145669,40586239,243911451.31,2023-10-31,7.1682,3379059428.8,3374537910.56,3.7441,-11.9233
3120,SZSE.002370,亚太药业,4.88,4.84,5.04,4.82,4.93,1.0245901639344135,4.508196721311471,49639552,245614570.58,2023-10-31,8.7945,2782688361.9,2782688361.9,11.9043,-55.57
3121,SZSE.002371,北方华创,257.8,262.0,264.66,252.85,256.0,-0.6982156710628407,4.581070597362308,7050623,1802728401.1,2023-10-31,1.334,135709940992.0,135301531392.0,6.0121,38.2191
3122,SZSE.002372,伟星新材,16.76,16.7,16.71,16.41,16.51,-1.4916467780429543,1.7899761336515556,5717787,94455128.11,2023-10-31,0.3899,26285207581.88,24213122029.59,5.0033,18.7377
3123,SZSE.002373,千方科技,11.85,11.86,11.92,11.51,11.53,-2.700421940928277,3.4599156118143473,12213194,142082636.8,2023-10-31,0.8892,18219570118.95,15836542639.53,1.4718,655.6397
3124,SZSE.002374,中锐股份,3.69,3.68,3.73,3.65,3.72,0.8130081300813163,2.168021680216804,18327426,67758090.88,2023-10-31,1.6846,4047188072.76,4047188072.76,3.0838,-5.408
3125,SZSE.002375,亚厦股份,5.09,5.11,5.18,5.04,5.1,0.19646365422396617,2.750491159135554,21219400,108000527.0,2023-10-31,1.5943,6833982139.8,6788066890.8,0.8666,33.4681
3126,SZSE.002376,新北洋,7.49,7.49,7.51,7.37,7.42,-0.9345794392523366,1.8691588785046687,4222600,31328348.0,2023-10-31,0.6752,4811648839.48,4640305746.86,1.6165,-105.9125
3127,SZSE.002377,国创高新,2.55,2.54,2.64,2.53,2.6,1.9607843137255054,4.3137254901960915,30727705,79688193.75,2023-10-31,3.3546,2382445522.6,2381590265.6,4.0875,-6.7014
3128,SZSE.002378,章源钨业,5.69,5.68,5.68,5.55,5.6,-1.5817223198594133,2.2847100175746906,9628930,53935086.24,2023-10-31,0.8067,6727938929.6,6683921988.8,3.3547,49.5715
3129,SZSE.002379,宏创控股,4.38,4.39,4.41,4.35,4.4,0.4566210045662267,1.3698630136986416,5297820,23224428.2,2023-10-31,0.5719,5000044513.2,4076160000.0,2.389,-51.9699
3130,SZSE.002380,科远智慧,18.07,18.18,18.3,17.71,17.94,-0.7194244604316502,3.265080243497509,5576200,99650561.0,2023-10-31,3.9338,4305450183.06,2543028906.6,2.2827,-10.6161
3131,SZSE.002381,双箭股份,7.71,7.67,7.82,7.67,7.75,0.5188067444876765,1.9455252918287984,5284440,40927442.8,2023-10-31,1.641,3189712938.25,2495689433.25,1.5788,16.7272
3132,SZSE.002382,蓝帆医疗,6.94,6.88,7.01,6.81,6.99,0.7204610951008661,2.8818443804034604,9994262,69588801.76,2023-10-31,0.9979,7039647635.34,7000594756.98,0.7224,-12.0698
3133,SZSE.002383,合众思壮,8.27,8.16,8.54,8.1,8.32,0.6045949214026791,5.320435308343404,64006514,532827189.22,2023-10-31,10.3877,6159797737.6,5126578371.2,4.4748,-23.676
3134,SZSE.002384,东山精密,18.84,18.85,19.16,18.54,18.71,-0.6900212314224996,3.290870488322723,30649606,574937735.54,2023-10-31,2.2046,31991617688.17,26012051611.4,1.8481,15.0938
3135,SZSE.002385,大北农,7.0,6.94,7.06,6.93,6.99,-0.14285714285714457,1.8571428571428554,54776372,383293220.5,2023-10-31,1.656,28923968902.47,23121471720.93,2.9872,-55.4302
3136,SZSE.002386,天原股份,5.51,5.52,5.54,5.46,5.5,-0.1814882032667886,1.4519056261343026,5157879,28266244.91,2023-10-31,0.4454,7159058901.5,6369587939.0,0.8961,94.9684
3137,SZSE.002387,维信诺,11.06,10.88,11.38,10.6,11.09,0.2712477396021651,7.05244122965643,104814688,1154278687.05,2023-10-31,7.6343,15370215542.81,15269209264.51,1.6679,-5.7968
3138,SZSE.002388,新亚制程,7.17,6.97,7.06,6.83,7.05,-1.673640167364021,3.207810320781026,44763915,310656057.11,2023-10-31,9.3637,3579461955.0,3518266192.5,2.4826,-261.6772
3139,SZSE.002389,航天彩虹,20.16,20.08,20.17,19.92,20.02,-0.694444444444442,1.2400793650793651,8254254,165347206.0,2023-10-31,0.8352,19959639700.0,19785397011.38,2.4975,55.5582
3140,SZSE.002390,信邦制药,4.83,4.83,4.91,4.8,4.88,1.0351966873705987,2.2774327122153273,29719050,144891216.5,2023-10-31,1.6238,9485997115.84,8931591276.32,1.3819,41.2394
3141,SZSE.002391,长青股份,6.55,6.56,6.58,6.51,6.53,-0.3053435114503733,1.0687022900763403,2013300,13172963.0,2023-10-31,0.4338,4241839351.5,3030708895.83,0.898,24.0575
3142,SZSE.002392,北京利尔,3.64,3.64,3.76,3.63,3.74,2.7472527472527597,3.5714285714285685,22932881,85472794.33,2023-10-31,2.5545,4452435737.86,3357546515.4,0.8653,16.7661
3143,SZSE.002393,力生制药,26.65,26.66,27.77,26.54,27.03,1.4258911819887476,4.615384615384617,7995697,218154566.33,2023-10-31,4.3823,4973330573.76,4931758433.76,1.0713,15.3664
3144,SZSE.002394,联发股份,8.96,9.07,9.09,8.83,8.91,-0.5580357142857206,2.9017857142857117,8649901,77384028.87,2023-10-31,2.6783,2884167000.0,2877559869.69,0.6951,11.7424
3145,SZSE.002395,双象股份,11.19,11.24,11.36,11.15,11.23,0.3574620196604261,1.87667560321715,4355229,48915307.88,2023-10-31,1.6238,3011987070.0,3011987070.0,3.3232,-160.0366
3146,SZSE.002396,星网锐捷,18.25,18.3,18.34,17.94,18.05,-1.0958904109588996,2.1917808219178005,5250945,94865287.49,2023-10-31,0.9002,10702380687.9,10528209017.9,1.6839,32.6697
3147,SZSE.002397,梦洁股份,3.73,3.76,3.8,3.68,3.71,-0.536193029490617,3.2171581769436908,17541117,65516632.73,2023-10-31,3.0494,2785399153.53,2134126242.64,2.3772,-8.7342
3148,SZSE.002398,垒知集团,4.93,4.93,4.97,4.88,4.92,-0.20283975659228792,1.825557809330626,6506742,32005650.96,2023-10-31,1.1185,3511018950.96,2862052048.32,0.9645,20.8095
3149,SZSE.002399,海普瑞,12.46,12.31,12.41,12.2,12.37,-0.7223113964687111,1.685393258426973,2974858,36662697.44,2023-10-31,0.2385,18150454043.48,15427885078.48,1.463,83.2628
3150,SZSE.002400,省广集团,5.1,5.07,5.16,5.02,5.05,-0.9803921568627416,2.745098039215698,57989247,293619286.88,2023-10-31,3.4637,8803852496.4,8454690456.5,1.8231,45.8235
3151,SZSE.002401,中远海科,17.69,17.75,17.84,17.3,17.5,-1.0740531373657491,3.0525720746184235,6656919,116211675.78,2023-10-31,1.8095,6508329800.0,6437915417.5,4.0851,31.7545
3152,SZSE.002402,和而泰,14.08,14.13,14.16,13.7,13.87,-1.4914772727272818,3.267045454545461,15118600,209545661.0,2023-10-31,1.8846,12925462500.95,11126876672.76,2.9153,29.3586
3153,SZSE.002403,爱仕达,8.34,8.34,8.41,8.21,8.27,-0.8393285371702697,2.398081534772174,3798800,31482679.0,2023-10-31,1.2417,2817081048.33,2530094474.58,1.4744,-13.0536
3154,SZSE.002404,嘉欣丝绸,6.1,6.08,6.15,6.06,6.11,0.16393442622952836,1.475409836065586,3498500,21335153.0,2023-10-31,0.7446,3529585946.51,2870922282.54,1.7643,17.669
3155,SZSE.002405,四维图新,9.99,9.95,10.04,9.91,10.0,0.10010010010010895,1.3013013013012915,16804769,167710072.96,2023-10-31,0.729,23777503140.0,23050512620.0,2.1083,-30.7929
3156,SZSE.002406,远东传动,6.37,6.41,6.42,6.13,6.19,-2.8257456828885363,4.552590266875982,52825129,329898533.64,2023-10-31,9.819,4122532305.83,3330152900.4,1.1538,49.4118
3157,SZSE.002407,多氟多,16.08,16.08,16.16,15.9,16.0,-0.4975124378109319,1.616915422885571,8011728,128234388.46,2023-10-31,0.8334,19096556464.0,15380522832.0,2.2815,28.031
3158,SZSE.002408,齐翔腾达,5.7,5.67,5.86,5.66,5.85,2.631578947368407,3.5087719298245648,14318961,82926010.61,2023-10-31,0.5181,16630606354.05,16168893846.3,1.2661,-73.6125
3159,SZSE.002409,雅克科技,55.7,57.01,60.38,57.01,57.61,3.429084380610403,6.050269299820474,15921247,924871636.9,2023-10-31,4.9985,27418193529.58,18350095454.67,4.0469,50.6301
3160,SZSE.002410,广联达,18.74,18.9,18.98,17.9,18.42,-1.7075773745997669,5.76307363927429,45852452,840051005.19,2023-10-31,3.4666,30666896300.52,24364041642.12,4.9935,51.9764
3161,SZSE.002412,汉森制药,6.75,6.83,6.88,6.71,6.81,0.8888888888888724,2.5185185185185177,10586403,72098814.18,2023-10-31,2.1507,3426792000.0,3352120350.0,1.8382,23.2666
3162,SZSE.002413,雷科防务,5.77,5.77,5.89,5.72,5.8,0.5199306759098743,2.9462738301559783,84346803,490877240.52,2023-10-31,6.7448,7774001092.8,7253175865.4,1.7996,-9.4845
3163,SZSE.002414,高德红外,7.92,7.85,7.95,7.82,7.92,0.0,1.64141414141414,18841759,149013790.02,2023-10-31,0.5545,33824229975.36,26912530157.04,4.8388,129.7993
3164,SZSE.002415,海康威视,36.56,36.55,36.68,35.99,36.45,-0.3008752735229714,1.8873085339168427,22420571,813131573.67,2023-10-31,0.2462,340100403934.95,332002392254.1,4.7558,26.4713
3165,SZSE.002416,爱施德,7.83,7.81,7.84,7.73,7.77,-0.766283524904221,1.4048531289910526,6323598,49225306.02,2023-10-31,0.5167,9629219632.62,9509736442.08,1.6501,15.6289
3166,SZSE.002418,康盛股份,2.99,2.98,2.98,2.91,2.94,-1.6722408026755953,2.341137123745814,22042607,64984710.19,2023-10-31,1.9397,3341016000.0,3341016000.0,2.1961,75.2715
3167,SZSE.002419,天虹股份,5.41,5.43,5.45,5.38,5.41,0.0,1.2939001848428888,8434600,45638978.0,2023-10-31,0.7217,6323466327.5,6322532361.33,1.5023,27.481
3168,SZSE.002420,毅昌科技,6.95,6.85,7.11,6.56,6.66,-4.172661870503602,7.913669064748212,53883012,365638898.0,2023-10-31,13.843,2670660000.0,2592365879.16,4.1502,-66.6458
3169,SZSE.002421,达实智能,3.17,3.17,3.2,3.13,3.16,-0.3154574132492094,2.208201892744489,31469763,99806336.65,2023-10-31,1.5757,6701037979.24,6311286078.8,1.9718,41.4568
3170,SZSE.002422,科伦药业,27.79,27.79,27.81,27.18,27.46,-1.1874775098956403,2.267002518891684,10592803,290510984.56,2023-10-31,0.8975,40504976826.26,32409454381.8,2.1692,17.8702
3171,SZSE.002423,中粮资本,7.22,7.23,7.26,7.14,7.18,-0.5540166204986208,1.6620498614958463,13685300,98333046.0,2023-10-31,0.594,16543478028.5,16543478028.5,0.8584,13.5484
3172,SZSE.002424,贵州百灵,8.4,8.41,8.64,8.36,8.4,0.0,3.3333333333333464,50351660,427684613.44,2023-10-31,4.2041,11854080000.0,10060397088.0,2.937,66.415
3173,SZSE.002425,凯撒文化,4.52,4.53,4.62,4.52,4.54,0.4424778761062065,2.2123893805309858,19186697,87591466.29,2023-10-31,2.007,4343259399.64,4340175976.92,1.0281,-6.1067
3174,SZSE.002426,胜利精密,2.51,2.48,2.68,2.47,2.56,1.9920318725099806,8.366533864541832,314883834,809160063.46,2023-10-31,9.9946,8810285360.64,8065389335.04,2.1282,-19.8418
3175,SZSE.002427,尤夫股份,5.26,5.27,5.42,5.21,5.25,-0.1901140684410607,3.9923954372623567,6066137,32059002.88,2023-10-31,0.6163,5173522079.25,5167351638.75,5.0752,4.8699
3176,SZSE.002428,云南锗业,12.76,12.72,13.21,12.7,12.79,0.23510971786833146,3.996865203761768,17244266,222892813.51,2023-10-31,2.6702,8353404800.0,8259954345.25,5.9492,-138.67
3177,SZSE.002429,兆驰股份,5.33,5.31,5.42,5.31,5.36,0.5628517823639712,2.0637898686679232,23573200,126526339.0,2023-10-31,0.521,24264401653.52,24250424976.48,1.6636,15.787
3178,SZSE.002430,杭氧股份,33.5,33.38,33.7,32.82,33.02,-1.4328358208955172,2.6268656716417986,2910507,96448407.44,2023-10-31,0.3018,32501878590.22,31840984280.82,3.8549,40.8362
3179,SZSE.002431,棕榈股份,2.52,2.5,2.55,2.5,2.51,-0.3968253968254065,1.984126984126977,12255782,30845480.82,2023-10-31,0.8457,4550168825.15,3732333479.5,1.1607,-7.5645
3180,SZSE.002432,九安医疗,35.8,35.74,36.0,35.51,35.73,-0.1955307262569872,1.3687150837988884,3775158,134903089.88,2023-10-31,0.8353,17369793705.06,16147870723.98,0.8946,19.8149
3181,SZSE.002433,*ST太安,2.72,2.71,2.78,2.7,2.75,1.1029411764705843,2.9411764705882213,14555521,39899427.91,2023-10-31,1.9554,2108626300.0,2047060468.75,0.6277,-2.2645
3182,SZSE.002434,万里扬,8.06,8.05,8.1,7.89,7.92,-1.7369727047146455,2.6054590570719594,14421814,114883143.88,2023-10-31,1.0998,10395792000.0,10385821116.0,1.7578,28.5365
3183,SZSE.002435,长江健康,4.56,4.57,4.78,4.53,4.67,2.412280701754388,5.482456140350878,20798649,97431935.79,2023-10-31,1.7295,5772040703.4,5615922262.49,1.2646,230.6067
3184,SZSE.002436,兴森科技,14.84,14.76,15.14,14.49,14.75,-0.60646900269542,4.380053908355797,74455310,1099910829.82,2023-10-31,4.9626,24920883341.75,22129769501.0,3.747,126.0742
3185,SZSE.002437,誉衡药业,2.67,2.94,2.94,2.94,2.94,10.1123595505618,0.0,49750550,146266617.0,2023-10-31,2.2709,6462481473.0,6441037824.48,3.6107,-66.0717
3186,SZSE.002438,江苏神通,10.17,10.2,10.26,9.91,9.98,-1.868239921337267,3.4414945919370665,3750400,37578898.0,2023-10-31,0.7998,5065223860.78,4679891629.66,1.6199,20.2542
3187,SZSE.002439,启明星辰,26.41,26.41,26.47,25.83,26.12,-1.0980689132904176,2.423324498296102,6017642,156906140.81,2023-10-31,0.8307,24649422111.44,18921655440.32,3.2915,22.067
3188,SZSE.002440,闰土股份,6.91,6.86,6.9,6.66,6.68,-3.328509406657021,3.4732272069464574,9506484,63906902.93,2023-10-31,0.987,7685340000.0,6433982874.52,0.8087,48.4961
3189,SZSE.002441,众业达,9.33,9.33,9.36,9.17,9.24,-0.9646302250803873,2.036441586280809,3136800,29036774.0,2023-10-31,0.7864,5031582947.16,3685648695.96,1.1015,21.0115
3190,SZSE.002442,龙星化工,5.31,5.36,5.49,5.31,5.42,2.0715630885122405,3.389830508474588,19323752,104400932.2,2023-10-31,3.9784,2660244400.0,2632571007.36,1.5631,23.401
3191,SZSE.002443,金洲管道,7.38,7.35,7.43,7.18,7.22,-2.168021680216803,3.387533875338754,26126462,190105747.33,2023-10-31,5.0299,3758266454.4,3750255337.34,1.1392,12.2413
3192,SZSE.002444,巨星科技,19.9,19.9,19.96,19.48,19.81,-0.45226130653266416,2.41206030150754,10963066,216204543.82,2023-10-31,0.9523,23821564461.52,22805897758.28,1.6168,14.3276
3193,SZSE.002445,中南文化,2.24,2.23,2.24,2.2,2.22,-0.8928571428571397,1.785714285714287,16104650,35728022.8,2023-10-31,0.6763,5309503694.82,5286791256.66,2.4639,63.1465
3194,SZSE.002446,盛路通信,10.03,10.21,10.25,9.63,9.66,-3.688933200398792,6.18145563310069,67802516,664583631.05,2023-10-31,8.0344,8828592818.64,8153237749.86,2.6719,41.0694
3195,SZSE.002448,中原内配,6.7,6.66,6.68,6.37,6.42,-4.179104477611939,4.626865671641785,35945092,232757879.38,2023-10-31,7.5745,3777589927.32,3046622954.04,1.142,13.2192
3196,SZSE.002449,国星光电,8.89,8.9,9.0,8.77,8.88,-0.11248593925758943,2.587176602924639,13110338,116531358.64,2023-10-31,2.1381,5492077260.72,5445063121.92,1.4463,69.6432
3197,SZSE.002451,摩恩电气,6.82,6.85,7.03,6.79,6.88,0.8797653958944274,3.5190615835777157,27336384,187755552.13,2023-10-31,6.2249,3021696000.0,3021345120.0,4.0277,222.0641
3198,SZSE.002452,长高电新,7.07,7.08,7.17,6.97,7.02,-0.7072135785007205,2.828854314002831,7241200,50918033.0,2023-10-31,1.4036,4354731236.7,3621651625.8,1.9349,31.5386
3199,SZSE.002453,华软科技,10.99,10.99,11.08,10.72,10.96,-0.27297543221109777,3.2757051865332065,7169880,77951583.73,2023-10-31,1.1787,8903543700.96,6666913726.08,5.6275,-87.9167
3200,SZSE.002454,松芝股份,7.73,7.69,7.74,7.26,7.33,-5.174644243208282,6.20957309184994,30539743,227184399.76,2023-10-31,4.8727,4607503128.0,4594055304.76,1.199,31.8128
3201,SZSE.002455,百川股份,7.16,7.12,7.2,7.05,7.12,-0.5586592178770999,2.0949720670391114,5575616,39671429.35,2023-10-31,1.1201,4223364469.04,3544178932.8,2.0516,-91.4431
3202,SZSE.002456,欧菲光,10.7,10.4,11.09,10.06,10.23,-4.392523364485967,9.626168224299061,616542134,6497953136.16,2023-10-31,19.0362,33327472922.7,33132805342.23,11.1435,-15.145
3203,SZSE.002457,青龙管业,12.79,11.89,12.64,11.51,11.51,-10.007818608287721,8.835027365129013,126664694,1494753540.09,2023-10-31,37.8299,3855757920.0,3853857031.99,1.7067,41.6183
3204,SZSE.002458,益生股份,10.34,10.34,10.34,10.16,10.2,-1.3539651837524258,1.7408123791102486,6949402,71201576.44,2023-10-31,1.0284,10127681796.0,6892633159.8,2.957,14.0862
3205,SZSE.002459,晶澳科技,22.72,22.96,23.16,22.28,22.44,-1.232394366197176,3.873239436619714,41925723,948610128.57,2023-10-31,1.2687,74415999127.8,74153633407.92,2.1452,8.2614
3206,SZSE.002460,赣锋锂业,45.73,43.6,44.28,43.0,44.28,-3.1707850426415773,2.7990378307456836,52300968,2280594520.79,2023-10-31,4.333,89320189254.12,53447411321.28,1.8413,7.6221
3207,SZSE.002461,珠江啤酒,8.51,8.52,8.53,8.4,8.51,0.0,1.5276145710928204,3144867,26592760.38,2023-10-31,0.1421,18835425364.8,18835425364.8,1.8844,28.0632
3208,SZSE.002462,嘉事堂,14.75,14.75,14.9,14.59,14.7,-0.3389830508474634,2.1016949152542406,6585996,96984270.59,2023-10-31,2.2593,4288094664.0,4285051778.7,1.0151,14.9581
3209,SZSE.002463,沪电股份,19.95,19.81,20.03,19.2,19.54,-2.055137844611532,4.1604010025062745,35892647,701953806.16,2023-10-31,1.8839,37249067062.48,37228347784.4,4.0791,26.7394
3210,SZSE.002465,海格通信,12.2,12.06,12.12,11.55,11.59,-4.999999999999993,4.672131147540972,73767230,868161033.12,2023-10-31,3.2065,26708560096.89,26663122208.88,2.5014,42.2992
3211,SZSE.002466,天齐锂业,55.9,55.2,55.53,54.44,55.0,-1.610017889087656,1.9499105545617235,28158620,1544854422.04,2023-10-31,1.9093,90267187065.0,81112844340.0,1.7158,5.5577
3212,SZSE.002467,二六三,4.71,4.7,4.73,4.63,4.67,-0.849256900212314,2.123142250530797,16745039,78294278.25,2023-10-31,1.2317,6484817446.91,6349130017.83,3.0181,111.2811
3213,SZSE.002468,申通快递,9.9,9.84,9.9,9.51,9.57,-3.3333333333333326,3.939393939393945,15697064,151510704.65,2023-10-31,1.052,14649776728.62,14278876937.49,1.7497,49.1959
3214,SZSE.002469,三维化学,5.98,5.99,6.07,5.97,6.03,0.836120401337781,1.6722408026755942,11821309,71401205.1,2023-10-31,1.9107,3912641658.9,3730624016.49,1.4848,14.1323
3215,SZSE.002470,金正大,1.86,1.84,1.86,1.82,1.82,-2.1505376344086002,2.1505376344086042,22864000,41991146.0,2023-10-31,0.7173,5980570490.44,5800866278.48,2.4088,-7.7111
3216,SZSE.002471,中超控股,2.98,2.99,2.99,2.86,2.88,-3.3557046979865834,4.362416107382561,53523713,155302153.76,2023-10-31,4.228,3891571200.0,3645923276.16,2.3827,16.685
3217,SZSE.002472,双环传动,26.73,26.46,26.64,25.97,26.45,-1.047512158623276,2.506546950991402,21565117,568490679.34,2023-10-31,2.8478,22559137605.4,20029331984.15,2.9496,29.6044
3218,SZSE.002474,榕基软件,6.95,6.92,6.96,6.75,6.8,-2.158273381294973,3.021582733812949,12917142,88322647.64,2023-10-31,2.4375,4230960000.0,3603511216.0,2.6978,-62.8816
3219,SZSE.002475,立讯精密,33.78,33.78,33.92,32.58,32.77,-2.989934872705735,3.9668442865601046,65928196,2178889778.81,2023-10-31,0.924,234221122296.58,233816441273.71,4.4926,23.1056
3220,SZSE.002476,宝莫股份,4.8,4.81,4.96,4.79,4.9,2.083333333333348,3.541666666666665,13016212,63616961.22,2023-10-31,2.127,2998800000.0,2998559655.0,3.442,-1451.7551
3221,SZSE.002478,常宝股份,5.82,5.82,5.84,5.69,5.71,-1.8900343642611728,2.577319587628857,15287505,87787438.55,2023-10-31,2.218,5147029561.88,3935583154.35,1.0175,6.8959
3222,SZSE.002479,富春环保,4.7,4.73,4.76,4.69,4.75,1.0638297872340496,1.4893617021276466,12168154,57678637.96,2023-10-31,1.4137,4108750000.0,4088408220.0,1.0391,16.0164
3223,SZSE.002480,新筑股份,4.6,4.57,4.61,4.53,4.55,-1.0869565217391242,1.7391304347826104,6354400,29012046.0,2023-10-31,0.8282,3499717448.5,3491188082.2,2.2568,-6.1071
3224,SZSE.002481,双塔食品,4.69,4.68,4.72,4.63,4.64,-1.06609808102347,1.918976545842214,12957000,60363823.0,2023-10-31,1.1588,5724351760.0,5188186304.0,2.436,-47.2105
3225,SZSE.002482,*ST广田,2.07,2.07,2.16,2.07,2.13,2.898550724637694,4.347826086956537,9598986,20443179.97,2023-10-31,0.6277,3274405669.41,3257408139.48,-0.5828,-0.5744
3226,SZSE.002483,润邦股份,5.88,5.68,5.79,5.29,5.31,-9.693877551020414,8.503401360544217,60379716,324087359.47,2023-10-31,6.8206,4707147273.03,4700681742.69,1.1351,46.2137
3227,SZSE.002484,江海股份,17.64,17.68,17.77,16.78,17.18,-2.6077097505669,5.612244897959175,31708773,544293933.76,2023-10-31,3.9837,14522017620.38,13674689368.78,2.7234,20.0868
3228,SZSE.002485,ST雪发,4.71,4.71,4.86,4.67,4.85,2.972399150743099,4.0339702760085006,1767557,8417268.74,2023-10-31,0.3249,2638400000.0,2638400000.0,1.863,-8.8635
3229,SZSE.002486,嘉麟杰,2.9,2.89,2.94,2.88,2.9,0.0,2.0689655172413812,8570800,24923580.0,2023-10-31,1.0301,2412800000.0,2412800000.0,2.265,31.7874
3230,SZSE.002487,大金重工,27.79,27.74,28.35,27.45,27.69,-0.3598416696653395,3.238575026988133,20068131,558911315.18,2023-10-31,3.1825,17659279473.81,17460769808.43,2.5602,33.3331
3231,SZSE.002488,金固股份,7.77,7.76,7.99,7.7,7.8,0.38610038610038533,3.732303732303733,20502712,161057109.25,2023-10-31,2.2257,7814935603.8,7185291789.0,1.9259,-9.8132
3232,SZSE.002489,浙江永强,3.18,3.18,3.21,3.15,3.17,-0.3144654088050425,1.8867924528301903,16024300,50834081.32,2023-10-31,0.8517,6897084714.51,5964233842.6,1.8937,44.636
3233,SZSE.002490,山东墨龙,4.63,4.53,4.85,4.46,4.83,4.3196544276457916,8.42332613390928,65180461,306113608.4,2023-10-31,12.0344,3853607772.0,2616011921.25,5.1894,-9.4933
3234,SZSE.002491,通鼎互联,5.56,5.55,5.59,5.44,5.48,-1.4388489208632893,2.6978417266186954,19948994,109905578.81,2023-10-31,1.6957,6740369860.0,6446929198.32,2.7701,26.3217
3235,SZSE.002492,恒基达鑫,5.87,5.87,5.94,5.86,5.91,0.6814310051107331,1.3628620102214664,4025300,23766196.0,2023-10-31,1.011,2393550000.0,2352958595.22,1.4492,20.4327
3236,SZSE.002493,荣盛石化,11.24,11.27,11.41,11.15,11.39,1.3345195729537407,2.313167259786475,22477445,254063773.32,2023-10-31,0.2366,115329729750.0,108185423437.5,2.5551,-57.5712
3237,SZSE.002494,华斯股份,5.08,5.09,5.2,5.02,5.1,0.3937007874015741,3.543307086614185,6358900,32637456.0,2023-10-31,2.2174,1924284661.8,1462529233.8,1.5477,-7.8246
3238,SZSE.002495,佳隆股份,2.6,2.61,2.64,2.6,2.62,0.7692307692307665,1.5384615384615397,12652906,33145338.66,2023-10-31,1.7723,2451339072.0,1870509445.86,2.1588,-30.2405
3239,SZSE.002496,辉丰股份,2.0,1.99,2.02,1.98,2.0,0.0,2.0000000000000018,17087904,34206177.96,2023-10-31,1.4564,3015179354.0,2346612830.0,1.6231,-6.1451
3240,SZSE.002497,雅化集团,14.33,14.32,14.37,14.03,14.08,-1.7445917655268706,2.3726448011165377,11410298,161404259.66,2023-10-31,1.0843,16228080281.6,14817167383.04,1.4584,9.0101
3241,SZSE.002498,汉缆股份,3.88,3.88,3.9,3.82,3.85,-0.773195876288657,2.061855670103095,17681480,68053564.4,2023-10-31,0.5315,12808164600.0,12808164600.0,1.6838,15.5245
3242,SZSE.002500,山西证券,5.64,5.63,5.66,5.59,5.62,-0.35460992907800915,1.2411347517730547,22498999,126563911.18,2023-10-31,0.6268,20174516094.14,20174516094.14,1.1535,37.7097
3243,SZSE.002501,利源股份,1.5,1.5,1.53,1.48,1.5,0.0,3.333333333333336,21151942,31728075.58,2023-10-31,0.5973,5325000000.0,5311678509.0,4.6741,-16.7988
3244,SZSE.002502,ST鼎龙,2.44,2.46,2.48,2.38,2.41,-1.2295081967213073,4.098360655737709,16256000,39362729.0,2023-10-31,1.9515,2217187079.99,2007552386.49,2.0633,-23.0591
3245,SZSE.002505,鹏都农牧,1.65,1.66,1.67,1.64,1.65,0.0,1.81818181818182,47379017,78261277.68,2023-10-31,0.7433,10517530795.2,10517530795.2,2.123,-29.5795
3246,SZSE.002506,协鑫集成,2.79,2.8,2.8,2.75,2.76,-1.0752688172043112,1.7921146953404954,35177400,97325747.0,2023-10-31,0.6014,16146873338.52,16145066617.68,6.7385,53.2909
3247,SZSE.002507,涪陵榨菜,15.55,15.55,15.66,15.4,15.45,-0.6430868167202619,1.6720257234726674,5968781,92406655.41,2023-10-31,0.5231,17828048982.6,17627970169.35,2.2072,20.6914
3248,SZSE.002508,老板电器,23.29,23.41,23.42,22.9,23.1,-0.8158007728638839,2.2327179046801335,7906986,182665125.85,2023-10-31,0.8439,21922455555.0,21644025041.1,2.0599,12.8062
3249,SZSE.002510,天汽模,4.71,4.61,4.63,4.38,4.43,-5.944798301486209,5.3078556263269645,98297915,438651706.6,2023-10-31,10.5543,4171494912.01,4125881142.35,2.0378,72.5285
3250,SZSE.002511,中顺洁柔,10.82,10.77,10.93,10.74,10.86,0.3696857670979492,1.7560073937153375,5486031,59545820.81,2023-10-31,0.4234,14493216258.0,14070822465.84,2.7196,60.1653
3251,SZSE.002512,达华智能,5.08,5.1,5.19,4.97,5.04,-0.7874015748031482,4.330708661417336,74466482,378245777.28,2023-10-31,7.1025,5781356441.28,5284211476.32,7.5085,-33.382
3252,SZSE.002513,蓝丰生化,6.93,7.05,7.6,6.95,7.14,3.0303030303030276,9.379509379509372,19588591,142287454.67,2023-10-31,6.2285,2669905024.92,2245538703.66,11.9627,-6.0056
3253,SZSE.002514,宝馨科技,9.26,9.05,9.12,8.78,8.88,-4.10367170626349,3.6717062634989186,58052800,519007001.0,2023-10-31,10.4782,6393904264.32,4919824264.32,5.8128,-467.5247
3254,SZSE.002515,金字火腿,5.12,5.12,5.15,5.08,5.1,-0.3906250000000111,1.3671875000000056,4597152,23490141.2,2023-10-31,0.5143,6174132236.4,4558452440.4,2.4,260.4605
3255,SZSE.002516,旷达科技,5.16,5.15,5.23,5.09,5.14,-0.387596899224818,2.7131782945736544,24200538,124596732.6,2023-10-31,3.0966,7560110825.48,7542146525.48,2.1075,39.6253
3256,SZSE.002517,恺英网络,10.7,10.82,11.04,10.54,10.7,0.0,4.672897196261683,55566536,598177426.72,2023-10-31,2.9161,23031938683.8,20388898588.7,4.5872,19.3014
3257,SZSE.002518,科士达,27.24,26.97,27.16,25.95,26.12,-4.1116005873715,4.441997063142441,11028034,290817625.75,2023-10-31,1.9514,15331763335.28,14761448023.68,3.7812,17.0051
3258,SZSE.002519,银河电子,5.91,6.0,6.0,5.73,5.8,-1.861252115059231,4.568527918781719,86852890,508946722.05,2023-10-31,7.7804,6533299208.4,6474539280.8,2.1033,35.7891
3259,SZSE.002520,日发精机,5.5,5.51,5.64,5.46,5.52,0.363636363636366,3.2727272727272676,15404450,85448397.5,2023-10-31,2.3885,4417353343.92,3560069743.92,2.0916,-10.034
3260,SZSE.002521,齐峰新材,8.08,7.92,8.18,7.75,8.18,1.2376237623762387,5.321782178217818,20438402,164876945.68,2023-10-31,5.0737,4046529999.42,3295147616.76,1.1077,24.9526
3261,SZSE.002522,浙江众成,4.72,4.72,4.73,4.67,4.71,-0.21186440677966045,1.2711864406779767,4530000,21290152.0,2023-10-31,0.5286,4266220912.77,4036072457.16,1.9173,40.1397
3262,SZSE.002523,天桥起重,2.71,2.71,2.72,2.68,2.71,0.0,1.4760147601476028,9125932,24665795.92,2023-10-31,0.6474,3839096568.0,3820107763.31,1.7495,4159.0298
3263,SZSE.002524,光正眼科,7.09,7.08,7.12,7.0,7.08,-0.14104372355430161,1.6925246826516236,6452901,45642802.06,2023-10-31,1.2701,3667206883.92,3597070456.92,12.9307,-18.3359
3264,SZSE.002526,山东矿机,2.55,2.54,2.55,2.51,2.52,-1.17647058823529,1.5686274509803935,30939583,78214796.29,2023-10-31,1.757,4492640466.72,4437485352.72,1.4512,24.6162
3265,SZSE.002527,新时达,10.67,10.52,10.69,10.27,10.38,-2.7179006560449803,3.936269915651358,27403587,286273873.92,2023-10-31,5.2178,6864099800.58,5451557793.48,3.4489,-7.3459
3266,SZSE.002528,英飞拓,8.29,8.39,8.96,8.39,8.53,2.895054282267795,6.875753920386011,60997780,527842065.24,2023-10-31,5.8291,10224698449.46,8926126811.03,11.5319,-8.3315
3267,SZSE.002529,海源复材,11.16,11.08,11.35,11.08,11.18,0.17921146953405742,2.4193548387096735,2868825,32023606.5,2023-10-31,1.1034,2906800000.0,2906800000.0,5.4427,-19.7977
3268,SZSE.002530,金财互联,8.96,8.96,9.02,8.78,8.92,-0.44642857142858094,2.678571428571431,26543044,236375565.64,2023-10-31,3.9011,6950447721.0,6069118574.28,5.2552,-24.2095
3269,SZSE.002531,天顺风能,13.17,13.02,13.73,13.02,13.34,1.2908124525436548,5.391040242976468,33598685,450460874.5,2023-10-31,1.8805,23970361297.72,23834125920.74,2.7147,24.8691
3270,SZSE.002532,天山铝业,6.37,6.46,6.49,6.37,6.48,1.7268445839874413,1.8838304552590284,34759785,223514292.25,2023-10-31,0.9054,30144217489.2,24876506406.24,1.2801,15.999
3271,SZSE.002533,金杯电工,7.77,7.72,7.8,7.62,7.66,-1.4157014157014092,2.316602316602313,9619720,73942138.48,2023-10-31,1.533,5621988534.92,4806634166.78,1.5193,12.0828
3272,SZSE.002534,西子洁能,12.56,12.53,12.8,12.49,12.58,0.15923566878981443,2.468152866242042,2531400,31819109.55,2023-10-31,0.3464,9299171261.74,9193649529.84,2.4685,56.8397
3273,SZSE.002535,林州重机,4.92,4.84,5.04,4.81,4.84,-1.6260162601625994,4.674796747967489,51186982,250762801.86,2023-10-31,10.2905,3880146078.16,2407520602.08,7.8817,36.6709
3274,SZSE.002536,飞龙股份,14.72,14.58,16.19,14.46,15.27,3.7364130434782483,11.75271739130435,74140239,1146566251.31,2023-10-31,15.7939,8776980509.76,7168077406.29,2.7488,35.0243
3275,SZSE.002537,海联金汇,6.8,6.82,6.84,6.75,6.8,0.0,1.3235294117647038,13342202,90486263.18,2023-10-31,1.1365,7983313866.0,7983313866.0,1.7797,95.0213
3276,SZSE.002538,司尔特,6.28,6.18,6.22,6.05,6.1,-2.866242038216571,2.7070063694267503,8154253,49827718.77,2023-10-31,0.9553,5206690154.3,5206690154.3,0.9916,28.0284
3277,SZSE.002539,云图控股,8.25,8.22,8.38,8.2,8.35,1.2121212121211977,2.1818181818182,9892600,82245952.0,2023-10-31,1.12,10084493412.7,7375447393.55,1.2437,11.1564
3278,SZSE.002540,亚太科技,6.15,6.12,6.18,6.07,6.14,-0.1626016260162677,1.7886178861788524,12525350,76667776.0,2023-10-31,1.4311,7676120629.82,5373795005.82,1.4259,9.8955
3279,SZSE.002541,鸿路钢构,24.95,25.01,25.17,24.71,25.11,0.6412825651302523,1.8436873747495024,1770344,44153358.92,2023-10-31,0.357,17326181734.2,12452181907.23,1.9959,14.7073
3280,SZSE.002542,中化岩土,2.64,2.63,2.64,2.59,2.63,-0.37878787878788955,1.893939393939404,25706620,67192856.0,2023-10-31,1.6163,4748832489.9,4182827983.33,1.8917,-5.7626
3281,SZSE.002543,万和电气,8.37,8.37,8.43,8.28,8.35,-0.2389486260453988,1.7921146953405063,4573900,38155602.0,2023-10-31,0.6913,6209060000.0,5524451875.05,1.3557,10.9962
3282,SZSE.002544,普天科技,23.32,23.32,23.55,22.61,23.01,-1.3293310463121766,4.030874785591773,12104106,278843376.69,2023-10-31,1.8114,15706985922.42,15375336970.89,4.1747,100.3719
3283,SZSE.002545,东方铁塔,7.12,7.12,7.16,7.08,7.13,0.1404494382022392,1.1235955056179785,4019272,28648204.36,2023-10-31,0.3556,8870162651.79,8058067238.04,1.0404,14.3359
3284,SZSE.002546,新联电子,4.82,4.81,4.83,4.75,4.79,-0.6224066390041583,1.6597510373443998,9982100,47758828.0,2023-10-31,1.2458,3995095169.84,3837901739.84,1.2475,37.3559
3285,SZSE.002547,春兴精工,5.0,4.94,4.98,4.77,4.82,-3.599999999999992,4.200000000000017,61044228,295934137.96,2023-10-31,5.5293,5437235549.76,5321320565.12,12.1953,-26.1766
3286,SZSE.002548,金新农,6.25,6.2,6.31,6.15,6.18,-1.1200000000000099,2.559999999999988,11484596,71363118.7,2023-10-31,1.7219,4981795953.0,4121987082.18,2.775,-19.9808
3287,SZSE.002549,凯美特气,11.09,11.15,11.26,10.93,11.15,0.5410279531109063,2.9756537421100093,9133774,101489710.4,2023-10-31,1.4715,7963306596.15,6920934618.75,4.0401,229.2072
3288,SZSE.002550,千红制药,5.37,5.37,5.45,5.36,5.4,0.5586592178770999,1.675977653631282,16406014,88740822.46,2023-10-31,1.779,6910920000.0,4979780931.6,2.8009,27.3298
3289,SZSE.002551,尚荣医疗,4.22,4.22,4.29,4.21,4.24,0.4739336492891155,1.8957345971564,15738943,66895217.84,2023-10-31,2.5786,3581959504.8,2587954829.2,1.2956,-14.3472
3290,SZSE.002552,宝鼎科技,15.44,15.35,15.42,15.0,15.24,-1.2953367875647603,2.72020725388601,2888300,43763471.0,2023-10-31,0.9152,6522114088.08,4809781825.68,3.1701,235.2331
3291,SZSE.002553,南方精工,12.2,12.19,12.24,11.93,12.04,-1.3114754098360715,2.540983606557381,9411400,113672663.0,2023-10-31,3.9585,4189920000.0,2862510000.0,3.6221,-182.1075
3292,SZSE.002554,惠博普,3.51,3.5,3.53,3.48,3.51,0.0,1.4245014245014196,12485642,43768069.42,2023-10-31,1.3721,4727470779.72,3193997739.66,1.8421,29.3524
3293,SZSE.002555,三七互娱,20.05,21.0,21.33,20.41,20.7,3.2418952618453734,4.58852867830423,71234506,1479400908.21,2023-10-31,4.4295,45909790616.7,33289428382.2,3.7205,15.886
3294,SZSE.002556,辉隆股份,6.23,6.22,6.28,6.2,6.26,0.48154093097911854,1.2841091492776897,5832200,36393007.0,2023-10-31,0.6185,5971996054.8,5902591873.0,1.5497,46.3032
3295,SZSE.002557,洽洽食品,37.42,37.35,37.62,36.92,37.0,-1.1223944414751497,1.8706574024585667,6084810,226268001.97,2023-10-31,1.2002,18759085581.0,18758905206.0,3.5989,21.9357
3296,SZSE.002558,巨人网络,11.57,12.02,12.27,11.69,11.81,2.074330164217808,5.012964563526362,59245040,705607944.11,2023-10-31,2.955,23678306064.48,23678306064.48,1.8674,20.4095
3297,SZSE.002559,亚威股份,8.21,8.35,8.7,8.12,8.2,-0.12180267965896663,7.064555420219245,56030115,469734839.16,2023-10-31,11.663,4552049796.8,3939359007.0,2.5948,2439.1666
3298,SZSE.002560,通达股份,7.24,7.2,7.27,7.08,7.12,-1.6574585635359185,2.6243093922651863,8567674,61257961.14,2023-10-31,1.8916,3750315250.4,3224856274.24,1.4362,25.9327
3299,SZSE.002561,徐家汇,8.73,8.73,8.74,8.61,8.68,-0.5727376861397571,1.4891179839633537,4478000,38792336.0,2023-10-31,1.0881,3608822840.0,3572306505.32,1.6254,61.9267
3300,SZSE.002562,兄弟科技,4.16,4.09,4.14,4.09,4.11,-1.2019230769230727,1.2019230769230727,6533540,26861630.0,2023-10-31,0.9333,4368613846.47,2877178041.09,1.3835,129.4574
3301,SZSE.002563,森马服饰,5.97,6.16,6.25,6.06,6.1,2.1775544388609624,3.1825795644891186,12653422,77609975.48,2023-10-31,0.7109,16433949976.0,10857274344.0,1.4653,13.7228
3302,SZSE.002564,*ST天沃,3.28,3.27,3.44,3.23,3.29,0.3048780487804992,6.402439024390243,46724178,156710542.3,2023-10-31,5.4429,2825795729.33,2824292100.63,-0.9551,-1.0029
3303,SZSE.002565,顺灏股份,3.33,3.36,3.42,3.32,3.39,1.8018018018018056,3.003003003003006,26471100,89393545.5,2023-10-31,2.5076,3593362445.58,3578589693.42,1.8959,-125.5576
3304,SZSE.002566,益盛药业,8.61,8.6,8.87,8.58,8.76,1.7421602787456525,3.3681765389082368,6623700,58091426.0,2023-10-31,2.8576,2899136016.0,2030484499.68,1.3196,35.6893
3305,SZSE.002567,唐人神,6.87,6.78,6.88,6.7,6.73,-2.0378457059679667,2.6200873362445374,28574723,193287246.14,2023-10-31,2.0918,9644435874.89,9193202444.55,1.5539,-11.9066
3306,SZSE.002568,百润股份,26.64,26.52,26.9,26.02,26.33,-1.1636636636636721,3.3033033033032995,8674323,228843295.49,2023-10-31,1.2093,27638362845.15,18885970946.45,7.3897,31.3492
3307,SZSE.002569,ST步森,7.52,7.52,7.89,7.52,7.77,3.32446808510638,4.920212765957448,2727002,21167484.0,2023-10-31,1.9495,1118957700.0,1086878672.25,8.7913,-34.0081
3308,SZSE.002570,贝因美,4.22,4.18,4.23,4.17,4.22,0.0,1.4218009478673106,13265830,55693715.28,2023-10-31,1.2283,4557782865.26,4557574291.76,2.8489,-13.5516
3309,SZSE.002571,德力股份,6.16,6.16,6.25,6.15,6.21,0.8116883116883189,1.6233766233766176,3154100,19596026.0,2023-10-31,1.0573,2434013847.0,1852481427.48,1.9305,-14.7031
3310,SZSE.002572,索菲亚,17.95,18.31,18.51,17.88,18.03,0.44568245125349293,3.5097493036211844,8458977,152774361.86,2023-10-31,1.3242,16450031785.14,11517461914.14,2.6972,13.5584
3311,SZSE.002573,清新环境,5.13,5.13,5.22,5.11,5.18,0.974658869395717,2.1442495126705543,7776198,40272343.64,2023-10-31,0.7204,7430637889.22,5591399355.5,1.1376,21.8665
3312,SZSE.002574,明牌珠宝,6.07,6.06,6.18,6.04,6.1,0.49423393739702615,2.306425041186156,5028168,30683792.04,2023-10-31,0.9523,3220800000.0,3220800000.0,1.0562,-27.8333
3313,SZSE.002575,群兴玩具,5.51,5.5,5.59,5.5,5.56,0.9074410163339319,1.6333938294010864,3496879,19402058.3,2023-10-31,0.594,3440083200.0,3273283200.0,4.2715,198.4791
3314,SZSE.002576,通达动力,17.73,17.56,17.96,17.39,17.82,0.50761421319796,3.2148900169204757,9982519,176376698.63,2023-10-31,6.1657,2942082000.0,2885107379.22,2.4819,31.8516
3315,SZSE.002577,雷柏科技,15.44,15.4,15.64,15.1,15.24,-1.2953367875647603,3.4974093264248767,5520301,84610929.25,2023-10-31,1.9516,4311091200.0,4310862600.0,3.7236,201.3645
3316,SZSE.002578,闽发铝业,3.75,3.78,3.79,3.73,3.75,0.0,1.6000000000000014,6816900,25582975.0,2023-10-31,0.7916,3519863186.25,3229359603.75,2.277,88.3099
3317,SZSE.002579,中京电子,9.61,9.57,9.69,9.3,9.4,-2.185223725286156,4.058272632674285,27313073,258154561.47,2023-10-31,4.6901,5758615028.0,5474166553.6,2.2801,-27.5326
3318,SZSE.002580,圣阳股份,9.7,9.01,9.23,8.88,8.97,-7.525773195876273,3.6082474226804093,88010651,796924648.16,2023-10-31,27.3764,4071204867.21,2883705577.74,2.0164,19.1466
3319,SZSE.002581,未名医药,16.41,16.88,17.5,16.52,17.29,5.362583790371711,5.971968312004878,10150311,174024934.25,2023-10-31,2.5326,11406828281.94,6929679173.69,4.728,-230.7819
3320,SZSE.002582,好想你,7.73,7.78,7.89,7.75,7.83,1.2936610608020649,1.8111254851228935,8203502,64125221.68,2023-10-31,2.4141,3533353029.27,2660805876.33,0.8547,-19.9493
3321,SZSE.002583,海能达,6.45,6.45,6.48,6.25,6.31,-2.170542635658923,3.5658914728682234,49186106,311810681.33,2023-10-31,3.843,11459792232.21,8076027353.12,1.7933,56.6877
3322,SZSE.002584,西陇科学,6.04,6.04,6.39,5.99,6.29,4.139072847682113,6.622516556291382,50047625,309654823.25,2023-10-31,11.5719,3681011294.38,2720373396.84,1.5715,125.6582
3323,SZSE.002585,双星新材,8.88,8.87,8.88,8.73,8.8,-0.9009009009009028,1.689189189189193,8312453,73101805.4,2023-10-31,0.9309,10141872364.8,7857814421.6,1.0635,-426.2588
3324,SZSE.002586,*ST围海,2.86,2.87,2.88,2.84,2.84,-0.6993006993006978,1.3986013986014,2584792,7368971.28,2023-10-31,0.2882,3249595347.76,2547361569.16,0.8758,-4.195
3325,SZSE.002587,奥拓电子,6.37,6.36,6.56,6.23,6.31,-0.9419152276295195,5.18053375196231,18026465,115238972.25,2023-10-31,3.5121,4111243624.36,3238757122.72,2.9555,1507.8003
3326,SZSE.002588,史丹利,6.24,6.22,6.32,6.19,6.27,0.48076923076922906,2.0833333333333313,21243238,133189602.11,2023-10-31,2.0733,7253662680.0,6424178484.9,1.2118,12.2201
3327,SZSE.002589,瑞康医药,3.59,3.58,3.62,3.56,3.59,0.0,1.6713091922005585,29231581,105221706.97,2023-10-31,2.5155,5401910590.89,4171710277.51,0.9851,-2.8833
3328,SZSE.002590,万安科技,13.41,13.25,13.25,12.47,12.47,-7.009694258016397,5.816554809843395,38852800,497534791.76,2023-10-31,8.5287,5981197167.22,5680753878.33,2.8215,26.8996
3329,SZSE.002591,恒大高新,6.45,6.41,6.56,6.4,6.47,0.31007751937983663,2.480620155038748,9008800,58587061.0,2023-10-31,3.9525,1942290661.48,1474668092.37,2.758,-29.2558
3330,SZSE.002592,ST八菱,5.29,5.55,5.55,5.55,5.55,4.914933837429114,0.0,1638100,9091455.0,2023-10-31,0.6235,1572487921.35,1458071063.85,1.7514,12.0452
3331,SZSE.002593,日上集团,4.04,4.0,4.03,3.93,3.96,-1.980198019801982,2.4752475247524774,15740207,62476297.48,2023-10-31,2.7592,3183277794.84,2259056384.64,1.3296,92.7179
3332,SZSE.002594,比亚迪,244.6,243.5,243.99,237.5,238.54,-2.4775143090760454,2.6533115290269866,12720475,3044814889.04,2023-10-31,1.0921,694424016631.7,277842948638.16,5.3477,24.2146
3333,SZSE.002595,豪迈科技,32.85,32.76,32.85,31.62,32.15,-2.130898021308991,3.7442922374429233,2650200,84841909.0,2023-10-31,0.4969,25720000000.0,17148312510.9,3.15,17.1522
3334,SZSE.002596,海南瑞泽,2.69,2.69,2.96,2.68,2.96,10.03717472118959,10.408921933085495,78653201,227381206.39,2023-10-31,7.4652,3396838333.28,3118630153.28,2.4333,-5.5359
3335,SZSE.002597,金禾实业,21.76,21.79,22.25,21.68,21.78,0.09191176470588758,2.619485294117648,9637126,211674346.58,2023-10-31,1.7282,12227288776.56,12145363263.0,1.8018,13.2046
3336,SZSE.002598,山东章鼓,9.94,9.99,10.03,9.79,9.85,-0.905432595573441,2.4144869215291775,3875917,38346817.25,2023-10-31,1.3823,3073200000.0,2761928436.1,2.6933,27.2656
3337,SZSE.002599,盛通股份,6.53,6.47,6.68,6.37,6.44,-1.3782542113323082,4.747320061255737,19551600,127154938.0,2023-10-31,4.8616,3462058457.48,2589944635.04,2.4152,-186.336
3338,SZSE.002600,领益智造,6.05,6.01,6.15,6.0,6.07,0.33057851239670644,2.4793388429752126,65074952,395461123.87,2023-10-31,0.9443,42539639361.33,41831426876.28,2.3523,18.9939
3339,SZSE.002601,龙佰集团,18.78,18.69,18.85,18.57,18.63,-0.7987220447284504,1.490947816826417,10564440,197381969.35,2023-10-31,0.7107,44456643359.28,27693568737.54,1.9088,18.6156
3340,SZSE.002602,世纪华通,5.9,5.99,6.0,5.69,5.86,-0.6779661016949157,5.254237288135586,219786154,1271820432.81,2023-10-31,3.1941,43671983832.48,40323090551.78,1.7203,-6.8745
3341,SZSE.002603,以岭药业,22.27,22.26,22.39,22.03,22.22,-0.22451728783116076,1.616524472384371,14011670,311621285.0,2023-10-31,1.0181,37123073454.72,30580313396.16,3.131,13.718
3342,SZSE.002605,姚记科技,22.87,23.4,24.04,23.07,23.24,1.617839965019674,4.241364232619146,24745684,580344380.21,2023-10-31,7.5096,9579546359.6,8886897588.24,2.9739,15.6031
3343,SZSE.002606,大连电瓷,7.4,7.35,7.42,7.18,7.26,-1.8918918918918948,3.243243243243246,6070700,44192849.0,2023-10-31,1.4415,3189631777.2,3057491319.3,2.053,63.2386
3344,SZSE.002607,中公教育,4.03,4.0,4.03,3.92,3.95,-1.985111662531014,2.7295285359801564,95573998,378228793.33,2023-10-31,1.9636,24361227586.55,19226069329.8,23.8375,-652.5697
3345,SZSE.002608,江苏国信,7.15,7.14,7.18,7.08,7.13,-0.2797202797202858,1.3986013986013937,6755746,48192425.73,2023-10-31,0.1788,26937708289.52,26937708289.52,0.906,18.9543
3346,SZSE.002609,捷顺科技,10.76,10.79,11.01,10.63,10.7,-0.5576208178438735,3.531598513011143,4494600,48474011.82,2023-10-31,0.9851,6927000250.7,4882072853.7,2.8499,77.1967
3347,SZSE.002610,爱康科技,2.25,2.24,2.25,2.21,2.22,-1.3333333333333197,1.7777777777777795,32777601,73047553.22,2023-10-31,0.7324,9944562201.06,9935791786.92,3.453,-18.3748
3348,SZSE.002611,东方精工,4.64,4.68,4.68,4.56,4.61,-0.6465517241379226,2.5862068965517264,17897200,82412338.0,2023-10-31,1.7685,5719250824.0,4665321244.7,1.3202,10.461
3349,SZSE.002612,朗姿股份,22.25,22.2,22.26,21.48,21.76,-2.2022471910112307,3.505617977528095,8108982,176461103.41,2023-10-31,3.1983,9627611360.0,5517010315.52,3.1869,52.9861
3350,SZSE.002613,北玻股份,4.59,4.52,4.58,4.4,4.42,-3.703703703703698,3.921568627450974,20327523,90511642.66,2023-10-31,3.3677,4142291400.0,2669645090.84,2.4113,42.6383
3351,SZSE.002614,奥佳华,7.41,7.4,7.43,7.27,7.34,-0.9446693657220062,2.1592442645074246,6867050,50329245.0,2023-10-31,1.5577,4576274512.28,3235896244.66,1.0188,35.5641
3352,SZSE.002615,哈尔斯,7.33,7.25,7.46,7.23,7.37,0.5457025920873049,3.1377899045020397,8872600,65351711.2,2023-10-31,3.0982,3439942576.84,2110589513.34,2.5466,19.2485
3353,SZSE.002616,长青集团,5.39,5.39,5.39,5.2,5.25,-2.597402597402587,3.52504638218923,11407400,60195901.0,2023-10-31,2.426,3895251160.5,2468636635.5,1.5764,18.9935
3354,SZSE.002617,露笑科技,6.86,6.85,6.88,6.68,6.72,-2.0408163265306256,2.9154518950437343,28085062,189557406.88,2023-10-31,1.4848,12922599668.16,12710569280.64,2.1648,-1632.7571
3355,SZSE.002620,瑞和股份,5.1,5.12,5.16,5.1,5.12,0.39215686274509665,1.176470588235304,2676967,13724064.04,2023-10-31,0.8496,1932769280.0,1613261470.72,3.618,-56.2301
3356,SZSE.002621,美吉姆,3.21,3.21,3.27,3.2,3.25,1.2461059190031154,2.1806853582554466,10324976,33469344.24,2023-10-31,1.2868,2672273272.5,2607639589.75,7.3399,-5.2099
3357,SZSE.002622,皓宸医疗,3.29,3.29,3.36,3.29,3.33,1.2158054711246313,2.12765957446808,11330581,37677708.73,2023-10-31,1.3489,2797200000.0,2797117582.5,4.7339,-12.3242
3358,SZSE.002623,亚玛顿,27.15,27.2,27.78,27.16,27.48,1.2154696132596676,2.28360957642726,4672178,128297759.97,2023-10-31,2.3521,5470237500.0,5458520715.0,1.6896,68.6968
3359,SZSE.002624,完美世界,12.0,12.04,12.23,11.83,12.0,0.0,3.333333333333336,32310343,387767926.26,2023-10-31,1.7681,23279620848.0,21928332504.0,2.5622,42.3308
3360,SZSE.002625,光启技术,13.93,14.0,14.23,13.9,13.99,0.4307250538406304,2.368987796123475,14107752,198450271.58,2023-10-31,0.7938,30142684189.38,24863330323.9,3.4707,57.2737
3361,SZSE.002626,金达威,18.23,18.15,18.48,18.13,18.27,0.21941854086668933,1.919912232583661,4464400,81952576.0,2023-10-31,0.7321,11143508266.17,11141863966.17,2.8782,73.4978
3362,SZSE.002627,三峡旅游,5.22,5.2,5.24,5.16,5.22,0.0,1.5325670498084305,4548988,23660408.72,2023-10-31,0.6526,3853133170.74,3638442390.3,1.2372,37.7189
3363,SZSE.002628,成都路桥,3.26,3.27,3.31,3.26,3.28,0.6134969325153339,1.5337423312883518,12500404,41111456.16,2023-10-31,1.656,2483289361.2,2475923750.56,0.8283,40.3283
3364,SZSE.002629,仁智股份,4.03,4.0,4.05,3.97,4.04,0.2481389578163684,1.985111662531008,15612000,62720986.0,2023-10-31,4.3737,1764057920.0,1442079749.32,27.7692,-75.1105
3365,SZSE.002630,华西能源,2.47,2.47,2.5,2.44,2.45,-0.8097165991902799,2.4291497975708523,17969726,44233963.44,2023-10-31,1.696,2892960000.0,2595906087.25,4.6961,-5.6348
3366,SZSE.002631,德尔未来,6.36,6.28,6.57,6.25,6.46,1.5723270440251458,5.031446540880507,34108806,218702286.95,2023-10-31,5.208,4254910447.28,4230887742.18,2.528,-133.5627
3367,SZSE.002632,道明光学,7.13,7.13,7.21,7.05,7.11,-0.28050490883589907,2.244039270687239,7575300,54011171.0,2023-10-31,1.3043,4440899529.9,4129488078.21,2.0208,13.3282
3368,SZSE.002633,申科股份,10.6,10.6,10.82,10.5,10.6,0.0,3.0188679245283048,1477700,15705365.0,2023-10-31,0.989,1590000000.0,1583838750.0,3.7524,-54.8339
3369,SZSE.002634,棒杰股份,8.03,8.0,8.08,7.96,7.99,-0.49813200498131094,1.4943960149439617,1679800,13464957.0,2023-10-31,0.4397,3756718328.87,3052699086.33,3.6237,146.9133
3370,SZSE.002635,安洁科技,14.31,14.36,14.53,14.24,14.32,0.06988120195667857,2.02655485674353,12828445,184421126.44,2023-10-31,3.1731,9629299085.84,5789373959.12,1.6497,39.5292
3371,SZSE.002636,金安国纪,9.56,9.49,9.75,9.42,9.68,1.2552301255229992,3.451882845188285,8197212,79362004.04,2023-10-31,1.1336,7047040000.0,6999677908.96,2.0353,135.6169
3372,SZSE.002637,赞宇科技,10.74,10.74,10.81,10.58,10.69,-0.4655493482309203,2.1415270018622015,2777100,29566543.0,2023-10-31,0.7037,5028586690.0,4218799531.09,1.3424,-166.3665
3373,SZSE.002638,勤上股份,2.68,2.68,2.72,2.63,2.64,-1.4925373134328401,3.358208955223892,10993500,29281383.0,2023-10-31,0.8161,3817574283.6,3556161863.76,1.4445,132.4657
3374,SZSE.002639,雪人股份,7.51,7.51,7.55,7.45,7.49,-0.26631158455392434,1.3315579227696357,6782700,50790227.0,2023-10-31,1.0426,5786790313.22,4872884690.94,2.3178,-29.3587
3375,SZSE.002640,跨境通,4.02,3.99,4.42,3.93,4.42,9.950248756218905,12.189054726368155,212173918,885939421.46,2023-10-31,14.9703,6886542678.6,6264457906.98,5.1579,-972.2527
3376,SZSE.002641,公元股份,5.29,5.3,5.33,5.26,5.31,0.3780718336483746,1.3232514177693815,9509693,50398863.12,2023-10-31,0.8383,6526488455.01,6023535758.19,1.2329,22.1861
3377,SZSE.002642,荣联科技,9.15,9.15,9.26,8.82,8.9,-2.732240437158473,4.808743169398901,54703650,492268316.0,2023-10-31,9.0444,5888064785.7,5383026160.0,3.9932,-146.59
3378,SZSE.002643,万润股份,16.97,16.95,17.27,16.9,17.17,1.178550383028898,2.180318208603424,4147900,70967533.0,2023-10-31,0.463,15970335791.55,15381456215.7,2.3888,24.4593
3379,SZSE.002644,佛慈制药,9.98,9.97,10.15,9.79,9.99,0.10020040080160886,3.6072144288577275,9549700,95593879.0,2023-10-31,1.8701,5101463430.0,5101463430.0,2.9168,45.473
3380,SZSE.002645,华宏科技,9.66,9.66,9.78,9.63,9.71,0.5175983436852993,1.5527950310558858,4160808,40396458.2,2023-10-31,0.8344,5646566919.45,4842099497.91,1.5632,-38.0242
3381,SZSE.002646,天佑德酒,14.8,14.74,15.09,14.74,15.06,1.75675675675675,2.3648648648648622,9684993,144934994.98,2023-10-31,2.0498,7116798388.44,7115792003.94,2.5142,87.2548
3382,SZSE.002647,仁东控股,5.63,5.65,5.68,5.61,5.66,0.5328596802842034,1.243339253996437,7519200,42466451.0,2023-10-31,1.3429,3169241439.0,3169241439.0,54.6472,-17.3611
3383,SZSE.002648,卫星化学,16.34,16.32,16.5,16.16,16.27,-0.4283965728274164,2.0807833537331692,11239856,183141872.05,2023-10-31,0.334,54807981397.67,54751953228.44,2.2231,16.0727
3384,SZSE.002649,博彦科技,11.66,11.63,11.83,11.47,11.55,-0.9433962264150941,3.0874785591766676,11233027,130623308.64,2023-10-31,2.0317,6833728994.4,6383241780.3,1.6868,26.8019
3385,SZSE.002650,加加食品,4.04,4.02,4.07,4.02,4.06,0.4950495049504955,1.2376237623762552,4536800,18331668.0,2023-10-31,0.3938,4677120812.0,4676968562.0,2.0406,-50.8372
3386,SZSE.002651,利君股份,7.07,7.06,7.06,6.93,6.99,-1.1315417256011373,1.838755304101837,7561500,52815120.0,2023-10-31,1.3372,7223885400.0,3952590850.59,2.5759,23.818
3387,SZSE.002652,扬子新材,3.18,3.18,3.21,3.15,3.17,-0.3144654088050425,1.8867924528301903,15696800,49865795.0,2023-10-31,3.0679,1623242880.0,1621941731.31,7.7099,-54.7063
3388,SZSE.002653,海思科,24.8,25.7,26.35,25.25,25.7,3.629032258064502,4.435483870967747,5374986,138111052.81,2023-10-31,1.0403,28632831829.0,13278636704.7,7.0238,76.4166
3389,SZSE.002654,万润科技,15.88,16.55,16.98,14.68,14.7,-7.430730478589432,14.483627204030231,165285105,2576088609.17,2023-10-31,21.0802,12425947396.8,11525924358.9,8.2648,-258.6422
3390,SZSE.002655,共达电声,12.85,12.76,12.84,12.45,12.52,-2.5680933852140098,3.0350194552529226,7037624,88573005.6,2023-10-31,1.9555,4578614080.0,4505848779.0,7.491,131.8815
3391,SZSE.002656,ST摩登,1.87,1.85,1.9,1.85,1.88,0.53475935828875,2.6737967914438405,5260646,9831205.1,2023-10-31,0.8632,1339537306.72,1145780203.4,2.9303,-9.4621
3392,SZSE.002657,中科金财,18.74,18.22,18.68,17.52,17.8,-5.016008537886862,6.189967982924228,46604292,840205140.57,2023-10-31,13.9068,6053584769.6,5965111275.8,3.0984,-30.9101
3393,SZSE.002658,雪迪龙,7.87,7.77,8.06,7.77,8.03,2.0330368487928796,3.684879288437114,10830202,85909907.52,2023-10-31,3.0709,5059865470.99,2831986738.24,2.047,28.7909
3394,SZSE.002659,凯文教育,4.35,4.32,4.41,4.3,4.33,-0.45977011494251485,2.5287356321839156,6390600,27728642.0,2023-10-31,1.0682,2590554062.72,2590477746.47,1.1642,-41.8917
3395,SZSE.002660,茂硕电源,9.03,9.02,9.13,8.94,8.99,-0.44296788482833804,2.1040974529346763,3450900,31088388.0,2023-10-31,1.3423,3206067910.81,2311193601.61,2.5465,41.127
3396,SZSE.002661,克明食品,9.43,9.46,9.56,9.41,9.55,1.2725344644750836,1.5906680805938531,3060100,29117207.0,2023-10-31,0.9367,3180859966.1,3119907530.4,1.2919,87.9067
3397,SZSE.002662,京威股份,3.62,3.62,3.64,3.58,3.6,-0.5524861878453025,1.657458563535913,27940186,100723199.0,2023-10-31,1.8627,5400000000.0,5399931960.0,1.3677,11.6142
3398,SZSE.002663,普邦股份,1.89,1.89,1.94,1.88,1.91,1.0582010582010692,3.174603174603178,17172572,32867057.51,2023-10-31,1.169,3430150763.32,2805770298.35,1.1467,-16.5477
3399,SZSE.002664,信质集团,18.0,18.15,18.25,17.57,18.01,0.05555555555556424,3.7777777777777763,10040851,179487772.88,2023-10-31,2.5198,7294671345.0,7176486807.38,2.2231,29.8535
3400,SZSE.002665,首航高科,2.72,2.71,2.74,2.68,2.71,-0.3676470588235392,2.2058823529411784,23481653,63518554.87,2023-10-31,0.9539,6785685326.75,6670789670.84,1.3455,-22.3125
3401,SZSE.002666,德联集团,5.0,4.98,5.06,4.95,5.0,0.0,2.1999999999999886,6368900,31863033.0,2023-10-31,1.4125,3771646340.0,2254424090.0,1.108,134.9571
3402,SZSE.002667,威领股份,12.5,12.38,12.64,12.38,12.47,-0.23999999999999577,2.0799999999999983,3761200,46918765.0,2023-10-31,1.6284,3023501140.0,2880240792.0,3.9629,-39.7363
3403,SZSE.002668,奥马电器,7.49,7.54,7.57,7.14,7.15,-4.539385847797062,5.740987983978646,17837200,129415794.0,2023-10-31,1.6453,7751396710.2,7751396710.2,5.4758,11.1973
3404,SZSE.002669,康达新材,12.37,12.37,12.37,11.91,12.06,-2.5060630557801056,3.7186742118027416,6467155,78334942.1,2023-10-31,2.2248,3683159854.38,3505589970.12,1.2341,32.3192
3405,SZSE.002670,国盛金控,10.07,10.06,10.17,9.86,9.93,-1.3902681231380387,3.0784508440913654,31148670,311251057.28,2023-10-31,1.9188,19215390604.29,16119871795.62,1.7447,-78.997
3406,SZSE.002671,龙泉股份,6.27,5.77,5.98,5.64,5.71,-8.931419457735245,5.422647527910699,127014758,731743291.51,2023-10-31,22.9416,3229212661.28,3161307662.54,2.0428,-6.3336
3407,SZSE.002672,东江环保,5.54,5.54,5.6,5.51,5.58,0.7220216606498298,1.6245487364620912,3857510,21459527.88,2023-10-31,0.5681,6167327375.16,3788922543.66,1.2595,-8.0255
3408,SZSE.002673,西部证券,6.65,6.63,6.69,6.62,6.66,0.15037593984961184,1.0526315789473726,23140998,154011978.42,2023-10-31,0.5632,29767414155.3,27367236089.28,1.0758,36.8923
3409,SZSE.002674,兴业科技,12.23,12.28,12.5,11.95,12.0,-1.880621422730988,4.497138184791502,3305885,40154312.23,2023-10-31,1.1444,3502355328.0,3466399824.0,1.4719,18.2047
3410,SZSE.002675,东诚药业,18.6,18.67,19.2,18.23,18.39,-1.1290322580645218,5.215053763440854,12507069,233186396.28,2023-10-31,1.6825,15164315014.95,13670308913.91,3.0234,57.7049
3411,SZSE.002676,顺威股份,4.44,4.42,4.46,4.36,4.37,-1.5765765765765827,2.2522522522522443,9317000,40980362.0,2023-10-31,1.2941,3146400000.0,3146246324.58,2.6817,86.3692
3412,SZSE.002677,浙江美大,10.62,10.62,10.68,10.52,10.6,-0.18832391713746732,1.5065913370998132,3379000,35838230.0,2023-10-31,0.8898,6848147458.2,6176839621.4,3.5497,15.4614
3413,SZSE.002678,珠江钢琴,5.42,5.37,5.44,5.37,5.43,0.18450184501843658,1.2915129151291564,1757460,9504287.6,2023-10-31,0.1295,7392262573.89,7371629252.64,2.0071,251.1629
3414,SZSE.002679,福建金森,12.19,12.28,12.3,12.08,12.13,-0.4922067268252617,1.8047579983593163,4006900,48754813.0,2023-10-31,1.6996,2859720280.0,2859720280.0,3.9367,165.9366
3415,SZSE.002681,奋达科技,5.31,5.21,5.25,5.04,5.16,-2.824858757062132,3.954802259887005,105641485,542436839.76,2023-10-31,7.774,9315894320.16,7011948561.6,3.8757,47.7016
3416,SZSE.002682,龙洲股份,8.2,7.38,7.62,7.38,7.38,-9.999999999999998,2.926829268292686,141876909,1049543965.56,2023-10-31,25.2288,4150280223.72,4150218231.72,2.392,-26.0372
3417,SZSE.002683,广东宏大,21.5,21.6,21.86,21.37,21.53,0.13953488372093759,2.2790697674418534,3325116,71814414.02,2023-10-31,0.5044,16116563155.46,14192457735.71,2.5946,24.1878
3418,SZSE.002685,华东重机,3.71,3.67,3.7,3.6,3.62,-2.425876010781669,2.695417789757415,30734287,111910973.07,2023-10-31,3.7809,3647840120.42,2942656250.54,1.6866,-13.2368
3419,SZSE.002686,亿利达,6.24,6.24,6.3,6.2,6.24,0.0,1.6025641025640969,4897552,30619919.48,2023-10-31,1.2502,3533332189.92,2444377971.36,2.1461,91.5744
3420,SZSE.002687,乔治白,5.38,5.37,5.53,5.37,5.44,1.115241635687747,2.9739776951672887,20297639,110650170.92,2023-10-31,5.0469,2719739075.84,2187852095.36,1.9049,16.2814
3421,SZSE.002688,金河生物,4.95,4.95,5.01,4.94,4.97,0.40404040404038444,1.414141414141402,8201750,40814380.0,2023-10-31,1.1009,3878699318.06,3702733207.74,1.707,50.9343
3422,SZSE.002689,远大智能,4.07,4.06,4.13,4.05,4.1,0.7371007371007154,1.9656019656019672,13047595,53399047.17,2023-10-31,1.253,4277573972.5,4269429256.9,3.681,-64.4801
3423,SZSE.002690,美亚光电,19.49,19.43,19.62,19.17,19.4,-0.46177526936890256,2.3088763468445324,3860688,74690474.59,2023-10-31,0.894,17118418380.0,8377743859.8,6.6161,23.2478
3424,SZSE.002691,冀凯股份,6.15,6.15,6.21,6.07,6.11,-0.6504065040650375,2.276422764227637,6642592,40775290.72,2023-10-31,1.9785,2077400000.0,2051371015.07,2.3785,-122.067
3425,SZSE.002692,远程股份,3.52,3.52,3.53,3.49,3.53,0.28409090909089496,1.1363636363636247,1822400,6397688.0,2023-10-31,0.2538,2535055380.0,2535055380.0,2.3057,39.5809
3426,SZSE.002693,双成药业,7.19,7.08,7.57,7.08,7.39,2.7816411682892728,6.8150208623087645,28072084,206277993.88,2023-10-31,6.8329,3078903755.1,3036075719.54,5.8615,279.5922
3427,SZSE.002694,顾地科技,6.43,6.43,6.47,6.34,6.38,-0.7776049766718529,2.02177293934681,4590551,29349413.57,2023-10-31,0.8505,4868481024.0,3443725728.74,30.8298,53.2374
3428,SZSE.002695,煌上煌,11.08,11.1,11.1,10.96,11.04,-0.3610108303249149,1.2635379061371732,2775000,30592028.62,2023-10-31,0.5976,6148695774.24,5126462717.28,2.1352,130.2528
3429,SZSE.002696,百洋股份,6.19,6.22,6.26,6.16,6.23,0.646203554119551,1.6155088852988633,4288600,26689578.0,2023-10-31,1.2483,2157836892.26,2140264597.87,1.5026,323.7575
3430,SZSE.002697,红旗连锁,5.2,5.22,5.22,5.14,5.16,-0.7692307692307665,1.5384615384615397,8822996,45588104.0,2023-10-31,0.8188,7017600000.0,5560418064.0,1.7737,13.1012
3431,SZSE.002698,博实股份,13.06,13.01,13.2,12.79,13.11,0.3828483920367498,3.1393568147013795,11093518,144500871.11,2023-10-31,1.3184,13405712843.91,11031189697.74,4.0292,29.6587
3432,SZSE.002699,*ST美盛,1.79,1.76,1.82,1.74,1.81,1.1173184357541999,4.469273743016763,42620882,75810642.14,2023-10-31,4.6864,1646326632.25,1646113504.75,1.3024,-1.9606
3433,SZSE.002700,ST浩源,4.61,4.61,4.8,4.61,4.8,4.121475054229928,4.121475054229924,4095604,19509780.86,2023-10-31,0.9698,2027649024.0,2027022984.0,2.5978,18.7781
3434,SZSE.002701,奥瑞金,4.57,4.54,4.59,4.44,4.47,-2.1881838074398363,3.282275711159725,23234715,104343567.05,2023-10-31,0.9038,11502474148.92,11491784555.16,1.3318,15.7976
3435,SZSE.002702,海欣食品,5.35,5.35,5.38,5.3,5.34,-0.18691588785045843,1.4953271028037398,4162830,22229017.5,2023-10-31,1.0689,2967758400.0,2079662866.5,2.5581,222.5716
3436,SZSE.002703,浙江世宝,14.49,14.4,14.48,13.95,14.1,-2.69151138716357,3.657694962042796,30035087,424943075.83,2023-10-31,5.4307,11133989381.7,7798150610.7,7.7676,221.575
3437,SZSE.002705,新宝股份,16.75,16.74,16.99,16.61,16.78,0.1791044776119577,2.2686567164179046,4520602,76236142.58,2023-10-31,0.5493,13872492148.4,13809409802.34,1.8703,16.2525
3438,SZSE.002706,良信股份,9.8,9.82,9.83,9.42,9.5,-3.0612244897959218,4.183673469387756,14249868,135905775.82,2023-10-31,1.5642,10669687690.0,8654480753.0,2.6521,21.8977
3439,SZSE.002707,众信旅游,6.84,6.83,6.96,6.8,6.89,0.7309941520467822,2.3391812865497097,16868707,115815803.22,2023-10-31,2.0708,6770906577.37,5612597941.08,9.2405,-89.7559
3440,SZSE.002708,光洋股份,7.73,7.7,8.1,7.59,7.95,2.846054333764547,6.597671410090553,56413738,443075574.18,2023-10-31,13.796,3911488054.2,3250859224.5,3.2982,-25.6393
3441,SZSE.002709,天赐材料,28.3,28.06,28.13,27.58,27.81,-1.7314487632508868,1.943462897526504,19881098,552147237.21,2023-10-31,1.4353,53510791152.6,38522400347.61,4.0703,17.23
3442,SZSE.002712,思美传媒,5.57,5.5,5.59,5.37,5.44,-2.333931777378817,3.9497307001795288,14343180,78238178.6,2023-10-31,2.6517,2960862517.12,2942528901.12,1.9071,-7.068
3443,SZSE.002713,东易日盛,7.93,7.93,7.98,7.75,7.88,-0.6305170239596425,2.900378310214381,5441820,42780741.6,2023-10-31,1.3399,3305951402.4,3200246513.52,269.3805,-7.2106
3444,SZSE.002714,牧原股份,37.81,37.89,37.95,37.0,37.76,-0.13224014810897522,2.512562814070359,29489107,1106400188.88,2023-10-31,0.811,206371598215.04,137298818249.6,3.2144,20.8214
3445,SZSE.002715,登云股份,14.98,15.07,15.18,14.81,14.94,-0.2670226969292422,2.469959946595455,1371900,20544225.0,2023-10-31,0.9941,2061720000.0,2061720000.0,5.0945,-23.3603
3446,SZSE.002716,金贵银业,2.7,2.72,2.74,2.71,2.73,1.1111111111111072,1.1111111111111203,16795374,45831144.6,2023-10-31,0.7616,6034607910.24,6020039786.67,3.3213,-67.7293
3447,SZSE.002717,岭南股份,2.96,2.95,2.96,2.9,2.92,-1.3513513513513487,2.027027027027029,20683500,60401514.0,2023-10-31,1.4161,4904015289.72,4264866043.96,1.706,-3.8095
3448,SZSE.002718,友邦吊顶,16.55,16.55,16.69,16.24,16.4,-0.9063444108761476,2.7190332326284157,986200,16195035.0,2023-10-31,1.6031,2155744395.6,1008926228.8,1.9924,29.091
3449,SZSE.002719,麦趣尔,10.46,10.38,10.65,10.32,10.47,0.09560229445506607,3.154875717017209,6465245,67675303.1,2023-10-31,3.994,1823240114.79,1694802928.65,3.7015,-18.4363
3450,SZSE.002721,*ST金一,3.12,3.1,3.27,3.08,3.15,0.9615384615384581,6.089743589743588,7643330,24441323.1,2023-10-31,0.7962,3023766512.55,3023766512.55,-0.8245,-0.8113
3451,SZSE.002722,物产金轮,14.57,14.53,14.67,14.41,14.56,-0.06863417982154729,1.7844886753603277,2323600,33760396.0,2023-10-31,1.3241,3007718575.68,2555090312.32,1.2425,25.4438
3452,SZSE.002723,小崧股份,10.34,10.3,10.3,9.63,9.74,-5.802707930367501,6.479690522243713,9765900,96302773.0,2023-10-31,3.1447,3097386972.24,3024754175.4,2.4675,486.702
3453,SZSE.002724,海洋王,8.84,8.79,8.8,7.96,7.96,-9.954751131221718,9.502262443438923,15534400,126087732.81,2023-10-31,2.7207,6141124032.24,4545001802.96,2.1108,43.8853
3454,SZSE.002725,跃岭股份,10.31,10.36,11.34,10.36,11.34,9.990300678952458,9.505334626576143,11126272,123804014.1,2023-10-31,5.2978,2903040000.0,2381580986.4,2.9444,-61.4923
3455,SZSE.002726,龙大美食,7.46,7.43,7.58,7.43,7.55,1.206434316353877,2.0107238605898172,9226980,69277178.32,2023-10-31,0.857,8147656731.6,8129106381.6,3.4566,-13.0903
3456,SZSE.002727,一心堂,23.14,22.4,22.51,20.9,21.29,-7.994814174589459,6.957649092480565,24475585,522787177.25,2023-10-31,6.1177,12689338718.25,8517626726.32,1.6124,12.4582
3457,SZSE.002728,特一药业,17.15,17.02,18.22,17.02,17.5,2.0408163265306145,6.997084548104953,52075602,917353723.7,2023-10-31,23.2606,5970963477.5,3917885107.5,3.564,22.2034
3458,SZSE.002729,好利科技,20.35,20.02,20.15,19.53,19.73,-3.046683046683052,3.0466830466830337,8607594,170129514.42,2023-10-31,4.9056,3609996521.6,3461899018.03,7.3991,136.648
3459,SZSE.002730,电光科技,8.86,8.9,9.01,8.83,8.86,0.0,2.0316027088036086,3376602,30012158.72,2023-10-31,0.9758,3208027736.8,3065824736.8,2.1049,28.3947
3460,SZSE.002731,萃华珠宝,11.02,11.05,11.35,11.03,11.25,2.0871143375680523,2.9038112522686053,4077700,45892794.0,2023-10-31,1.6755,2881755000.0,2737921702.5,2.0129,27.2585
3461,SZSE.002732,燕塘乳业,21.69,21.5,21.69,20.45,20.66,-4.748732134624256,5.7169202397418255,4450100,92611309.0,2023-10-31,2.8441,3250851000.0,3232630119.6,2.3935,20.5208
3462,SZSE.002733,雄韬股份,14.28,14.3,14.48,14.25,14.37,0.6302521008403339,1.6106442577030842,4829015,69357163.2,2023-10-31,1.3203,5521168299.81,5256045694.08,1.9841,24.2045
3463,SZSE.002734,利民股份,8.19,8.21,8.32,8.19,8.29,1.2210012210012167,1.587301587301597,1629800,13459303.0,2023-10-31,0.5014,3077382331.16,2694896512.23,1.2,49.613
3464,SZSE.002735,王子新材,12.16,12.07,12.34,11.97,12.25,0.7401315789473673,3.0427631578947305,3750323,45455796.82,2023-10-31,1.9604,3693248041.0,2343463024.0,4.343,119.7923
3465,SZSE.002736,国信证券,9.67,9.66,9.71,9.55,9.61,-0.6204756980351611,1.6546018614270956,14804951,142389912.13,2023-10-31,0.162,92375446312.97,87824269765.27,1.1671,14.9001
3466,SZSE.002737,葵花药业,24.49,24.36,24.6,23.95,24.08,-1.6741527153940394,2.6541445487954354,8412205,204189385.94,2023-10-31,1.4404,14062720000.0,14062720000.0,3.1326,11.6288
3467,SZSE.002738,中矿资源,36.17,36.29,37.37,36.01,37.37,3.317666574509248,3.760022117777161,28369533,1042272141.85,2023-10-31,4.2183,26903040661.22,25382522104.04,2.2364,8.1189
3468,SZSE.002739,万达电影,12.45,12.72,12.76,12.41,12.48,0.24096385542169418,2.811244979919676,26823587,337202223.3,2023-10-31,1.2726,27198522748.8,26305826913.6,3.3655,-98.9202
3469,SZSE.002740,*ST爱迪,1.79,1.8,1.87,1.78,1.86,3.9106145251396773,5.027932960893859,11008701,20180932.85,2023-10-31,2.6654,844553603.22,768211461.9,-1.0816,-1.1476
3470,SZSE.002741,光华科技,14.06,14.02,14.24,13.9,14.06,0.0,2.4182076813655753,2019900,28316307.0,2023-10-31,0.5586,5616678156.58,5084183495.38,3.7243,-20.823
3471,SZSE.002742,ST三圣,3.51,3.51,3.51,3.45,3.49,-0.5698005698005604,1.7094017094016984,2594450,9036086.5,2023-10-31,0.6008,1507680000.0,1507184706.18,2.2397,-4.0928
3472,SZSE.002743,富煌钢构,5.73,5.73,5.82,5.7,5.73,0.0,2.094240837696337,5516784,31692442.32,2023-10-31,1.2697,2494088378.94,2489576003.94,0.7825,22.4666
3473,SZSE.002745,木林森,9.23,9.26,9.39,9.19,9.27,0.43336944745393513,2.166847237269784,11870432,110035557.02,2023-10-31,1.201,13758222518.73,9162208430.73,1.0107,91.5902
3474,SZSE.002746,仙坛股份,7.32,7.32,7.36,7.23,7.28,-0.5464480874316946,1.7759562841530039,7284969,53126866.73,2023-10-31,1.0265,6264721932.56,5166442932.56,1.3542,21.3954
3475,SZSE.002747,埃斯顿,19.56,19.39,19.51,18.68,18.8,-3.885480572597122,4.243353783231093,19902418,376151612.0,2023-10-31,2.5297,16347191316.4,14791136466.4,5.9689,87.7377
3476,SZSE.002748,世龙实业,9.41,9.41,9.63,9.3,9.56,1.5940488841657885,3.506907545164719,7334300,69718614.0,2023-10-31,3.056,2294400000.0,2294400000.0,1.723,39.0749
3477,SZSE.002749,国光股份,10.83,10.83,10.87,10.76,10.85,0.1846722068328699,1.0156971375807888,928638,10045263.54,2023-10-31,0.232,4718561252.3,4342475058.6,2.8999,27.3185
3478,SZSE.002750,龙津药业,10.44,10.4,11.48,10.2,11.48,9.961685823754806,12.260536398467444,39982602,441887644.3,2023-10-31,10.0273,4597740000.0,4577491587.48,8.2635,-57.8756
3479,SZSE.002752,昇兴股份,5.24,5.25,5.35,5.17,5.22,-0.3816793893129833,3.4351145038167887,9383870,49261226.35,2023-10-31,0.9621,5099514402.96,5091372048.6,1.6841,18.3857
3480,SZSE.002753,永东股份,7.72,7.85,7.85,7.53,7.6,-1.5544041450777257,4.145077720207246,24697467,189884811.32,2023-10-31,10.1721,2855210932.4,1845242190.0,1.2745,63.358
3481,SZSE.002755,奥赛康,10.21,10.34,11.0,9.86,10.49,2.7424094025465084,11.165523996082277,26871439,282557114.42,2023-10-31,2.8952,9736402081.99,9736310032.24,3.4753,-28.4492
3482,SZSE.002756,永兴材料,49.89,50.5,51.56,49.75,49.95,0.12026458208058699,3.627981559430752,15660783,790354955.23,2023-10-31,4.053,26928121923.0,19300703976.0,2.1108,5.2782
3483,SZSE.002757,南兴股份,15.08,15.37,15.37,14.59,14.68,-2.652519893899208,5.172413793103444,25263706,374589967.88,2023-10-31,8.957,4337292802.84,4140551560.28,1.8252,13.3474
3484,SZSE.002758,浙农股份,10.84,10.87,10.92,10.77,10.84,0.0,1.3837638376383796,1614653,17484282.81,2023-10-31,0.6808,5664071261.16,2570994875.16,1.292,12.8365
3485,SZSE.002759,天际股份,11.7,11.67,11.72,11.46,11.55,-1.2820512820512664,2.2222222222222205,2969050,34278999.5,2023-10-31,0.733,4718782148.85,4678454030.25,1.2503,505.6453
3486,SZSE.002760,凤形股份,23.08,23.0,24.18,23.0,23.75,2.902946273830165,5.11265164644714,3259900,77136593.0,2023-10-31,3.7052,2564731767.5,2089547087.5,2.7051,-4389.2745
3487,SZSE.002761,浙江建投,12.04,12.02,12.09,11.87,11.93,-0.9136212624584639,1.8272425249169488,14540145,173868702.21,2023-10-31,1.3446,12900387369.14,12900387369.14,1.9534,27.4685
3488,SZSE.002762,金发拉比,8.76,8.76,8.96,8.69,8.83,0.7990867579908745,3.0821917808219332,8464100,74595379.52,2023-10-31,4.0748,3126040750.0,1834157030.49,3.6275,-33.1149
3489,SZSE.002763,汇洁股份,8.32,8.34,8.43,8.3,8.37,0.6009615384615197,1.562499999999988,2898590,24247987.4,2023-10-31,1.6768,3431063880.0,1446879003.75,1.673,18.7417
3490,SZSE.002765,蓝黛科技,7.39,7.26,7.54,7.26,7.34,-0.6765899864682012,3.788903924221925,30924214,228378371.59,2023-10-31,6.5883,4817705080.6,3445262235.84,1.7086,47.236
3491,SZSE.002766,索菱股份,5.41,5.41,5.57,5.37,5.41,0.0,3.6968576709796706,16229600,88529735.0,2023-10-31,1.9235,4594592898.0,4564720149.35,6.6171,179.8906
3492,SZSE.002767,先锋电子,14.85,14.84,14.84,14.45,14.68,-1.1447811447811485,2.62626262626263,5153700,75261004.0,2023-10-31,3.9595,2202000000.0,1910754980.28,2.6625,61.9486
3493,SZSE.002768,国恩股份,20.88,21.05,21.18,20.94,21.05,0.8141762452107404,1.1494252873563144,1765900,37193604.16,2023-10-31,0.9991,5709812500.0,3720548031.25,1.3027,11.2687
3494,SZSE.002769,普路通,8.56,8.55,8.64,8.52,8.59,0.3504672897196137,1.4018691588785164,3441169,29542192.9,2023-10-31,1.0408,3206802083.86,2839961589.75,2.4476,-21.3392
3495,SZSE.002771,真视通,29.36,28.8,30.0,27.01,27.4,-6.675749318801094,10.183923705722066,64485757,1837635743.32,2023-10-31,37.75,5747536340.0,4680560612.0,8.7016,-120.5675
3496,SZSE.002772,众兴菌业,8.16,8.16,8.18,8.02,8.05,-1.3480392156862697,1.960784313725492,6649111,53728439.07,2023-10-31,1.7121,3163116220.6,3126207252.35,0.9419,14.6779
3497,SZSE.002773,康弘药业,17.6,17.51,18.07,17.4,17.76,0.9090909090909038,3.806818181818191,31184007,552896749.52,2023-10-31,4.5323,16329679823.04,12219467323.2,2.1534,16.8812
3498,SZSE.002774,快意电梯,8.06,7.96,8.18,7.78,7.85,-2.6054590570719682,4.962779156327537,4429600,34923414.0,2023-10-31,1.572,2643000015.0,2211998002.25,2.1727,21.3737
3499,SZSE.002775,文科股份,3.9,3.89,3.92,3.86,3.92,0.512820512820511,1.5384615384615399,4921400,19183978.0,2023-10-31,1.1026,2402046847.76,1749598202.24,7.4097,-7.1457
3500,SZSE.002776,*ST柏龙,1.15,1.12,1.21,1.1,1.21,5.21739130434784,9.565217391304339,59046110,69385121.57,2023-10-31,10.9753,650966818.26,650966818.26,-0.9455,-0.8254
3501,SZSE.002777,久远银海,24.15,24.85,26.0,24.14,25.31,4.803312629399592,7.701863354037266,27499662,694144027.74,2023-10-31,6.8848,10332327571.78,10109463429.29,6.3924,59.6206
3502,SZSE.002778,中晟高科,13.53,13.59,13.75,13.52,13.62,0.6651884700665134,1.699926090169996,1429201,19523958.72,2023-10-31,1.1579,1699139946.0,1681134169.8,3.0551,-41.9818
3503,SZSE.002779,中坚科技,19.48,19.61,19.68,19.18,19.41,-0.35934291581108946,2.5667351129363447,706700,13707710.0,2023-10-31,0.5967,2562120000.0,2298814130.25,3.6666,54.8384
3504,SZSE.002780,三夫户外,12.22,12.15,12.29,12.09,12.17,-0.40916530278233276,1.6366612111292904,2911355,35490992.45,2023-10-31,2.2283,1917839704.62,1590043772.78,2.8876,148.2726
3505,SZSE.002782,可立克,14.06,13.91,14.68,13.87,14.28,1.5647226173541862,5.761024182076817,27729044,396856620.01,2023-10-31,5.6833,7038303737.64,6967241459.64,3.8421,40.4115
3506,SZSE.002783,凯龙股份,9.42,9.38,9.78,9.31,9.55,1.3800424628450214,4.989384288747334,26580382,252628284.94,2023-10-31,7.7355,3736330864.7,3281544040.35,2.3982,25.8635
3507,SZSE.002785,万里石,26.63,26.48,27.06,26.41,26.65,0.07510326699211589,2.4408561772437047,2380200,63495853.0,2023-10-31,1.4181,6048609121.75,4472930083.7,5.9726,-200.0008
3508,SZSE.002786,银宝山新,7.1,7.01,7.03,6.53,6.68,-5.915492957746482,7.042253521126761,48883252,330147022.48,2023-10-31,9.8932,3310688160.0,3300668160.0,34.7297,-11.6935
3509,SZSE.002787,华源控股,8.7,8.64,8.92,8.64,8.75,0.5747126436781658,3.218390804597694,5530500,48576728.0,2023-10-31,2.3873,2764851267.5,2027084211.25,1.9507,-243.6551
3510,SZSE.002788,鹭燕医药,9.55,9.45,9.77,9.45,9.58,0.3141361256544517,3.3507853403141388,11131671,107056199.75,2023-10-31,2.9258,3721990330.88,3644833192.9,1.3058,10.4471
3511,SZSE.002789,建艺集团,14.59,14.59,14.72,14.33,14.41,-1.2337217272104128,2.673063742289243,1211610,17457687.1,2023-10-31,0.9385,2300174836.74,1860276717.53,11.8492,160.4304
3512,SZSE.002790,瑞尔特,11.48,11.36,11.5,10.82,11.1,-3.310104529616731,5.923344947735189,11194473,123847093.86,2023-10-31,4.2942,4638382530.0,2893606974.3,2.2781,19.9388
3513,SZSE.002791,坚朗五金,48.69,48.81,49.21,48.26,49.02,0.6777572396796216,1.9511193263503857,2879828,140850789.3,2023-10-31,1.7545,15761890800.0,8046223928.1,3.1772,76.7217
3514,SZSE.002792,通宇通讯,20.0,19.95,19.97,18.7,19.05,-4.749999999999998,6.349999999999997,29678923,573468669.44,2023-10-31,12.3692,7659185202.3,4570900662.6,2.7435,108.952
3515,SZSE.002793,罗欣药业,5.81,5.84,6.14,5.81,5.96,2.581755593803803,5.6798623063683324,46078700,275895597.1,2023-10-31,4.2432,6482027376.56,6472192530.24,2.1967,-6.7684
3516,SZSE.002795,永和智控,8.61,8.5,8.65,8.43,8.48,-1.5098722415795462,2.555168408826953,8706492,73991277.08,2023-10-31,2.0199,3779994581.44,3655230546.24,4.2775,-39.1844
3517,SZSE.002796,世嘉科技,12.54,12.39,12.5,12.1,12.22,-2.551834130781483,3.189792663476877,13206859,161700690.0,2023-10-31,5.6966,3084657304.56,2833033268.26,3.78,-123.0676
3518,SZSE.002797,第一创业,5.85,5.85,5.9,5.82,5.85,0.0,1.3675213675213687,29653442,173549593.52,2023-10-31,0.7176,24584040000.0,24174540000.0,1.6628,63.3078
3519,SZSE.002798,帝欧家居,6.46,6.46,6.52,6.38,6.48,0.3095975232198178,2.167182662538695,3425293,22104285.15,2023-10-31,1.1698,2494635297.84,1897423036.56,0.9982,-2.114
3520,SZSE.002799,环球印务,10.39,10.36,10.48,10.35,10.44,0.48123195380171957,1.2512030798845117,2836664,29550157.84,2023-10-31,0.8864,3341217600.0,3341173752.0,2.0584,65.93
3521,SZSE.002800,ST天顺,16.03,16.05,16.52,16.04,16.36,2.058640049906413,2.9943855271366213,1523060,24863257.2,2023-10-31,1.5053,1779185844.76,1655329340.0,3.1045,-2648.6936
3522,SZSE.002801,微光股份,21.24,21.14,21.32,20.51,20.65,-2.777777777777779,3.813559322033892,755349,15701293.87,2023-10-31,0.6523,4741900800.0,2391325755.0,2.9552,17.0958
3523,SZSE.002802,洪汇新材,12.99,12.9,13.19,12.78,12.89,-0.7698229407236301,3.1562740569668986,2628429,34077028.05,2023-10-31,1.4517,2349872651.1,2333904287.08,3.5958,38.2955
3524,SZSE.002803,吉宏股份,20.48,20.5,20.68,20.08,20.41,-0.341796875,2.929687500000007,11787583,239366595.14,2023-10-31,4.1433,7858039568.08,5806540153.83,3.4794,25.68
3525,SZSE.002805,丰元股份,18.04,17.73,18.06,17.51,17.86,-0.9977827050997812,3.0487804878048625,10223144,182134962.24,2023-10-31,4.7428,5001916392.88,3849719928.08,2.1758,-33.4696
3526,SZSE.002806,华锋股份,11.59,11.61,11.83,11.56,11.65,0.5176876617773996,2.3295944779982705,3717800,43483179.6,2023-10-31,2.4951,2206638779.1,1735897706.75,2.0048,-46.9366
3527,SZSE.002807,江阴银行,3.62,3.63,3.67,3.62,3.67,1.3812154696132506,1.3812154696132548,28258617,102934348.69,2023-10-31,1.3027,7971433442.03,7960800963.92,0.5457,4.5421
3528,SZSE.002808,ST恒久,5.74,5.77,5.8,5.7,5.73,-0.17421602787456303,1.7421602787456383,3479820,20006644.2,2023-10-31,1.8686,1540224000.0,1067066952.27,4.24,-31.6035
3529,SZSE.002809,红墙股份,10.73,10.72,10.74,10.42,10.48,-2.329916123019571,2.982292637465054,4582592,48245841.61,2023-10-31,3.3315,2203181600.96,1441554119.52,1.3993,23.7123
3530,SZSE.002810,山东赫达,16.79,16.81,16.97,16.8,16.94,0.8933889219773894,1.012507444907672,3423935,57842428.07,2023-10-31,1.0851,5799053937.6,5345472038.06,2.8745,20.8989
3531,SZSE.002811,郑中设计,8.7,8.7,8.89,8.7,8.84,1.6091954022988464,2.1839080459770264,2618500,23090411.0,2023-10-31,1.0593,2404861605.12,2185158830.92,2.1827,-21.8412
3532,SZSE.002812,恩捷股份,67.54,66.67,67.47,65.6,67.0,-0.7995262066923359,2.7687296416938176,26766999,1776484000.28,2023-10-31,3.5929,65509449660.0,49915067000.0,2.4369,22.3733
3533,SZSE.002813,路畅科技,33.58,33.4,33.59,32.65,32.72,-2.5610482430017845,2.7992852888624324,1010600,33278391.0,2023-10-31,0.8558,3926400000.0,3863680209.92,10.4966,-211.7689
3534,SZSE.002815,崇达技术,10.14,10.1,10.21,10.01,10.08,-0.591715976331364,1.9723865877712137,9143959,92347713.92,2023-10-31,1.4295,11004863708.16,6447767447.52,1.5833,20.3248
3535,SZSE.002816,*ST和科,12.22,11.66,12.29,11.66,12.08,-1.1456628477905073,5.155482815057274,1748900,21062036.0,2023-10-31,1.7489,1208000000.0,1208000000.0,3.7684,-18.878
3536,SZSE.002817,黄山胶囊,8.64,8.7,8.8,8.58,8.71,0.810185185185186,2.5462962962963034,5096114,44470271.82,2023-10-31,1.757,2605145060.7,2526242259.45,2.9233,38.3851
3537,SZSE.002818,富森美,13.56,13.51,13.66,13.44,13.56,0.0,1.6224188790560516,2052340,27779796.2,2023-10-31,0.6879,10149103226.4,4045882365.36,1.7681,12.7872
3538,SZSE.002819,东方中科,24.84,24.6,24.94,24.19,24.46,-1.5297906602254385,3.0193236714975846,1617415,39559509.8,2023-10-31,0.6905,7340826866.66,5729603372.46,1.6584,9.1881
3539,SZSE.002820,桂发祥,10.31,10.46,10.69,10.45,10.58,2.6188166828321924,2.3278370514064033,8978814,95116463.26,2023-10-31,4.4819,2125186561.1,2119550415.24,2.1597,56.6739
3540,SZSE.002821,凯莱英,164.0,160.01,161.33,149.01,150.95,-7.957317073170733,7.512195121951233,12667345,1949012617.24,2023-10-31,3.8601,55799479761.95,49535720753.35,3.2007,19.9941
3541,SZSE.002822,中装建设,4.18,4.17,4.36,4.15,4.24,1.435406698564612,5.0239234449760755,25056600,105898891.0,2023-10-31,3.8143,3025744314.08,2785332341.2,0.9147,-40.3673
3542,SZSE.002823,凯中精密,12.74,12.6,12.7,12.22,12.35,-3.0612244897959218,3.7676609105180425,10650935,131857051.31,2023-10-31,6.2578,3545757827.95,2102016226.05,2.6977,98.5081
3543,SZSE.002824,和胜股份,17.39,17.31,17.56,17.18,17.38,-0.057504312823475345,2.185163887291541,2257109,39099549.65,2023-10-31,1.1933,4865405672.82,3287531106.2,2.9638,28.9683
3544,SZSE.002825,纳尔股份,7.81,7.81,7.87,7.73,7.78,-0.3841229193341733,1.792573623559535,2228638,17348979.1,2023-10-31,0.8628,2662383491.5,2009637469.24,1.9531,118.577
3545,SZSE.002826,易明医药,11.78,11.83,12.0,11.71,11.85,0.5942275042444933,2.4617996604414194,7972214,94762318.58,2023-10-31,4.5288,2259531337.5,2085979899.15,2.9976,48.3035
3546,SZSE.002827,高争民爆,17.58,17.6,18.87,17.09,18.78,6.825938566552914,10.125142207053477,26043462,472424917.32,2023-10-31,9.4361,5183280000.0,5183258872.5,6.3981,53.8022
3547,SZSE.002828,贝肯能源,11.53,11.35,11.42,11.18,11.3,-1.9947961838681638,2.0815264527320054,22940660,258888074.7,2023-10-31,11.8842,2271159880.0,2181287092.8,3.691,-27.9957
3548,SZSE.002829,星网宇达,27.52,27.55,28.32,27.52,27.86,1.2354651162790775,2.9069767441860495,5124549,143182882.22,2023-10-31,3.573,5789569716.84,3995836435.92,2.9024,26.007
3549,SZSE.002830,名雕股份,13.83,13.9,14.14,13.83,13.94,0.7953723788864719,2.241503976861898,1296500,18116159.55,2023-10-31,1.9393,1858759600.0,931923850.0,2.8272,89.1054
3550,SZSE.002831,裕同科技,26.12,26.12,26.35,26.0,26.26,0.535987748851463,1.3399693721286423,1807288,47286294.16,2023-10-31,0.3473,24435285901.78,13664717464.32,2.3107,16.8031
3551,SZSE.002832,比音勒芬,33.84,33.76,33.92,33.1,33.66,-0.5319148936170359,2.423167848699764,1808762,60566371.32,2023-10-31,0.4645,19210000447.44,13107819439.44,4.0539,21.0612
3552,SZSE.002833,弘亚数控,18.45,18.59,18.78,17.94,18.04,-2.2222222222222254,4.5528455284552845,7052426,128781669.9,2023-10-31,2.7617,7653112898.2,4606862604.96,2.8279,13.9633
3553,SZSE.002835,同为股份,16.62,16.68,16.89,16.56,16.67,0.30084235860410313,1.9855595667870145,2404500,40163984.0,2023-10-31,1.8891,3658963829.77,2121815978.34,3.7297,26.7561
3554,SZSE.002836,新宏泽,8.15,8.15,8.22,8.04,8.12,-0.36809815950921143,2.208588957055233,2900248,23526274.32,2023-10-31,1.2588,1870848000.0,1870848000.0,5.1437,900.8944
3555,SZSE.002837,英维克,26.55,26.48,26.68,25.41,25.6,-3.5781544256120457,4.7834274952919005,9161848,236135503.07,2023-10-31,1.8907,14524941798.4,12405366886.4,6.2407,38.8721
3556,SZSE.002838,道恩股份,13.51,13.58,13.65,13.46,13.57,0.4441154700222105,1.4063656550703147,2457000,33307009.0,2023-10-31,0.6338,6079165799.73,5260946474.29,2.0464,48.1064
3557,SZSE.002839,张家港行,4.2,4.19,4.24,4.18,4.21,0.23809523809523725,1.4285714285714404,27686862,116281526.2,2023-10-31,1.3373,9134227447.25,8716083654.39,0.6447,5.042
3558,SZSE.002840,华统股份,17.38,17.19,17.48,16.7,16.78,-3.4522439585730647,4.487917146145001,7755150,132013884.48,2023-10-31,1.6761,10284780383.72,7763981391.72,4.4951,-32.5573
3559,SZSE.002841,视源股份,43.05,43.12,43.25,41.89,41.99,-2.4622531939604952,3.1591173054587673,4128302,174854869.97,2023-10-31,0.8556,29445027499.55,20260860822.67,2.3808,19.1054
3560,SZSE.002842,翔鹭钨业,8.52,8.52,8.62,8.48,8.53,0.11737089201877549,1.6431924882628968,2383700,20350298.0,2023-10-31,1.1036,2356332531.25,1842465601.36,2.8123,-22.6999
3561,SZSE.002843,泰嘉股份,24.77,24.5,25.0,23.3,24.77,0.0,6.863140896245455,11938252,287299224.69,2023-10-31,5.6399,6232417251.32,5243230001.25,4.4287,45.4684
3562,SZSE.002845,同兴达,18.12,18.13,18.35,17.63,17.77,-1.9315673289183266,3.9735099337748476,12953880,232235228.2,2023-10-31,5.7939,5820593797.85,3973012743.91,2.1799,-81.7208
3563,SZSE.002846,英联股份,10.2,10.1,10.25,9.99,10.06,-1.3725490196078272,2.5490196078431353,3494502,35274893.5,2023-10-31,1.4491,4225135978.16,2425968818.92,2.9493,-134.973
3564,SZSE.002847,盐津铺子,78.47,78.99,79.33,77.3,78.85,0.4842615012106588,2.586975914362178,931238,73010226.25,2023-10-31,0.5364,15459369242.25,13689448603.1,11.3432,32.292
3565,SZSE.002848,高斯贝尔,11.05,11.05,11.34,10.92,11.03,-0.18099547511313263,3.8009049773755645,7956800,88477680.0,2023-10-31,4.9085,1843664500.0,1787972585.07,9.245,-32.434
3566,SZSE.002849,威星智能,19.4,19.44,19.56,18.43,18.71,-3.5567010309278224,5.824742268041232,13392971,252180144.92,2023-10-31,7.1184,4128062439.36,3520188459.6,3.1699,62.8642
3567,SZSE.002850,科达利,91.71,90.97,92.5,89.64,90.83,-0.9595463962490447,3.1185257878093986,3115877,282591062.93,2023-10-31,1.9671,24495127228.26,14390644782.73,2.4822,22.2146
3568,SZSE.002851,麦格米特,28.77,28.25,28.25,25.89,25.9,-9.97566909975669,8.202989224887034,14867236,386970736.63,2023-10-31,3.5927,12974098784.5,10717865661.3,3.1976,19.9301
3569,SZSE.002852,道道全,11.2,11.14,11.27,11.11,11.19,-0.08928571428571397,1.42857142857143,3869357,43330447.52,2023-10-31,1.3975,3849005332.95,3098363739.6,1.8249,-35.4295
3570,SZSE.002853,皮阿诺,14.78,14.88,14.98,14.28,14.49,-1.9621109607577791,4.7361299052774095,1398442,20365741.88,2023-10-31,1.0574,2703004418.52,1916430620.58,2.0379,26.0318
3571,SZSE.002855,捷荣技术,36.05,34.04,34.71,32.91,33.0,-8.46047156726768,4.9930651872399565,35860678,1209967353.36,2023-10-31,14.5706,8131849506.0,8121848460.0,8.3681,-51.4639
3572,SZSE.002856,美芝股份,10.91,10.85,11.03,10.75,10.85,-0.5499541704858002,2.566452795600361,3423420,37181555.4,2023-10-31,2.9389,1468143966.8,1263882409.3,2.8454,-9.3542
3573,SZSE.002857,三晖电气,18.05,18.25,18.29,17.99,18.08,0.16620498614956514,1.6620498614958488,562500,10184554.0,2023-10-31,0.4395,2314240000.0,2314240000.0,4.4422,356.6216
3574,SZSE.002858,力盛体育,16.28,16.16,16.6,15.53,15.91,-2.272727272727282,6.5724815724815855,12227900,195882118.0,2023-10-31,8.373,2569454467.58,2323488651.83,3.4569,-73.9766
3575,SZSE.002859,洁美科技,27.93,27.99,28.22,27.52,27.79,-0.5012531328320802,2.5062656641603986,1944900,54103601.0,2023-10-31,0.4868,12027987514.69,11102674083.62,4.2725,63.7925
3576,SZSE.002860,星帅尔,13.14,13.1,13.16,12.92,13.01,-0.9893455098934578,1.8264840182648419,3304647,43051990.81,2023-10-31,1.4515,3987760631.37,2683646466.7,2.5735,20.6896
3577,SZSE.002861,瀛通通讯,12.62,12.62,12.79,12.43,12.6,-0.15847860538826808,2.8526148969889022,6093061,76810891.46,2023-10-31,5.1022,1959947791.2,1504697166.0,2.2204,-15.7245
3578,SZSE.002862,实丰文化,16.2,16.13,16.36,15.9,16.29,0.5555555555555536,2.8395061728395006,1790700,28961026.32,2023-10-31,1.9858,1954800000.0,1468984682.07,4.2137,-33.9252
3579,SZSE.002863,今飞凯达,6.13,6.15,6.18,6.05,6.1,-0.4893964110929905,2.1207177814029348,10107338,61666150.8,2023-10-31,2.0261,3043092341.7,3043092341.7,1.4379,27.6441
3580,SZSE.002864,盘龙药业,39.82,39.82,42.57,39.17,41.71,4.746358613761936,8.538422903063783,11062295,452689172.59,2023-10-31,17.1159,4432978841.6,2695793796.14,2.908,41.3145
3581,SZSE.002865,钧达股份,88.97,89.86,91.58,86.65,87.31,-1.8657974598179083,5.5411936607845265,7213764,637552645.86,2023-10-31,3.7045,19853816065.06,17001637943.7,3.6099,10.2086
3582,SZSE.002866,传艺科技,20.0,19.96,20.15,19.6,19.77,-1.1500000000000066,2.749999999999986,4552000,90318381.0,2023-10-31,2.5203,5723855001.12,3570675140.37,2.7123,64.4042
3583,SZSE.002867,周大生,15.02,15.05,15.32,14.61,14.76,-1.7310252996005304,4.72703062583223,17002730,252097549.89,2023-10-31,1.5691,16175871671.4,15993607132.44,2.6258,12.8869
3584,SZSE.002868,绿康生化,25.34,25.33,25.53,24.99,25.2,-0.5524861878453025,2.1310181531176116,797298,20052149.48,2023-10-31,0.5218,3916479092.4,3850338441.6,7.6594,-27.9266
3585,SZSE.002869,金溢科技,21.61,21.0,21.6,20.28,20.55,-4.905136510874586,6.1082832022211955,19741405,410877499.56,2023-10-31,12.8176,3689882807.55,3165069735.6,1.7569,112.9526
3586,SZSE.002870,香山股份,37.48,37.76,38.18,36.88,37.17,-0.8271077908217572,3.4685165421558093,4081300,152741648.0,2023-10-31,3.7006,4909251390.12,4099352178.6,3.3389,35.0392
3587,SZSE.002871,伟隆股份,10.7,10.7,10.75,10.61,10.71,0.09345794392525697,1.3084112149532765,1246353,13327293.84,2023-10-31,1.0501,2351276527.32,1271189477.88,3.0036,21.1923
3588,SZSE.002872,ST天圣,5.01,5.03,5.03,4.99,5.02,0.1996007984031989,0.7984031936127752,758227,3796761.54,2023-10-31,0.3529,1596360000.0,1078726761.18,0.7597,-14.5379
3589,SZSE.002873,新天药业,12.45,12.46,12.64,12.35,12.54,0.7228915662650603,2.329317269076313,5777818,72580640.66,2023-10-31,2.5802,2902870680.6,2808061145.34,2.4703,30.7694
3590,SZSE.002875,安奈儿,11.59,11.56,11.74,11.47,11.6,0.08628127696290733,2.3295944779982705,2654475,30929827.0,2023-10-31,1.5345,2470856515.2,2006633609.6,2.9209,-15.6737
3591,SZSE.002876,三利谱,31.72,31.71,32.2,31.23,31.32,-1.261034047919285,3.0580075662042954,3408766,107894556.44,2023-10-31,2.2919,5446076070.24,4658329994.04,2.3179,70.1542
3592,SZSE.002877,智能自控,9.64,9.6,9.72,9.52,9.61,-0.3112033195020847,2.0746887966805088,4227536,40624858.24,2023-10-31,2.0278,3397038602.09,2003437023.56,3.0852,29.771
3593,SZSE.002878,元隆雅图,15.3,15.3,16.02,15.29,15.95,4.24836601307188,4.771241830065362,9935660,157022703.02,2023-10-31,5.0902,3559574913.95,3113295110.2,3.7248,114.1042
3594,SZSE.002879,长缆科技,14.69,14.6,14.92,14.42,14.51,-1.2253233492171556,3.4036759700476518,1889875,27527601.45,2023-10-31,1.4092,2801991856.4,1945973071.48,1.6236,73.5885
3595,SZSE.002880,卫光生物,34.75,34.82,35.18,34.64,35.0,0.7194244604316502,1.5539568345323715,900310,31449721.4,2023-10-31,0.397,7938000000.0,7938000000.0,4.0777,40.5176
3596,SZSE.002881,美格智能,27.48,27.1,27.3,26.11,26.27,-4.403202328966527,4.330422125181955,5010219,133026776.68,2023-10-31,2.7194,6868821733.68,4839934729.38,4.631,92.7118
3597,SZSE.002882,金龙羽,15.69,15.48,15.8,15.36,15.53,-1.0197578075207159,2.8043339706819714,11952302,186080721.78,2023-10-31,4.8483,6722937000.0,3828533250.0,3.1947,31.3479
3598,SZSE.002883,中设股份,11.51,11.47,11.58,11.47,11.55,0.3475238922675983,0.9556907037358768,1737968,20033179.6,2023-10-31,1.2836,1803615267.3,1563835962.15,2.725,39.9031
3599,SZSE.002884,凌霄泵业,16.25,16.25,16.59,16.05,16.53,1.7230769230769383,3.3230769230769175,1483370,24349841.7,2023-10-31,0.5433,5912491873.77,4513187767.89,2.7709,16.1123
3600,SZSE.002885,京泉华,18.24,18.08,18.31,17.46,17.61,-3.453947368421051,4.660087719298234,11753063,208793361.69,2023-10-31,5.2073,4795843264.38,3974655434.94,3.3265,47.9013
3601,SZSE.002886,沃特股份,20.1,19.88,20.18,19.23,19.41,-3.43283582089553,4.726368159203976,12280540,240774298.9,2023-10-31,7.1496,5108781196.65,3333970839.48,2.8886,582.939
3602,SZSE.002887,绿茵生态,8.47,8.48,8.55,8.44,8.52,0.590318772136933,1.298701298701313,2171820,18474587.4,2023-10-31,1.3124,2658240000.0,1409912476.2,1.2068,34.3525
3603,SZSE.002888,惠威科技,15.77,15.63,15.67,15.2,15.45,-2.029169308814205,2.9803424223208665,5064100,78183258.2,2023-10-31,6.6985,2311500456.0,1168028126.7,5.7861,-150.2139
3604,SZSE.002889,东方嘉盛,26.0,27.0,28.6,26.2,28.6,10.000000000000009,9.230769230769239,22084898,612961992.19,2023-10-31,17.6145,5518661720.0,3585843833.0,2.507,35.3056
3605,SZSE.002890,弘宇股份,13.82,13.74,14.05,13.71,13.88,0.4341534008683201,2.460202604920404,1500340,20886384.24,2023-10-31,1.2078,1813744016.0,1724154501.12,3.1055,80.9416
3606,SZSE.002891,中宠股份,24.28,24.25,24.72,24.05,24.51,0.9472817133443279,2.7594728171334357,6109762,149637611.64,2023-10-31,2.0774,7208733894.9,7208505951.9,3.3257,42.9002
3607,SZSE.002892,科力尔,13.89,13.84,14.08,13.35,13.55,-2.4478041756659463,5.255579553635712,26032852,356717789.4,2023-10-31,9.4487,6018225792.75,3733253656.25,4.7489,97.4094
3608,SZSE.002893,京能热力,10.96,10.88,11.04,10.85,10.91,-0.45620437956205295,1.733576642335762,3535089,38644203.37,2023-10-31,1.7519,2212548000.0,2201529390.95,3.215,50.9621
3609,SZSE.002895,川恒股份,18.76,18.63,18.97,18.6,18.69,-0.3731343283582156,1.9722814498933765,5440123,101809442.73,2023-10-31,1.0966,9378345744.81,9271952919.81,2.072,14.2199
3610,SZSE.002896,中大力德,37.63,37.15,37.98,36.26,36.62,-2.6840287005049257,4.5708211533351015,8254200,303901258.0,2023-10-31,5.4602,5535892456.7,5535892456.7,5.0483,68.28
3611,SZSE.002897,意华股份,37.12,36.6,37.68,35.53,35.6,-4.094827586206884,5.792025862068962,6780344,245290932.4,2023-10-31,4.1537,6075923200.0,5811181557.2,3.4836,54.9942
3612,SZSE.002898,赛隆药业,13.99,14.8,15.39,14.68,15.39,10.007147962830597,5.075053609721236,6280820,95574558.8,2023-10-31,6.2025,2708640000.0,1558430813.79,5.1042,-78.0921
3613,SZSE.002899,英派斯,15.5,15.66,16.11,15.65,15.86,2.3225806451612874,2.9677419354838652,4349700,69184104.6,2023-10-31,3.6248,1903200000.0,1903200000.0,1.5533,17.5044
3614,SZSE.002900,哈三联,13.65,13.6,14.13,13.56,14.06,3.003663003663015,4.175824175824178,7789262,108427064.98,2023-10-31,4.558,4450834303.0,2402723677.86,2.0952,64.5079
3615,SZSE.002901,大博医疗,38.7,37.13,39.68,37.13,39.08,0.9819121447028234,6.589147286821698,5731517,221819091.38,2023-10-31,1.6346,16179882294.48,13702776680.92,5.2232,-715.513
3616,SZSE.002902,铭普光磁,24.72,24.81,25.09,24.01,24.2,-2.1035598705501646,4.368932038834945,14503512,354302179.79,2023-10-31,9.702,5118784000.0,3617638712.6,4.8702,-210.1456
3617,SZSE.002903,宇环数控,18.97,19.1,20.26,19.01,19.89,4.849762783342126,6.589351607801793,7642224,150702393.36,2023-10-31,7.6906,3027954150.0,1976493824.37,3.8698,74.6885
3618,SZSE.002905,金逸影视,9.43,9.85,9.96,9.56,9.65,2.332979851537642,4.241781548250269,11335888,109948938.76,2023-10-31,3.244,3631488000.0,3372096000.0,15.9436,-295.0978
3619,SZSE.002906,华阳集团,34.2,34.12,34.12,33.14,33.29,-2.660818713450308,2.8654970760233827,7194365,240592538.08,2023-10-31,1.5068,17444485682.39,15895002998.58,3.0087,42.4576
3620,SZSE.002907,华森制药,16.73,16.6,17.18,16.45,16.9,1.0161386730424216,4.363419007770474,11763489,198568505.97,2023-10-31,3.8084,7057377706.6,5220166724.5,4.3277,100.3486
3621,SZSE.002908,德生科技,10.8,10.8,10.83,10.47,10.61,-1.7592592592592715,3.3333333333333277,10136819,107426659.0,2023-10-31,3.2843,4577494453.68,3279428687.92,3.9764,44.757
3622,SZSE.002909,集泰股份,7.88,7.87,7.93,7.78,7.8,-1.0152284263959421,1.903553299492379,4213700,33002283.0,2023-10-31,1.1648,2907469125.6,2821751626.2,3.39,144.265
3623,SZSE.002910,庄园牧场,10.78,10.78,10.86,10.7,10.79,0.09276437847867136,1.4842300556586285,1692800,18220080.0,2023-10-31,0.9896,2109869554.13,1845758440.5,1.5858,160.2403
3624,SZSE.002911,佛燃能源,12.07,12.04,12.14,11.9,11.96,-0.9113504556752194,1.988400994200499,1792423,21447973.39,2023-10-31,0.1884,11713729248.0,11381089810.48,2.9469,17.0332
3625,SZSE.002912,中新赛克,29.34,29.48,29.5,28.36,28.59,-2.556237218813906,3.885480572597139,2650354,76125232.7,2023-10-31,1.6338,4881799680.0,4637927294.49,2.9915,92.269
3626,SZSE.002913,奥士康,30.35,31.07,32.78,31.06,31.34,3.261943986820426,5.667215815486005,6320080,200329527.97,2023-10-31,2.3767,9946078195.36,8333975077.66,2.3548,29.9005
3627,SZSE.002915,中欣氟材,12.78,12.71,12.91,12.59,12.77,-0.07824726134585402,2.503912363067295,2996073,38238669.12,2023-10-31,1.0407,4188018232.75,3676385628.75,2.5431,170.0285
3628,SZSE.002916,深南电路,69.76,69.94,70.28,68.88,69.56,-0.28669724770642446,2.0068807339449624,2608124,180940149.51,2023-10-31,0.5108,35675761334.6,35520105044.48,2.8127,26.1229
3629,SZSE.002917,金奥博,9.6,9.6,9.67,9.51,9.6,0.0,1.6666666666666683,4021300,38460550.1,2023-10-31,1.5353,3337096291.2,2514392112.0,2.2338,56.3712
3630,SZSE.002918,蒙娜丽莎,15.16,15.18,15.35,14.86,15.12,-0.26385224274406704,3.232189973614777,4118928,62114167.76,2023-10-31,1.8768,6277510698.48,3318262869.6,1.8842,19.5516
3631,SZSE.002919,名臣健康,28.62,29.01,29.26,27.68,28.08,-1.8867924528301994,5.520614954577225,4030730,114002518.9,2023-10-31,1.833,6238535144.4,6174777286.08,6.8925,29.7665
3632,SZSE.002920,德赛西威,128.01,127.12,127.12,124.0,125.6,-1.8826654167643175,2.4373095851886606,3595700,449659008.45,2023-10-31,0.6539,69732868800.0,69061160000.0,9.6169,48.0316
3633,SZSE.002921,联诚精密,16.23,16.13,16.16,15.76,15.94,-1.7868145409735137,2.464571780653114,5767733,91900213.17,2023-10-31,5.1986,2086049851.56,1768522309.88,1.8846,348.3783
3634,SZSE.002922,伊戈尔,14.3,14.5,14.55,14.2,14.3,0.0,2.4475524475524573,10820495,155434231.76,2023-10-31,3.8597,5594730441.3,4008985480.5,1.8403,26.1774
3635,SZSE.002923,润都股份,12.97,13.02,13.1,12.93,13.07,0.7710100231302919,1.3107170393215106,2233258,29120686.32,2023-10-31,0.8675,4377055248.02,3364684978.03,3.7162,36.6552
3636,SZSE.002925,盈趣科技,17.43,17.53,17.66,17.22,17.47,0.22948938611588865,2.524383247274821,5606677,97700756.08,2023-10-31,0.7627,13635295081.05,12842725292.8,2.7264,27.795
3637,SZSE.002926,华西证券,8.13,8.03,8.08,7.87,7.93,-2.4600246002460135,2.583025830258302,45133607,358146745.73,2023-10-31,1.7194,20816250000.0,20816250000.0,0.916,47.7463
3638,SZSE.002927,泰永长征,13.59,13.57,13.69,13.41,13.58,-0.07358351729211954,2.0603384841795394,4013309,54565818.76,2023-10-31,1.819,3031010914.4,2996246386.0,2.967,41.931
3639,SZSE.002928,华夏航空,7.13,7.13,7.17,7.06,7.14,0.14025245441795509,1.54277699859748,7903552,56170513.32,2023-10-31,0.6458,9126644667.0,8738601196.5,2.7203,-7.8612
3640,SZSE.002929,润建股份,42.49,42.5,44.44,40.62,41.7,-1.8592610025888412,8.990350670746059,31537100,1338241582.01,2023-10-31,15.4054,11522525693.7,8536610412.6,2.0034,25.0025
3641,SZSE.002930,宏川智慧,21.85,21.94,22.08,21.7,22.01,0.7322654462242673,1.7391304347826038,568400,12466082.4,2023-10-31,0.1312,10047008102.98,9537632565.84,4.1729,35.7968
3642,SZSE.002931,锋龙股份,12.97,12.8,14.27,12.75,14.27,10.023130300693905,11.719352351580566,9881706,138568198.28,2023-10-31,5.4688,2842444096.92,2578501339.39,4.3015,235.9216
3643,SZSE.002932,明德生物,23.33,23.2,23.84,23.11,23.54,0.9001285897985545,3.1290184312044595,2637235,62074801.99,2023-10-31,1.6879,5473543327.78,3680829604.76,0.9001,10.6214
3644,SZSE.002933,新兴装备,28.04,27.94,28.58,27.88,28.18,0.4992867332382245,2.496433666191153,1461200,41220225.5,2023-10-31,1.2921,3306923000.0,3186830971.1,2.2458,-286.1404
3645,SZSE.002935,天奥电子,18.34,18.16,19.88,18.16,18.94,3.271537622682663,9.37840785169029,13656549,260819677.9,2023-10-31,3.9767,6770041482.88,6504318093.64,4.5253,73.8404
3646,SZSE.002936,郑州银行,2.08,2.08,2.09,2.07,2.09,0.48076923076922906,0.9615384615384623,20192051,42105798.08,2023-10-31,0.3014,19002470938.22,14000297529.68,0.4353,10.7389
3647,SZSE.002937,兴瑞科技,21.31,21.18,21.34,20.82,21.05,-1.2200844673861955,2.4401689347724056,1939155,40664007.9,2023-10-31,0.6674,6268062710.0,6116376873.1,4.4612,23.635
3648,SZSE.002938,鹏鼎控股,21.0,20.9,21.55,20.86,21.42,2.0000000000000018,3.285714285714292,15760744,334772272.7,2023-10-31,0.6918,49703778018.72,48796795242.72,1.7537,13.8391
3649,SZSE.002939,长城证券,8.24,8.32,8.38,8.29,8.36,1.4563106796116498,1.0922330097087576,37453688,312510053.04,2023-10-31,1.0739,33727809352.16,29156527920.52,1.1888,21.8371
3650,SZSE.002940,昂利康,20.78,20.9,21.39,20.11,20.8,0.09624639076033503,6.15976900866218,11814554,247663926.13,2023-10-31,6.3768,4195946268.8,3853729734.4,2.6651,32.5736
3651,SZSE.002941,新疆交建,15.39,15.31,15.78,15.28,15.57,1.1695906432748426,3.248862897985705,24735896,384393146.69,2023-10-31,3.8696,10043903883.24,9952941810.15,3.2673,29.1537
3652,SZSE.002942,新农股份,17.63,17.63,17.89,17.58,17.74,0.623936471922848,1.758366420873524,285900,5068580.5,2023-10-31,0.2045,2767440000.0,2479712722.5,2.3755,720.3305
3653,SZSE.002943,宇晶股份,25.9,25.93,26.18,25.35,25.5,-1.5444015444015413,3.2046332046331982,1842430,47128520.0,2023-10-31,1.9892,4000270680.0,2361911107.5,3.0925,36.8667
3654,SZSE.002945,华林证券,14.0,14.01,14.12,13.88,13.97,-0.2142857142857113,1.7142857142857033,11910523,166738720.63,2023-10-31,0.4411,37719000000.0,37719000000.0,5.8118,175.832
3655,SZSE.002946,新乳业,14.22,14.19,14.19,13.26,13.32,-6.329113924050633,6.540084388185652,7950700,107511046.26,2023-10-31,0.9397,11532617145.36,11270059579.08,4.6279,26.6854
3656,SZSE.002947,恒铭达,29.53,29.79,29.8,27.07,28.12,-4.774805282763294,9.24483576024382,19765897,558094225.41,2023-10-31,12.2947,6472430031.8,4523827158.56,3.2468,27.4005
3657,SZSE.002948,青岛银行,3.25,3.26,3.28,3.24,3.26,0.3076923076922977,1.2307692307692182,26486888,86372116.28,2023-10-31,0.8517,18974356400.24,10137672458.28,0.5942,5.4578
3658,SZSE.002949,华阳国际,14.14,14.14,14.27,14.09,14.2,0.4243281471004057,1.272984441301271,1652182,23447566.46,2023-10-31,1.1081,2783762234.8,2117316119.8,1.9875,26.0354
3659,SZSE.002950,奥美医疗,10.05,10.02,10.24,10.02,10.18,1.2935323383084452,2.1890547263681652,5731200,58271445.5,2023-10-31,1.268,6446641843.26,4601311227.62,2.0075,17.8909
3660,SZSE.002951,ST金时,7.76,7.77,7.78,7.53,7.73,-0.3865979381443174,3.221649484536083,1997554,15286849.48,2023-10-31,0.4932,3130650000.0,3130629902.0,1.6029,-50.0496
3661,SZSE.002952,亚世光电,16.0,16.05,16.11,15.53,15.76,-1.5000000000000013,3.6250000000000004,4046625,63658808.5,2023-10-31,3.0646,2589998400.0,2081029704.32,3.014,46.3253
3662,SZSE.002953,日丰股份,13.69,13.6,13.82,13.15,13.24,-3.2870708546384186,4.89408327246165,13496702,180710620.68,2023-10-31,6.7298,4663166978.56,2655306917.68,2.7144,45.0324
3663,SZSE.002955,鸿合科技,27.94,27.38,27.39,25.15,25.15,-9.985683607730866,8.017179670722985,11308447,292029935.65,2023-10-31,6.0608,5906531824.0,4692548894.15,1.6498,18.9177
3664,SZSE.002956,西麦食品,14.21,14.2,14.27,14.01,14.07,-0.9852216748768461,1.8296973961998575,1785920,25247849.2,2023-10-31,0.803,3141516802.83,3129253067.22,2.1678,26.8708
3665,SZSE.002957,科瑞技术,16.3,16.25,16.66,15.97,16.25,-0.30674846625767804,4.233128834355825,9652995,156911755.03,2023-10-31,2.3542,6689546012.5,6662912197.5,2.3319,24.182
3666,SZSE.002958,青农商行,2.7,2.7,2.72,2.69,2.71,0.37037037037035425,1.1111111111111203,23043203,62458442.13,2023-10-31,0.471,15055718059.2,13258218142.78,0.4559,5.8707
3667,SZSE.002959,小熊电器,55.49,54.75,54.94,54.18,54.58,-1.6399351234456683,1.3696161470535195,1521691,83021919.41,2023-10-31,0.9744,8545985650.04,8523281734.54,3.3982,18.5206
3668,SZSE.002960,青鸟消防,15.98,16.01,16.58,15.98,16.11,0.8135168961201478,3.7546933667083717,5442360,88133055.39,2023-10-31,0.8622,11881597635.18,10169258534.01,1.9071,18.0297
3669,SZSE.002961,瑞达期货,15.44,15.47,15.7,15.37,15.49,0.32383419689119286,2.1373056994818658,3064686,47512887.6,2023-10-31,0.6886,6893506149.52,6893506149.52,2.7707,29.246
3670,SZSE.002962,五方光电,14.17,14.17,14.17,13.67,13.81,-2.5405786873676783,3.5285815102328866,27561354,381800018.66,2023-10-31,13.175,4045430043.73,2888969319.53,2.2361,57.9522
3671,SZSE.002963,豪尔赛,14.37,14.37,14.5,14.34,14.38,0.06958942240780086,1.1134307585247054,1132200,16306655.0,2023-10-31,0.9205,2162175793.4,1768654410.24,1.4208,-20.4245
3672,SZSE.002965,祥鑫科技,46.28,45.99,46.0,44.3,44.83,-3.133102852203984,3.6732929991357013,8258007,370834272.97,2023-10-31,6.5633,7990949203.54,5640534718.54,2.7147,21.8318
3673,SZSE.002966,苏州银行,6.24,6.24,6.29,6.22,6.28,0.6410256410256387,1.1217948717948762,28691967,179439405.97,2023-10-31,0.8051,23027115261.72,22380498547.12,0.6045,5.0272
3674,SZSE.002967,广电计量,14.36,14.4,14.45,13.94,14.07,-2.0194986072423315,3.551532033426182,7542419,106301835.16,2023-10-31,1.4642,8093427653.22,7247539182.87,2.2919,33.4956
3675,SZSE.002968,新大正,13.05,13.08,13.29,12.83,13.11,0.45977011494251485,3.5249042145593794,3031655,39471621.45,2023-10-31,1.4748,2985929444.13,2695011661.38,2.5499,18.2155
3676,SZSE.002969,嘉美包装,4.19,4.19,4.2,4.1,4.13,-1.4319809069212486,2.3866348448687473,16157531,66935344.72,2023-10-31,3.0572,3961193081.02,2182703323.22,1.7006,52.7271
3677,SZSE.002970,锐明技术,29.66,29.66,29.91,29.0,29.34,-1.078894133513153,3.068105192178018,1995000,58582300.0,2023-10-31,2.1802,5072768640.0,2684759692.68,3.6489,262.5324
3678,SZSE.002971,和远气体,24.91,25.39,25.97,24.86,24.93,0.08028904054595554,4.456041750301082,2467280,62157788.4,2023-10-31,1.9804,3988800000.0,3105829509.3,3.1508,46.5684
3679,SZSE.002972,科安达,11.33,11.33,11.43,11.2,11.31,-0.1765225066195919,2.030008826125335,1318580,14920366.4,2023-10-31,1.0662,2782359528.0,1398748845.78,2.2963,38.1303
3680,SZSE.002973,侨银股份,11.11,11.12,11.21,11.03,11.16,0.4500450045004545,1.6201620162016337,1770400,19688414.0,2023-10-31,0.865,4560700875.48,2284162319.88,2.1564,12.2679
3681,SZSE.002975,博杰股份,31.15,31.15,31.37,30.4,30.59,-1.7977528089887618,3.113964686998403,1055800,32515865.0,2023-10-31,1.478,4255805546.02,2185205918.77,2.6654,123.8809
3682,SZSE.002976,瑞玛精密,31.63,30.95,32.26,30.83,32.11,1.5175466329434117,4.521024343977236,2740600,87246486.2,2023-10-31,4.2396,3868555002.0,2075661042.0,4.6784,60.4507
3683,SZSE.002977,天箭科技,37.0,36.81,40.7,36.3,40.7,10.000000000000009,11.891891891891907,12135083,483046929.8,2023-10-31,18.565,4888884000.0,2660366773.9,4.4823,93.7959
3684,SZSE.002978,安宁股份,32.13,32.23,33.18,32.2,33.05,2.863367569249897,3.0501089324618635,1663789,54720484.12,2023-10-31,0.5565,13253050000.0,9881950000.0,2.292,14.165
3685,SZSE.002979,雷赛智能,16.36,16.51,16.62,15.98,16.1,-1.589242053789719,3.911980440097803,3166075,51220552.4,2023-10-31,1.4731,4984560000.0,3460212144.9,3.9149,48.2139
3686,SZSE.002980,华盛昌,28.03,28.03,28.17,27.79,27.85,-0.6421691045308542,1.3556903317873796,706100,19722100.0,2023-10-31,0.983,3797483965.0,2000560190.0,3.6568,40.6822
3687,SZSE.002981,朝阳科技,28.66,30.65,31.53,30.0,31.53,10.013956734124218,5.338450802512216,3239300,101271079.0,2023-10-31,3.8222,3026880000.0,2672167500.0,3.5268,32.0895
3688,SZSE.002982,湘佳股份,21.75,21.67,22.04,21.52,21.83,0.36781609195402076,2.3908045977011474,1072280,23347189.8,2023-10-31,1.1624,3113712357.48,2013695841.41,1.9005,-66.1478
3689,SZSE.002983,芯瑞达,27.66,27.57,28.27,27.25,27.48,-0.6507592190889366,3.6876355748373086,2986250,82510976.3,2023-10-31,2.813,5106003840.0,2917245885.0,4.1419,32.7551
3690,SZSE.002984,森麒麟,30.79,30.61,30.96,30.3,30.41,-1.2341669373173048,2.1435531016563822,3751063,114502259.11,2023-10-31,0.9064,22624429640.89,12585275812.0,2.0322,19.9818
3691,SZSE.002985,北摩高科,35.07,35.06,35.17,34.4,34.55,-1.482748788138022,2.1956087824351385,2638456,91581221.92,2023-10-31,1.2587,11465541880.0,7242447217.3,3.4609,34.0369
3692,SZSE.002986,宇新股份,18.13,18.1,18.2,17.88,17.9,-1.2686155543298439,1.7650303364589095,1004570,18064044.2,2023-10-31,0.4306,5733888384.0,4176346734.0,2.0911,12.0152
3693,SZSE.002987,京北方,18.7,18.69,18.84,18.4,18.57,-0.6951871657753905,2.352941176470595,4618246,85832772.1,2023-10-31,1.0786,8194524530.61,7951122768.12,3.3541,24.283
3694,SZSE.002988,豪美新材,19.07,19.0,20.98,18.97,20.52,7.603565810173052,10.540115364446784,10055210,206594215.62,2023-10-31,4.3223,4776462376.92,4773646006.92,2.3468,-399.6621
3695,SZSE.002989,中天精装,14.31,14.31,14.49,14.27,14.38,0.4891684136967278,1.537386443046825,1147020,16469106.4,2023-10-31,0.699,2612815384.98,2359799284.98,1.647,42.3131
3696,SZSE.002990,盛视科技,31.66,31.3,31.57,30.85,31.01,-2.0530638029058745,2.2741629816803504,1741617,54196010.21,2023-10-31,1.3147,7940638848.38,4107907879.25,3.5145,43.2592
3697,SZSE.002991,甘源食品,79.15,79.36,80.31,77.5,78.42,-0.9222994314592614,3.550221099178777,1859221,146585392.28,2023-10-31,3.742,7309985467.02,3896339341.02,4.4678,25.8384
3698,SZSE.002992,宝明科技,63.9,63.79,63.9,61.9,62.03,-2.9264475743348894,3.1298904538341157,1644910,102469965.5,2023-10-31,2.0989,11430024011.95,4861398722.05,13.7245,-55.7362
3699,SZSE.002993,奥海科技,39.24,39.0,39.22,37.97,38.31,-2.3700305810397504,3.1855249745158,2859619,109915766.08,2023-10-31,1.2021,10575092400.0,9113556322.5,2.2223,26.1059
3700,SZSE.002995,天地在线,22.12,21.91,22.69,21.63,21.9,-0.9945750452079682,4.792043399638347,7422820,163242854.8,2023-10-31,6.6029,3886253112.0,2461936855.2,3.9012,-171.0861
3701,SZSE.002996,顺博合金,11.25,11.26,11.33,11.18,11.27,0.1777777777777656,1.3333333333333366,1219150,13713253.5,2023-10-31,0.4769,4947543354.95,2881849536.16,2.0518,118.371
3702,SZSE.002997,瑞鹄模具,41.5,41.0,41.95,40.04,41.63,0.3132530120482091,4.602409638554226,11167977,459968564.11,2023-10-31,5.6686,8201776163.26,8201776163.26,5.3761,43.6411
3703,SZSE.002998,优彩资源,8.29,8.21,8.31,8.06,8.24,-0.603136308805774,3.015681544028951,10811862,88821088.26,2023-10-31,7.1124,2689556311.6,1252607431.6,1.6694,19.9502
3704,SZSE.002999,天禾股份,7.31,7.32,7.38,7.28,7.3,-0.1367989056087482,1.3679890560875465,3582800,26226559.0,2023-10-31,1.0486,2537421600.0,2494133695.0,2.1355,33.4692
3705,SZSE.003000,劲仔食品,12.08,12.07,12.13,11.89,11.96,-0.9933774834437026,1.986754966887419,5336587,64033877.3,2023-10-31,1.8362,5394787141.64,2658484575.24,4.3389,32.199
3706,SZSE.003001,中岩大地,17.28,17.27,17.44,17.16,17.23,-0.2893518518518601,1.620370370370377,1315644,22698382.84,2023-10-31,2.6637,2193904118.71,851003811.37,1.8815,-25.2938
3707,SZSE.003002,壶化股份,16.32,16.16,16.57,16.06,16.38,0.3676470588235281,3.1250000000000098,3752618,61273732.94,2023-10-31,1.8965,3276000000.0,3241184310.0,2.6118,17.251
3708,SZSE.003003,天元股份,11.0,11.08,11.2,11.02,11.06,0.5454545454545601,1.6363636363636338,3259100,36153538.0,2023-10-31,2.7973,1957181581.6,1288594384.28,1.591,99.9056
3709,SZSE.003004,声迅股份,27.78,27.74,28.18,27.59,27.75,-0.1079913606911509,2.123830093592512,961300,26771577.0,2023-10-31,2.8572,2271152823.75,933629880.0,3.2547,181.5612
3710,SZSE.003005,竞业达,33.98,33.36,36.1,32.5,34.55,1.677457327839904,10.594467333725726,10359160,355001508.72,2023-10-31,14.0331,5127220000.0,2550456711.35,3.4612,178.2444
3711,SZSE.003006,百亚股份,16.87,16.73,17.14,16.73,16.91,0.23710729104919892,2.4303497332542983,2616270,44234339.98,2023-10-31,0.6114,7261175983.0,7236259098.0,5.457,29.8154
3712,SZSE.003007,直真科技,30.13,29.8,31.33,29.05,29.36,-2.5555924327912316,7.56720876203119,15468720,462377770.6,2023-10-31,40.1114,3053440000.0,1132251224.4,3.9936,66.175
3713,SZSE.003008,开普检测,26.44,26.71,26.96,26.45,26.8,1.3615733736762392,1.928895612708024,987730,26468175.5,2023-10-31,1.681,2144000000.0,1574691378.8,2.0302,33.6134
3714,SZSE.003009,中天火箭,46.14,46.14,48.2,45.88,47.07,2.015604681404426,5.0281751192024275,3656923,172837761.42,2023-10-31,2.3534,7314356041.2,7314306429.42,4.8482,96.6291
3715,SZSE.003010,若羽臣,20.09,19.9,20.87,19.89,20.61,2.5883524141363745,4.878048780487807,7089397,144655981.17,2023-10-31,7.7357,2521207697.4,1888809715.44,2.3524,49.8875
3716,SZSE.003011,海象新材,21.43,21.24,21.35,21.05,21.25,-0.8399440037330841,1.3999066728884775,5050068,106896187.9,2023-10-31,6.5996,2181865000.0,1626066383.75,1.4115,10.0396
3717,SZSE.003012,东鹏控股,8.96,8.99,9.05,8.91,9.01,0.5580357142856984,1.5625000000000062,7747458,69565127.16,2023-10-31,0.6641,10568730000.0,10511778465.75,1.3722,16.5831
3718,SZSE.003013,地铁设计,16.25,16.2,16.29,16.05,16.13,-0.7384615384615434,1.4769230769230672,750300,12093030.0,2023-10-31,0.1876,6452161300.0,6452161300.0,2.8462,15.0946
3719,SZSE.003015,日久光电,10.52,10.45,10.68,10.23,10.32,-1.9011406844106404,4.2775665399239475,14033100,145953547.0,2023-10-31,5.7089,2900608003.44,2536758415.68,2.8979,345.8019
3720,SZSE.003016,欣贺股份,8.65,8.61,8.68,8.52,8.6,-0.5780346820809301,1.849710982658961,4832000,41450387.0,2023-10-31,1.1278,3698341402.8,3684576363.2,1.3013,31.7029
3721,SZSE.003017,大洋生物,31.11,31.16,31.55,31.06,31.46,1.1250401800064314,1.5750562520090068,1497500,47048922.0,2023-10-31,3.1222,1887600000.0,1508896946.7,1.8851,26.6601
3722,SZSE.003018,金富科技,10.24,10.24,10.35,10.22,10.29,0.48828125,1.2695312499999902,1363900,14030422.0,2023-10-31,1.797,2675400000.0,780977043.0,1.8183,24.6771
3723,SZSE.003019,宸展光电,21.23,21.38,21.69,21.1,21.13,-0.47103155911446537,2.779086198775317,3102833,66221770.28,2023-10-31,2.7542,3442984110.9,2380477781.62,2.2378,21.0768
3724,SZSE.003020,立方制药,29.1,28.9,28.9,27.95,28.12,-3.3676975945017174,3.264604810996561,4588899,130181757.67,2023-10-31,6.4477,4490063812.0,2001339036.88,2.798,21.3372
3725,SZSE.003021,兆威机电,73.45,73.47,75.06,72.62,72.98,-0.6398910823689596,3.3219877467665047,2754677,202422231.87,2023-10-31,4.5704,12480179749.64,4398650560.0,4.1119,70.8795
3726,SZSE.003022,联泓新科,19.11,19.05,19.18,18.9,19.02,-0.47095761381475976,1.4652014652014713,2845850,54031672.5,2023-10-31,0.9279,25402503360.0,5833357920.0,3.5865,51.5442
3727,SZSE.003023,彩虹集团,19.79,19.7,19.88,19.63,19.74,-0.2526528549772644,1.2632642748863063,1363880,26943388.0,2023-10-31,2.653,2079443184.0,1014817153.98,1.45,21.8869
3728,SZSE.003025,思进智能,11.66,11.65,11.84,11.5,11.56,-0.857632933104624,2.915951972555745,2514526,29325687.51,2023-10-31,2.236,2735419275.4,1300011173.84,2.7069,28.2501
3729,SZSE.003026,中晶科技,38.0,37.81,38.9,37.41,38.75,1.9736842105263053,3.921052631578953,3779127,144109281.34,2023-10-31,6.787,3899548745.0,2157676337.5,5.5183,-157.11
3730,SZSE.003027,同兴环保,18.03,17.95,18.14,17.75,18.02,-0.05546311702718798,2.163061564059903,1233126,22192767.78,2023-10-31,1.8495,2371799608.0,1201471787.0,1.3941,35.8088
3731,SZSE.003028,振邦智能,38.93,38.99,39.39,38.45,38.86,-0.17980991523246503,2.4145902902645715,956700,37225585.0,2023-10-31,3.4129,4307374679.44,1089306149.58,2.8168,22.2999
3732,SZSE.003029,吉大正元,20.1,19.99,20.38,19.64,19.91,-0.9452736318408039,3.681592039800987,3415400,68166866.0,2023-10-31,3.0036,3672923133.0,2265376544.31,2.9143,-70.169
3733,SZSE.003030,祖名股份,21.75,21.68,22.21,21.6,21.75,0.0,2.8045977011494228,914390,20064166.3,2023-10-31,1.8164,2713965000.0,1094941218.75,2.5893,79.2827
3734,SZSE.003031,中瓷电子,95.32,95.48,97.51,95.4,97.25,2.0247587075115536,2.2135963071758287,1331665,128769720.33,2023-10-31,1.9167,28420388138.75,6756785875.5,9.4434,208.2564
3735,SZSE.003032,传智教育,13.46,13.31,14.13,13.25,13.75,2.1545319465081647,6.537890044576529,29161737,400497819.18,2023-10-31,17.0757,5533653125.0,2348217300.0,3.8165,47.6516
3736,SZSE.003033,征和工业,31.1,31.1,31.68,30.6,30.77,-1.0610932475884294,3.4726688102893832,679400,21054303.19,2023-10-31,2.8201,2515447500.0,741287762.5,2.2133,17.9217
3737,SZSE.003035,南网能源,5.43,5.46,5.46,5.41,5.44,0.18416206261511192,0.9208103130755032,6831100,37087360.0,2023-10-31,0.4175,20606060601.28,8900169691.2,3.0438,39.7805
3738,SZSE.003036,泰坦股份,12.55,12.45,12.64,12.21,12.33,-1.7529880478087678,3.426294820717129,4016400,49893918.0,2023-10-31,7.0828,2663280000.0,699188062.5,1.9755,18.7637
3739,SZSE.003037,三和管桩,11.91,11.74,11.75,11.36,11.42,-4.114189756507136,3.2745591939546648,5629700,64896175.0,2023-10-31,6.185,6841432822.76,1039466477.86,2.4708,80.8506
3740,SZSE.003038,鑫铂股份,34.1,34.32,34.32,33.01,33.29,-2.3753665689149606,3.8416422287390097,1553945,52115914.2,2023-10-31,2.2807,4890681737.73,2268202132.31,2.3447,18.1603
3741,SZSE.003039,顺控发展,17.08,16.62,16.77,16.13,16.15,-5.444964871194379,3.747072599531619,22630943,370960619.36,2023-10-31,18.4714,9972927489.5,1978677489.5,3.9614,41.1279
3742,SZSE.003040,楚天龙,18.54,18.25,19.15,18.25,18.86,1.7259978425026912,4.8543689320388275,26758786,502994902.86,2023-10-31,12.356,8697024431.92,4084404734.88,5.7582,76.2907
3743,SZSE.003041,真爱美家,16.41,16.71,17.23,16.5,17.12,4.326630103595375,4.448507007922001,3342135,56696227.08,2023-10-31,7.2945,2465280000.0,784390464.0,1.8859,16.6182
3744,SZSE.003042,中农联合,17.75,17.85,18.01,17.68,17.82,0.3943661971830936,1.8591549295774752,1224696,21848042.66,2023-10-31,1.7981,2538993600.0,1213751295.9,1.6071,-37.5272
3745,SZSE.003043,华亚智能,54.48,54.02,55.5,52.83,55.42,1.725403817914839,4.900881057268726,1928075,105010822.5,2023-10-31,6.6518,4433631035.2,1606389212.02,4.3215,43.4751
3746,SZSE.003816,中国广核,2.97,2.97,2.98,2.96,2.97,0.0,0.673400673400674,59512449,176755625.53,2023-10-31,0.1513,149980874967.0,116824908717.0,1.3336,13.7913
3747,SZSE.300001,特锐德,18.27,18.31,18.37,17.91,18.03,-1.3136288998357837,2.517788724685281,7921866,143070309.53,2023-10-31,0.7706,19037835765.39,18533872149.6,2.9291,48.9321
3748,SZSE.300002,神州泰岳,8.52,8.63,8.76,8.36,8.48,-0.46948356807510194,4.694835680751178,93206185,797182677.75,2023-10-31,5.1235,16630060024.32,15426765433.76,3.0753,23.0574
3749,SZSE.300003,乐普医疗,17.37,17.33,17.52,17.12,17.24,-0.7484168105929889,2.3028209556706885,20407985,352537429.8,2023-10-31,1.2628,32421722468.48,27861524175.6,2.0311,18.5659
3750,SZSE.300004,南风股份,5.88,5.9,5.99,5.88,5.93,0.8503401360544283,1.8707482993197335,5641300,33447319.98,2023-10-31,1.1813,2846362036.14,2831893529.95,1.6629,194.7509
3751,SZSE.300005,探路者,7.61,7.66,8.02,7.59,7.99,4.993429697766105,5.6504599211563695,24181750,190596003.5,2023-10-31,2.7364,7060780466.14,7060780466.14,3.3078,67.4606
3752,SZSE.300006,莱美药业,4.05,4.04,4.11,3.98,4.08,0.7407407407407529,3.209876543209885,26116568,106290595.07,2023-10-31,3.2157,4308117716.4,3313583313.84,2.0791,-50.182
3753,SZSE.300007,汉威科技,16.17,16.08,16.33,15.88,15.98,-1.1750154607297558,2.78293135435991,5819903,93147192.24,2023-10-31,2.0638,5213838624.9,4506323277.96,1.8359,32.2695
3754,SZSE.300008,天海防务,4.31,4.31,4.31,4.23,4.26,-1.1600928074245953,1.8561484918793316,26656164,113716873.14,2023-10-31,1.8625,7361404106.58,6096784502.46,3.8402,1305.8147
3755,SZSE.300009,安科生物,10.43,10.44,10.56,10.36,10.52,0.8628954937679678,1.9175455417066258,16823452,176672986.95,2023-10-31,1.3913,17602673718.16,12721017596.6,4.9966,23.057
3756,SZSE.300010,*ST豆神,2.3,2.28,2.38,2.27,2.33,1.3043478260869712,4.782608695652169,12950500,30128284.0,2023-10-31,1.576,2023196427.51,1914608476.08,-2.6934,-3.4057
3757,SZSE.300011,鼎汉技术,6.78,6.78,6.92,6.77,6.88,1.4749262536873031,2.2123893805309787,9026499,61899364.15,2023-10-31,1.8024,3843514662.56,3445448966.88,2.9572,-24.7197
3758,SZSE.300012,华测检测,15.07,15.09,15.26,14.99,15.14,0.4644990046450026,1.7916390179163872,13662395,206423416.66,2023-10-31,0.8947,25478019159.96,23158838214.42,4.192,25.9903
3759,SZSE.300013,新宁物流,3.89,3.86,3.92,3.86,3.9,0.25706940874035134,1.5424164524421609,9009900,35036672.0,2023-10-31,2.0201,1742079748.5,1739429698.5,-68.767,-39.4951
3760,SZSE.300014,亿纬锂能,46.85,46.47,46.66,45.61,46.42,-0.9178228388473819,2.241195304162214,21299996,979963537.85,2023-10-31,1.1442,94962391890.74,86413906346.24,2.8226,22.2509
3761,SZSE.300015,爱尔眼科,18.26,18.2,18.38,18.11,18.31,0.27382256297916463,1.478641840087621,50797756,927859597.55,2023-10-31,0.6448,170803212972.03,144256379036.2,9.1319,51.01
3762,SZSE.300016,北陆药业,7.18,7.16,7.3,7.09,7.24,0.8356545961002881,2.9247910863509743,10932725,79154954.25,2023-10-31,2.226,3561607430.72,3555793529.72,2.2096,-84.6712
3763,SZSE.300017,网宿科技,7.12,7.1,7.17,6.94,7.01,-1.54494382022472,3.2303370786516785,60149976,422685883.12,2023-10-31,2.6446,17085502406.95,15943982188.09,1.8205,38.7427
3764,SZSE.300018,中元股份,6.03,6.03,6.05,5.94,5.98,-0.8291873963515717,1.8242122719734566,6625854,39673254.38,2023-10-31,1.6397,2875372585.28,2416503133.72,2.3741,77.872
3765,SZSE.300019,硅宝科技,16.59,16.59,16.66,16.47,16.54,-0.3013863773357439,1.1452682338758366,2179750,36079284.0,2023-10-31,0.6499,6468210138.0,5547099340.86,2.7667,21.0004
3766,SZSE.300020,银江技术,9.12,9.27,9.27,8.85,8.89,-2.5219298245613864,4.605263157894736,35559674,319976528.81,2023-10-31,5.6646,7064687188.86,5580703687.44,1.5407,73.0021
3767,SZSE.300021,大禹节水,4.88,4.85,4.89,4.82,4.86,-0.4098360655737654,1.4344262295081844,16713000,81154213.0,2023-10-31,2.3842,4170149244.0,3406821105.42,2.2947,47.7269
3768,SZSE.300022,吉峰科技,4.66,4.66,4.68,4.61,4.65,-0.21459227467810482,1.5021459227467682,5193228,24163665.2,2023-10-31,1.6054,2309842767.0,1504190077.05,4.5359,170.5586
3769,SZSE.300024,机器人,11.39,11.35,11.41,11.15,11.23,-1.4047410008779626,2.282704126426688,18774247,211098701.91,2023-10-31,1.2366,17408880198.5,17049778533.42,4.0861,102.016
3770,SZSE.300025,华星创业,9.35,9.3,9.32,9.0,9.04,-3.3155080213903787,3.4224598930481314,28870874,263203969.42,2023-10-31,6.6573,4599488014.88,3920403214.88,6.7139,-306.42
3771,SZSE.300026,红日药业,4.5,4.5,4.56,4.47,4.5,0.0,1.999999999999997,49316502,222681698.53,2023-10-31,1.7919,13518696766.5,12384667984.5,1.5513,20.3916
3772,SZSE.300027,华谊兄弟,2.59,2.58,2.62,2.54,2.57,-0.7722007722007707,3.0888030888030915,50745582,130590188.38,2023-10-31,2.0989,7130480211.83,6213649093.01,7.0009,-7.1076
3773,SZSE.300029,ST天龙,7.63,7.57,8.3,7.54,8.01,4.980340760157276,9.960681520314557,15903718,126037854.83,2023-10-31,7.9376,1606057065.0,1604885602.5,72.3844,-51.5731
3774,SZSE.300030,阳普医疗,8.0,8.05,8.2,7.9,8.1,1.2499999999999956,3.7499999999999867,9636579,78221018.11,2023-10-31,3.5605,2504417251.5,2192263590.6,3.1801,-18.2387
3775,SZSE.300031,宝通科技,16.01,16.29,17.3,15.92,16.1,0.562148657089323,8.619612742036232,24115578,393574334.36,2023-10-31,6.9746,6641624196.2,5566781305.4,1.8779,-16.8866
3776,SZSE.300032,金龙机电,6.81,6.77,7.34,6.74,7.04,3.3773861967694607,8.810572687224665,108361262,763130495.28,2023-10-31,13.4917,5654314040.32,5654303480.32,4.7213,180.8351
3777,SZSE.300033,同花顺,141.6,142.14,142.62,139.66,140.59,-0.7132768361581832,2.0903954802259945,4086469,576030766.83,2023-10-31,1.5049,75581184000.0,38176677586.79,11.2751,47.8553
3778,SZSE.300034,钢研高纳,21.52,21.4,21.89,21.33,21.63,0.5111524163568637,2.602230483271386,3977340,86045815.58,2023-10-31,0.5445,16772932345.05,15800289256.71,5.1018,47.2717
3779,SZSE.300035,中科电气,10.8,10.79,10.81,10.58,10.68,-1.1111111111111183,2.1296296296296333,7758620,82663947.4,2023-10-31,1.243,7724958970.2,6666040676.16,1.6352,-65.346
3780,SZSE.300036,超图软件,19.35,19.47,19.69,19.01,19.17,-0.9302325581395321,3.5142118863049077,11652234,225869376.85,2023-10-31,2.693,9446336047.89,8294720611.77,3.1426,-35.5892
3781,SZSE.300037,新宙邦,44.14,44.12,44.47,43.1,44.16,0.0453103760761131,3.1037607612143123,8039559,354540641.4,2023-10-31,1.4828,33103388465.28,23942381539.2,3.8409,29.7351
3782,SZSE.300039,上海凯宝,6.97,6.94,7.05,6.93,7.0,0.43041606886657924,1.7216642754662856,24676182,172594066.63,2023-10-31,2.6914,7322000000.0,6417930883.0,1.916,27.2888
3783,SZSE.300040,九洲集团,5.57,5.55,5.59,5.5,5.54,-0.5385996409335791,1.6157989228007157,3700480,20488415.2,2023-10-31,0.8017,3255802799.44,2557223281.0,1.1649,33.8851
3784,SZSE.300041,回天新材,9.77,9.74,9.78,9.56,9.58,-1.9447287615148356,2.251791197543489,12844931,123893680.68,2023-10-31,2.3594,5359240151.2,5215542086.36,1.951,16.3814
3785,SZSE.300042,朗科科技,27.7,28.6,28.89,26.65,26.83,-3.140794223826715,8.086642599277987,10436300,287208957.49,2023-10-31,5.7466,5376732000.0,4872516668.56,4.7264,-390.9677
3786,SZSE.300043,星辉娱乐,3.48,3.48,3.57,3.46,3.51,0.8620689655172376,3.160919540229881,50602800,178381113.0,2023-10-31,6.0543,4367136387.51,2933720832.51,2.2428,-21.4156
3787,SZSE.300044,赛为智能,5.04,5.01,5.1,4.92,5.03,-0.1984126984126977,3.571428571428566,44620164,223722566.05,2023-10-31,6.5157,3842262216.84,3444620023.42,4.6874,-21.4655
3788,SZSE.300045,华力创通,28.88,28.51,30.55,27.49,27.6,-4.432132963988911,10.595567867036019,114084043,3293177778.41,2023-10-31,23.1492,18289836513.6,13601856867.6,10.5975,-244.1428
3789,SZSE.300046,台基股份,16.56,16.56,16.76,16.43,16.64,0.48309178743961567,1.992753623188417,4526942,75011267.6,2023-10-31,1.9139,3946531613.44,3935882013.44,3.6054,154.9634
3790,SZSE.300047,天源迪科,9.54,9.4,9.55,8.91,9.0,-5.660377358490553,6.708595387840677,77304983,712161183.94,2023-10-31,14.3444,5739702048.0,4850290377.0,1.7294,223.802
3791,SZSE.300048,合康新能,5.08,5.08,5.15,5.02,5.05,-0.5905511811023723,2.5590551181102517,4574460,23134082.8,2023-10-31,0.4118,5618699977.85,5609930147.85,3.0295,-495.553
3792,SZSE.300049,福瑞股份,37.75,37.75,39.3,36.5,37.1,-1.7218543046357615,7.41721854304635,9156804,348483248.3,2023-10-31,3.9726,9759270010.0,8551579494.5,6.2877,88.5011
3793,SZSE.300050,世纪鼎利,5.07,5.05,5.09,4.91,4.95,-2.3668639053254448,3.5502958579881603,24668760,123343463.8,2023-10-31,4.5304,2696991254.1,2695345532.55,4.0156,-7.2912
3794,SZSE.300051,琏升科技,11.36,11.46,11.46,11.09,11.18,-1.5845070422535135,3.2570422535211354,4302200,48161272.0,2023-10-31,1.1764,4088511354.2,4088511354.2,13.5681,-132.2005
3795,SZSE.300052,中青宝,18.64,18.64,19.05,18.37,18.51,-0.6974248927038573,3.648068669527895,15471102,289190408.87,2023-10-31,5.9228,4847004722.1,4835062403.28,8.5226,-72.7395
3796,SZSE.300053,航宇微,13.16,13.11,13.63,12.83,12.95,-1.5957446808510745,6.079027355623105,39965006,527111722.65,2023-10-31,6.2106,9024522482.85,8333304642.6,3.5386,-35.6545
3797,SZSE.300054,鼎龙股份,23.67,24.78,25.2,23.52,24.0,1.39416983523446,7.097591888466412,14735527,356333931.34,2023-10-31,2.0053,22673890824.0,17636307528.0,5.1045,83.5104
3798,SZSE.300055,万邦达,6.87,6.87,6.94,6.84,6.91,0.5822416302765587,1.4556040756914197,3675802,25314995.11,2023-10-31,0.5888,5781939777.46,4313827889.53,1.0766,308.584
3799,SZSE.300056,中创环保,7.02,7.04,7.05,6.9,6.94,-1.1396011396011319,2.136752136752129,3598218,25064128.74,2023-10-31,0.9338,2675303674.42,2674191365.92,7.4464,-19.2369
3800,SZSE.300057,万顺新材,6.25,6.24,6.27,6.13,6.17,-1.2800000000000034,2.239999999999995,9030484,55855624.28,2023-10-31,1.2233,5614613262.14,4554558056.39,1.0214,98.9175
3801,SZSE.300058,蓝色光标,7.18,7.2,7.28,7.02,7.11,-0.974930362116988,3.62116991643455,99223105,708881318.7,2023-10-31,4.3062,17686400398.74,16382799069.39,2.2804,-9.2232
3802,SZSE.300059,东方财富,15.19,15.14,15.38,15.1,15.27,0.5266622778143493,1.843317972350238,177375474,2704693782.8,2023-10-31,1.3207,242136314444.04,205087266340.2,3.437,29.8044
3803,SZSE.300061,旗天科技,6.07,6.1,6.14,5.98,6.03,-0.658978583196046,2.635914332784172,8798200,53233411.0,2023-10-31,1.5684,3973731872.31,3382520781.6,3.2222,-118.8439
3804,SZSE.300062,中能电气,6.28,6.3,6.3,6.19,6.23,-0.7961783439490389,1.751592356687889,7707040,48111027.2,2023-10-31,2.0345,3473706740.98,2360006273.38,2.7472,79.5198
3805,SZSE.300063,天龙集团,5.39,5.61,5.97,5.3,5.36,-0.5565862708719727,12.430426716141001,247293946,1402041584.74,2023-10-31,39.8421,4041075252.0,3326870662.0,2.5088,59.5537
3806,SZSE.300065,海兰信,10.87,10.83,10.9,10.62,10.67,-1.839926402943881,2.5758969641214455,17812974,191337337.0,2023-10-31,2.7065,7717921529.01,7022388541.52,3.9274,-9.8107
3807,SZSE.300066,三川智慧,5.44,5.46,5.48,5.3,5.34,-1.8382352941176516,3.308823529411776,11322110,60735613.3,2023-10-31,1.1283,5553777619.08,5371561258.32,2.3262,25.9626
3808,SZSE.300067,安诺其,3.06,3.07,3.08,3.04,3.06,0.0,1.3071895424836613,5735113,17552274.71,2023-10-31,0.7417,3213845214.84,2361119115.24,1.3845,-178.9353
3809,SZSE.300068,南都电源,13.7,13.64,13.75,13.23,13.4,-2.1897810218978075,3.7956204379562015,19768098,265903022.53,2023-10-31,2.3903,11646988992.2,11081890302.6,2.0256,64.2284
3810,SZSE.300069,金利华电,14.94,14.86,15.19,14.8,14.86,-0.5354752342704105,2.610441767068265,773001,11528368.84,2023-10-31,0.6607,1738620000.0,1738620000.0,7.4111,-60.2083
3811,SZSE.300070,碧水源,5.11,5.11,5.14,5.03,5.06,-0.9784735812133238,2.1526418786692645,21163488,107393811.86,2023-10-31,0.6407,18338499376.78,16715162791.36,0.6726,16.9302
3812,SZSE.300071,福石控股,3.59,3.58,3.66,3.56,3.6,0.278551532033422,2.7855153203342646,14744700,53167834.0,2023-10-31,1.6271,3413222949.6,3262308602.4,12.9029,-163.1181
3813,SZSE.300072,海新能科,3.5,3.5,3.52,3.47,3.5,0.0,1.4285714285714235,10209250,35661106.66,2023-10-31,0.4383,8224021057.0,8153148902.5,1.2196,-9.8228
3814,SZSE.300073,当升科技,44.52,44.28,44.49,43.81,44.06,-1.033243486073676,1.5274034141958663,8978263,395695535.75,2023-10-31,1.8381,22316424102.44,21521812841.2,1.7651,9.822
3815,SZSE.300074,华平股份,4.58,4.58,4.64,4.48,4.53,-1.091703056768556,3.4934497816593724,20540900,93611849.0,2023-10-31,3.8722,2405524677.0,2403041276.64,2.3265,-29.518
3816,SZSE.300075,数字政通,17.57,17.55,17.68,17.24,17.44,-0.7398975526465512,2.5042686397268143,12856357,224292083.13,2023-10-31,2.5196,10819953155.52,8898929638.88,2.6334,41.8305
3817,SZSE.300076,GQY视讯,4.98,5.0,5.08,4.94,4.96,-0.40160642570281624,2.811244979919672,10693310,53413985.5,2023-10-31,2.522,2103040000.0,2103040000.0,2.1004,-133.9497
3818,SZSE.300077,国民技术,12.03,11.98,12.13,11.86,11.95,-0.6650041562759723,2.244389027431433,7535100,90109092.0,2023-10-31,1.3311,7108349950.0,6764499455.0,4.8882,-18.3763
3819,SZSE.300078,思创医惠,4.59,4.57,4.66,4.55,4.58,-0.2178649237472685,2.3965141612200505,10362785,47657071.15,2023-10-31,1.2391,3956054994.28,3830326052.56,3.9736,-3.9647
3820,SZSE.300079,数码视讯,5.61,5.64,5.68,5.52,5.57,-0.7130124777183555,2.8520499108734425,21798336,122092950.21,2023-10-31,1.7177,7959579361.34,7068648915.92,1.8733,111.6891
3821,SZSE.300080,易成新能,4.81,4.83,4.84,4.74,4.77,-0.8316008316008316,2.079002079002072,7429521,35487161.17,2023-10-31,0.6062,10380232762.02,5845553657.19,1.7618,25.4095
3822,SZSE.300081,恒信东方,8.44,8.45,8.84,8.43,8.51,0.82938388625593,4.8578199052132724,33612090,289600455.02,2023-10-31,6.6324,5146808998.67,4312748068.57,2.9629,-12.9995
3823,SZSE.300082,奥克股份,7.15,7.15,7.2,7.08,7.12,-0.41958041958042314,1.6783216783216797,2586692,18413855.22,2023-10-31,0.3814,4842299184.0,4828840696.56,1.5829,-24.5946
3824,SZSE.300083,创世纪,7.22,7.28,7.55,7.21,7.48,3.6011080332410073,4.709141274238225,84108722,623038189.46,2023-10-31,6.2169,12535467125.72,10119698200.92,2.5939,208.0043
3825,SZSE.300084,海默科技,7.13,7.17,7.18,7.05,7.09,-0.5610098176718092,1.8232819074333786,4135800,29352499.0,2023-10-31,1.2562,2727989082.42,2334251200.29,2.6185,44.724
3826,SZSE.300085,银之杰,12.28,12.24,12.35,11.93,12.04,-1.9543973941368087,3.420195439739413,16997671,205892915.69,2023-10-31,3.3163,8507952041.4,6171026232.28,11.5501,-77.4944
3827,SZSE.300086,康芝药业,6.16,6.22,6.64,6.17,6.55,6.331168831168821,7.629870129870126,47972067,311723210.51,2023-10-31,11.0113,2947500000.0,2853593377.05,2.2595,-29.9458
3828,SZSE.300087,荃银高科,9.1,9.09,9.15,9.05,9.12,0.219780219780219,1.098901098901095,5761075,52400730.35,2023-10-31,0.643,8639665569.12,8170654201.92,5.1346,41.9094
3829,SZSE.300088,长信科技,6.5,6.45,6.54,6.39,6.46,-0.6153846153846176,2.307692307692313,51114675,330301097.5,2023-10-31,2.0926,15858777702.54,15779772341.82,1.9133,39.444
3830,SZSE.300091,金通灵,2.96,2.96,2.97,2.92,2.94,-0.6756756756756799,1.6891891891891984,9094490,26758301.7,2023-10-31,0.8265,4378142789.16,3235133840.4,1.8255,-36.7558
3831,SZSE.300092,科新机电,13.13,13.15,13.22,12.87,12.95,-1.3709063214013772,2.6656511805026764,2586600,33613733.0,2023-10-31,1.2325,3547306359.45,2717768015.2,2.3718,21.5407
3832,SZSE.300093,金刚光伏,15.27,15.28,15.45,14.82,14.98,-1.8991486574983618,4.125736738703333,3813649,57411386.94,2023-10-31,1.772,3235680000.0,3224006086.0,-24.6168,-11.0174
3833,SZSE.300094,国联水产,4.46,4.44,4.52,4.38,4.42,-0.8968609865470878,3.1390134529147913,47232196,209859703.69,2023-10-31,4.274,4986499258.26,4884563653.58,1.7334,-16.9205
3834,SZSE.300095,华伍股份,8.33,8.3,8.34,8.13,8.18,-1.800720288115254,2.5210084033613334,3796800,31181600.0,2023-10-31,1.1283,3436337541.52,2752500609.06,1.6213,89.7258
3835,SZSE.300096,ST易联众,6.73,6.77,6.84,6.6,6.64,-1.3372956909361133,3.5661218424962877,21077500,140747955.0,2023-10-31,5.598,2855200000.0,2500063776.56,6.5268,-269.3977
3836,SZSE.300097,智云股份,10.85,10.62,11.12,10.38,10.5,-3.2258064516129004,6.820276497695839,38326005,411446542.82,2023-10-31,14.1938,3029771524.5,2835198954.0,4.5605,-106.5766
3837,SZSE.300098,高新兴,4.39,4.38,4.5,4.26,4.35,-0.9111617312072884,5.466970387243741,94510431,413789966.13,2023-10-31,6.1301,7559352896.25,6706584777.45,2.4742,-28.4406
3838,SZSE.300099,尤洛卡,6.07,6.07,6.1,6.01,6.05,-0.32948929159802853,1.4827018121911013,6278400,38036754.0,2023-10-31,1.0836,4460454792.75,3505473231.15,1.9587,51.3964
3839,SZSE.300100,双林股份,11.09,10.85,11.4,10.26,10.46,-5.68079350766455,10.27953110910731,46089376,493315720.4,2023-10-31,11.9075,4206486834.78,4048677766.64,1.8985,48.184
3840,SZSE.300101,振芯科技,21.42,21.16,21.66,20.74,20.77,-3.0345471521942224,4.295051353874891,31391141,662750652.23,2023-10-31,5.5816,11725620420.0,11681055581.05,6.5444,50.8507
3841,SZSE.300102,乾照光电,7.64,7.65,8.28,7.58,8.07,5.628272251308908,9.162303664921458,102657282,828493323.0,2023-10-31,11.2993,7364355947.79,7331827682.31,1.8203,-63.5565
3842,SZSE.300103,达刚控股,6.36,6.35,6.41,6.28,6.34,-0.3144654088050425,2.0440251572327024,6275569,39767055.96,2023-10-31,2.5568,2013590340.0,1556130473.98,2.861,-22.9993
3843,SZSE.300105,龙源技术,6.64,6.62,6.67,6.41,6.46,-2.7108433734939763,3.9156626506024064,13341200,86902573.0,2023-10-31,2.5995,3333994501.2,3315359371.5,1.8361,97.8149
3844,SZSE.300106,西部牧业,8.99,9.05,9.34,8.99,9.07,0.8898776418242438,3.893214682981086,10396800,95336427.0,2023-10-31,4.9196,1916784051.7,1916784051.7,3.2802,-84.2217
3845,SZSE.300107,建新股份,5.03,5.06,5.09,5.01,5.05,0.397614314115291,1.5904572564612338,4115600,20789632.0,2023-10-31,1.2077,2806631268.4,1720953811.65,1.9206,120.7128
3846,SZSE.300108,ST吉药,3.49,3.48,3.53,3.4,3.45,-1.1461318051575908,3.724928366762174,7965000,27497158.29,2023-10-31,1.2131,2297750625.3,2265130012.8,-34.1691,-20.4848
3847,SZSE.300109,新开源,18.98,19.06,19.1,18.76,18.97,-0.05268703898841931,1.7913593256059002,3169780,59995478.64,2023-10-31,1.1116,6119756847.89,5409333136.48,1.7688,14.6112
3848,SZSE.300110,华仁药业,4.37,4.4,4.47,4.34,4.38,0.22883295194506825,2.9748283752860387,29962880,131999140.6,2023-10-31,2.5383,5178092861.16,5170364898.66,1.9591,26.5968
3849,SZSE.300111,向日葵,3.18,3.2,3.33,3.14,3.3,3.7735849056603765,5.974842767295596,77267123,252174726.88,2023-10-31,6.9001,4247795356.2,3695340000.0,6.2424,111.9639
3850,SZSE.300112,万讯自控,9.77,9.79,9.87,9.6,9.68,-0.92118730808598,2.763561924257928,6973500,67744422.0,2023-10-31,2.9363,2842530160.8,2298926809.52,2.4559,42.0679
3851,SZSE.300113,顺网科技,14.4,14.96,15.44,14.4,14.8,2.77777777777779,7.222222222222216,45519467,680436083.15,2023-10-31,8.607,10275451152.0,7827233864.4,5.1967,-32.6587
3852,SZSE.300114,中航电测,45.74,45.6,46.39,45.44,45.76,0.04372540445998219,2.076956711849591,6922706,318101390.09,2023-10-31,1.1718,27033200434.24,27033200434.24,11.3568,277.5968
3853,SZSE.300115,长盈精密,11.02,11.2,11.77,11.05,11.61,5.353901996370225,6.533575317604345,70088854,810125927.04,2023-10-31,5.8459,13971899878.02,13919800328.1,2.4453,89.3732
3854,SZSE.300116,保力新,1.46,1.46,1.46,1.42,1.43,-2.0547945205479423,2.739726027397263,56917825,81703499.0,2023-10-31,1.3869,6328595654.81,5868500547.91,25.0976,-37.8981
3855,SZSE.300117,嘉寓股份,2.79,2.78,2.85,2.78,2.82,1.0752688172043001,2.508960573476713,7958400,22432537.0,2023-10-31,1.1103,2021263200.0,2021263200.0,-20.5994,-7.6294
3856,SZSE.300118,东方日升,18.09,18.04,18.17,17.62,17.77,-1.7689331122166974,3.0403537866224473,16233951,289264571.13,2023-10-31,1.7635,20258046345.51,16358409858.77,1.3281,13.7188
3857,SZSE.300119,瑞普生物,17.45,17.39,17.48,17.15,17.41,-0.22922636103150928,1.8911174785100393,2865152,49612879.63,2023-10-31,0.8571,8117868398.26,5820106609.01,1.8615,20.9561
3858,SZSE.300120,经纬辉开,7.24,7.24,7.32,7.16,7.2,-0.5524861878453025,2.2099447513812174,5427601,39216008.18,2023-10-31,1.0411,4135636288.8,3753523612.8,1.2603,129.2417
3859,SZSE.300121,阳谷华泰,9.36,9.33,9.52,9.25,9.49,1.3888888888889062,2.88461538461538,4827640,45511943.65,2023-10-31,1.2371,3841275556.3,3703316939.92,1.2908,11.4284
3860,SZSE.300122,智飞生物,62.4,62.25,63.35,61.16,62.65,0.4006410256410353,3.509615384615392,14592859,910118142.92,2023-10-31,1.0273,150360000000.0,88995478574.45,5.0176,17.7685
3861,SZSE.300123,亚光科技,9.67,9.33,9.74,9.0,9.38,-2.998965873836601,7.652533609100312,169644475,1578544698.59,2023-10-31,16.9581,9584804073.74,9383506412.84,3.4549,-9.2546
3862,SZSE.300124,汇川技术,61.08,61.16,61.45,59.9,60.44,-1.047806155861164,2.5376555337262676,10382091,626341858.2,2023-10-31,0.4476,161092612288.4,140193252354.6,7.1675,35.3714
3863,SZSE.300125,聆达股份,14.38,14.44,15.22,14.3,14.71,2.294853963838661,6.397774687065367,5151665,75699253.62,2023-10-31,1.9597,3905504926.45,3866962519.95,5.7231,151.3476
3864,SZSE.300126,锐奇股份,6.74,6.73,6.79,6.6,6.62,-1.7804154302670683,2.8189910979228543,3891774,25977696.96,2023-10-31,1.85,2012199312.0,1393084525.98,1.8383,-581.3348
3865,SZSE.300127,银河磁体,17.62,17.56,17.77,17.38,17.52,-0.5675368898978461,2.213393870601592,3836120,67387571.2,2023-10-31,1.662,5661524227.2,4043898772.8,3.9951,32.4921
3866,SZSE.300128,锦富技术,5.14,5.05,5.19,4.91,4.95,-3.696498054474695,5.447470817120627,56092035,282162014.88,2023-10-31,5.1279,5415871289.4,5414600871.9,9.7444,-15.9979
3867,SZSE.300129,泰胜风能,10.17,10.06,10.47,10.0,10.02,-1.4749262536873142,4.621435594886929,19445450,198144389.32,2023-10-31,2.9973,9367690304.64,6500657133.54,2.213,27.1913
3868,SZSE.300130,新国都,23.74,23.52,23.68,22.73,23.26,-2.0219039595619104,4.001684919966299,16985407,392946086.24,2023-10-31,4.1367,12676154576.26,9550643480.86,3.2538,43.5609
3869,SZSE.300131,英唐智控,5.42,5.42,5.48,5.32,5.37,-0.9225092250922495,2.9520295202952056,23584106,127011747.14,2023-10-31,2.2931,6108896346.45,5522850020.67,3.5709,111.717
3870,SZSE.300132,青松股份,5.17,5.18,5.32,5.17,5.25,1.547388781431347,2.9013539651837594,8844201,46306236.24,2023-10-31,1.7428,2712049651.5,2664180261.75,2.0629,-18.1909
3871,SZSE.300133,华策影视,5.42,5.69,5.98,5.61,5.63,3.874538745387457,6.826568265682659,108988399,627344308.42,2023-10-31,6.6935,10703044936.63,9167162920.63,1.5225,24.9511
3872,SZSE.300134,大富科技,11.44,11.39,11.65,11.12,11.25,-1.660839160839156,4.632867132867143,24365312,276597036.51,2023-10-31,3.4201,8634352567.5,8014702567.5,1.8864,-4324.8044
3873,SZSE.300135,宝利国际,3.84,3.84,4.16,3.84,3.94,2.604166666666674,8.333333333333341,70069200,278696244.0,2023-10-31,7.603,3631104000.0,3631104000.0,3.6271,-20.3532
3874,SZSE.300136,信维通信,26.5,26.5,28.09,25.65,26.2,-1.132075471698113,9.207547169811326,134406333,3610326599.72,2023-10-31,16.3024,25350298315.6,21600791111.2,3.5931,44.9181
3875,SZSE.300137,先河环保,5.82,5.83,5.88,5.77,5.83,0.1718213058419238,1.8900343642611739,5011482,29182831.22,2023-10-31,1.0506,3128274284.3,2780994237.67,1.6151,-25.087
3876,SZSE.300138,晨光生物,13.52,13.55,13.69,13.39,13.52,0.0,2.218934911242596,3667700,49674243.0,2023-10-31,0.854,7203104358.32,5806166109.12,2.0633,14.5333
3877,SZSE.300139,晓程科技,11.43,11.23,11.38,10.99,11.12,-2.7121609798775204,3.412073490813653,23350580,260167037.88,2023-10-31,9.9938,3046880000.0,2598207182.0,2.8779,-115.6056
3878,SZSE.300140,节能环境,7.56,7.52,7.68,7.49,7.53,-0.3968253968253843,2.513227513227507,5375400,40760775.0,2023-10-31,1.2696,19624671015.3,3188167618.02,1.939,-276.1313
3879,SZSE.300141,和顺电气,9.78,9.75,10.08,9.69,9.8,0.2044989775051187,3.9877300613496995,7200800,70849297.0,2023-10-31,3.7805,2488069080.0,1866618896.8,3.7502,-613.336
3880,SZSE.300142,沃森生物,22.94,23.0,23.37,22.76,23.28,1.482127288578905,2.65911072362685,16522240,382404079.23,2023-10-31,1.054,37419072707.52,36491993104.56,3.9176,49.8499
3881,SZSE.300143,盈康生命,10.18,10.2,10.36,10.17,10.3,1.1787819253438192,1.8664047151276966,7175200,73773117.0,2023-10-31,1.1174,6614320203.0,6614181153.0,4.8275,-11.8669
3882,SZSE.300144,宋城演艺,11.14,11.11,11.14,10.9,10.99,-1.3464991023339312,2.1543985637342926,26043034,285732628.25,2023-10-31,1.1076,28735487499.6,25841576807.34,3.4821,39.8547
3883,SZSE.300145,中金环境,3.07,3.08,3.22,3.05,3.12,1.6286644951140072,5.537459283387634,62590469,196996388.98,2023-10-31,3.3054,5996952736.32,5908023223.44,2.5181,30.3875
3884,SZSE.300146,汤臣倍健,18.45,18.59,18.59,18.3,18.32,-0.7046070460704601,1.5718157181571772,9653612,177288022.32,2023-10-31,0.8544,31157983124.72,20699848131.68,2.5456,17.2621
3885,SZSE.300147,香雪制药,5.43,5.45,5.56,5.4,5.52,1.6574585635359185,2.9465930018416073,16496000,90973011.0,2023-10-31,2.5093,3650260328.4,3628784751.84,1.6178,-9.5915
3886,SZSE.300148,天舟文化,3.89,3.9,4.09,3.9,3.96,1.799485861182526,4.884318766066836,49973917,199836029.47,2023-10-31,6.3219,3307943798.28,3130327470.6,3.2012,-9.3328
3887,SZSE.300149,睿智医药,8.82,8.85,9.09,8.72,8.92,1.1337868480725488,4.195011337868472,17168729,153494908.65,2023-10-31,3.4413,4458009876.64,4450250368.64,1.913,-6.4985
3888,SZSE.300150,世纪瑞尔,4.81,4.8,4.84,4.72,4.77,-0.8316008316008316,2.494802494802497,10134500,48271398.0,2023-10-31,1.9689,2790955872.81,2455280879.49,1.8138,-7.5362
3889,SZSE.300151,昌红科技,18.21,18.09,18.88,17.95,18.67,2.5260845689181854,5.107084019769355,11450919,212821622.35,2023-10-31,3.5684,9941924864.09,5991115157.65,6.296,166.8154
3890,SZSE.300152,新动力,2.87,2.88,2.92,2.86,2.88,0.34843205574912606,2.0905923344947754,10234218,29524534.66,2023-10-31,1.4366,2052864000.0,2051735328.0,5.5444,-16.947
3891,SZSE.300153,科泰电源,7.95,7.94,8.01,7.83,7.89,-0.7547169811320864,2.264150943396223,3719156,29430266.4,2023-10-31,1.1694,2524800000.0,2509257631.02,3.0696,82.265
3892,SZSE.300154,瑞凌股份,7.13,7.14,7.18,7.06,7.09,-0.5610098176718092,1.6830294530154295,3628500,25776204.0,2023-10-31,1.1359,3221803768.0,2264747710.5,1.8798,26.8244
3893,SZSE.300155,安居宝,5.49,5.51,5.53,5.43,5.47,-0.36429872495447047,1.8214936247723228,6377788,34912241.0,2023-10-31,1.9309,3069915759.68,1806721778.42,2.2581,-70.9031
3894,SZSE.300157,新锦动力,3.67,3.65,3.67,3.57,3.58,-2.4523160762942697,2.724795640326978,21522527,77679164.94,2023-10-31,3.0861,2597605960.06,2496678242.06,-81.4112,-32.472
3895,SZSE.300158,振东制药,6.33,6.37,6.94,6.31,6.74,6.477093206951023,9.952606635071103,83036734,547395704.44,2023-10-31,8.108,6925314008.4,6902658105.0,1.3262,-90.0459
3896,SZSE.300159,新研股份,2.74,2.73,2.84,2.72,2.78,1.4598540145985162,4.379562043795607,45459886,126464169.22,2023-10-31,3.0884,4092065265.94,4092065265.94,62.3588,-112.4917
3897,SZSE.300160,秀强股份,6.08,6.08,6.09,5.98,6.02,-0.9868421052631637,1.8092105263157803,6424750,38674479.5,2023-10-31,0.8879,4653136677.84,4355993071.78,1.9753,22.9938
3898,SZSE.300161,华中数控,36.61,36.56,36.75,35.15,35.6,-2.758809068560497,4.370390603660206,3466197,123742065.16,2023-10-31,2.0539,7073609853.6,6007931578.8,4.3945,190.787
3899,SZSE.300162,雷曼光电,7.32,7.33,7.38,7.24,7.29,-0.4098360655737765,1.9125683060109244,3602322,26234045.0,2023-10-31,1.3236,2547928118.7,1984059376.2,3.8982,-102.5165
3900,SZSE.300163,先锋新材,3.6,3.59,3.64,3.57,3.58,-0.5555555555555536,1.9444444444444524,12478310,44900558.8,2023-10-31,2.9939,1696920000.0,1492099840.7,2.8729,-156.3417
3901,SZSE.300164,通源石油,5.4,5.26,5.3,5.15,5.2,-3.703703703703709,2.7777777777777675,72852191,379068905.47,2023-10-31,13.5045,3072724870.8,2805227864.4,2.2436,31.6833
3902,SZSE.300165,天瑞仪器,5.78,5.74,5.86,5.68,5.79,0.17301038062282892,3.114186851211083,7637602,44317691.32,2023-10-31,1.9083,2869012887.75,2317388343.57,1.9144,-36.9035
3903,SZSE.300166,东方国信,10.6,10.6,10.65,10.31,10.41,-1.7924528301886733,3.207547169811319,38773711,404943949.97,2023-10-31,4.2172,11996290759.17,9571061129.31,1.8145,-33.4074
3904,SZSE.300167,ST迪威迅,3.32,3.33,3.44,3.29,3.41,2.7108433734939874,4.518072289156624,16271700,54823154.0,2023-10-31,4.8734,1229475500.0,1138547850.0,18.6234,-4.8791
3905,SZSE.300168,万达信息,9.07,9.05,9.18,8.93,9.02,-0.5512679162072875,2.7563395810363835,21638890,195451550.96,2023-10-31,1.5895,13017591758.82,12279159311.32,4.5069,-42.3713
3906,SZSE.300169,天晟新材,8.25,8.12,8.45,7.8,7.9,-4.242424242424237,7.878787878787873,66983309,542243441.73,2023-10-31,22.1993,2575276286.0,2383712677.8,10.8511,-13.7819
3907,SZSE.300170,汉得信息,8.44,8.45,8.48,8.22,8.32,-1.421800947867291,3.0805687203791448,16530787,137833599.06,2023-10-31,1.7539,8180973382.4,7841726696.96,1.6613,229.1063
3908,SZSE.300171,东富龙,18.81,18.79,19.12,18.61,18.97,0.8506113769271684,2.711323763955351,10126636,191368371.36,2023-10-31,1.8132,14430527183.8,10594625489.0,1.8403,17.4808
3909,SZSE.300172,中电环保,5.96,5.99,6.04,5.86,5.91,-0.8389261744966459,3.020134228187915,26648170,158112944.9,2023-10-31,5.0903,3999356100.0,3093958207.17,2.1669,46.5526
3910,SZSE.300173,福能东方,4.94,4.94,4.94,4.75,4.78,-3.238866396761131,3.846153846153854,40111729,192950976.19,2023-10-31,5.4613,3511988836.44,3510755606.0,4.0307,-12.8633
3911,SZSE.300174,元力股份,15.45,15.38,15.54,15.27,15.34,-0.711974110032354,1.7475728155339778,2147896,33039204.88,2023-10-31,0.5893,5612182872.4,5591176307.08,1.8374,23.9826
3912,SZSE.300175,朗源股份,4.69,4.7,5.45,4.69,5.03,7.249466950959493,16.204690831556498,61516001,314066820.21,2023-10-31,13.0663,2368124000.0,2368124000.0,4.4199,-81.9216
3913,SZSE.300176,派生科技,6.68,6.69,6.75,6.6,6.63,-0.7485029940119681,2.2455089820359335,3797839,25323984.68,2023-10-31,0.9806,2567671704.0,2567671704.0,2.8777,1458.9693
3914,SZSE.300177,中海达,7.54,7.57,7.58,7.34,7.43,-1.458885941644572,3.183023872679048,15162133,112898597.97,2023-10-31,2.5009,5529176160.38,4504566826.58,2.66,-41.622
3915,SZSE.300179,四方达,8.75,8.71,8.76,8.61,8.7,-0.5714285714285783,1.7142857142857182,2669100,23137116.0,2023-10-31,0.7098,4227406821.0,3271608786.9,3.5983,31.4485
3916,SZSE.300180,华峰超纤,5.34,5.59,6.12,5.25,5.25,-1.6853932584269593,16.29213483146068,360144888,2040889089.52,2023-10-31,24.4218,9245565813.75,7742102508.0,1.9547,-22.7865
3917,SZSE.300181,佐力药业,10.52,10.47,10.95,10.41,10.61,0.8555133079847899,5.133079847908737,19530897,208767133.45,2023-10-31,3.2493,7441719624.35,6377473208.38,2.7899,20.9089
3918,SZSE.300182,捷成股份,4.87,4.86,4.95,4.81,4.86,-0.2053388090349051,2.874743326488718,65530071,319174573.58,2023-10-31,2.9622,12815654794.02,10751398443.72,1.6197,27.5922
3919,SZSE.300183,东软载波,14.35,14.28,15.4,14.22,14.54,1.324041811846688,8.22299651567944,11060169,162043000.24,2023-10-31,3.2971,6726336851.98,4877456260.48,2.1414,48.6761
3920,SZSE.300184,力源信息,5.72,5.73,5.83,5.49,5.56,-2.7972027972028024,5.9440559440559415,58748360,329744378.35,2023-10-31,5.6037,6416306286.32,5829054955.24,1.7559,76.7925
3921,SZSE.300185,通裕重工,2.5,2.5,2.51,2.47,2.48,-0.8000000000000007,1.5999999999999837,22854900,56822905.0,2023-10-31,0.6168,9664387290.32,9189053943.76,1.4263,29.7572
3922,SZSE.300187,永清环保,5.59,5.64,5.72,5.57,5.66,1.2522361359570633,2.683363148479418,3902300,22118298.0,2023-10-31,0.6055,3654221453.9,3647866983.22,3.5403,-9.7448
3923,SZSE.300188,国投智能,15.31,15.4,15.48,15.0,15.09,-1.4369693011103912,3.1352057478772073,7992500,121340844.0,2023-10-31,1.1035,12969512607.9,10929129318.87,3.4319,-310.6439
3924,SZSE.300189,神农科技,3.38,3.38,3.4,3.34,3.37,-0.2958579881656709,1.7751479289940846,15063450,50682030.5,2023-10-31,1.5641,3450880000.0,3245477650.76,4.3376,-64.9874
3925,SZSE.300190,维尔利,4.25,4.24,4.3,4.24,4.26,0.23529411764704466,1.4117647058823437,4187280,17860312.2,2023-10-31,0.5395,3329568215.58,3306461536.8,0.8784,-7.1039
3926,SZSE.300191,潜能恒信,17.49,17.32,17.46,17.25,17.41,-0.4574042309891224,1.2006861063464886,1790140,31028002.2,2023-10-31,0.8134,5571200000.0,3831418700.0,4.7963,-56.1718
3927,SZSE.300192,科德教育,9.38,9.4,9.57,9.17,9.25,-1.3859275053304976,4.26439232409382,10557584,98623885.52,2023-10-31,4.7526,3044575793.25,2054816469.25,3.6275,25.2468
3928,SZSE.300193,佳士科技,7.46,7.44,7.59,7.28,7.34,-1.608579088471851,4.155495978552273,21217017,156524883.16,2023-10-31,4.8589,3620078215.78,3205091350.98,1.6229,18.1989
3929,SZSE.300194,福安药业,4.94,4.96,5.01,4.81,4.85,-1.8218623481781493,4.048582995951421,64182547,313837929.4,2023-10-31,6.6313,5770105052.7,4694202838.9,1.3905,18.0083
3930,SZSE.300195,长荣股份,6.12,6.09,6.23,6.09,6.15,0.4901960784313708,2.2875816993464144,7293500,44928096.0,2023-10-31,2.3268,2603832239.4,1927797025.65,0.9803,-40.3002
3931,SZSE.300196,长海股份,12.72,12.7,12.75,12.53,12.57,-1.1792452830188704,1.7295597484276777,1275078,16079355.68,2023-10-31,0.5176,5137560673.08,3096766305.03,1.1792,10.2171
3932,SZSE.300197,节能铁汉,2.31,2.31,2.32,2.29,2.3,-0.43290043290044045,1.2987012987012903,11287868,26030664.08,2023-10-31,0.5398,6820004008.2,4809380081.4,1.2347,-8.8999
3933,SZSE.300198,纳川股份,2.83,2.81,2.81,2.72,2.73,-3.5335689045936425,3.1802120141342707,33160335,91197434.05,2023-10-31,3.6513,2816127514.2,2479305402.21,2.8008,-12.2709
3934,SZSE.300199,翰宇药业,16.76,16.46,17.5,15.83,15.94,-4.892601431980914,9.964200477326967,113105966,1885262364.88,2023-10-31,16.982,14078866895.84,10616578979.22,12.521,-34.8213
3935,SZSE.300200,高盟新材,9.21,9.13,9.27,9.01,9.09,-1.302931596091217,2.8230184581976085,15284751,139223624.61,2023-10-31,3.6253,3917546442.54,3832420646.88,1.9278,29.3964
3936,SZSE.300201,海伦哲,4.64,4.62,4.71,4.57,4.58,-1.2931034482758563,3.017241379310338,19633291,90855362.96,2023-10-31,1.8937,4767420552.44,4748596935.64,3.4214,33.7489
3937,SZSE.300203,聚光科技,17.69,17.74,18.56,17.6,18.17,2.713397399660833,5.426794799321636,15892440,287998007.5,2023-10-31,3.514,8222241158.0,8217471533.0,2.691,-18.6168
3938,SZSE.300204,舒泰神,10.49,10.59,10.77,10.44,10.53,0.38131553860818457,3.1458531935176364,11825900,125492839.0,2023-10-31,2.5056,5030945004.15,4969882892.52,4.2698,-22.1524
3939,SZSE.300205,ST天喻,11.25,11.2,11.34,11.0,11.09,-1.4222222222222247,3.022222222222221,3964653,44085597.76,2023-10-31,0.9337,4769321040.0,4709216456.1,3.1731,135.0182
3940,SZSE.300206,理邦仪器,10.72,10.6,10.8,10.6,10.69,-0.2798507462686728,1.8656716417910546,4947900,53006678.0,2023-10-31,1.4534,6218606533.74,3639282914.85,3.1376,22.2014
3941,SZSE.300207,欣旺达,15.97,15.83,16.1,15.51,16.1,0.8140262993112213,3.69442705072011,41978957,659475013.02,2023-10-31,2.4292,29981697821.6,27822358174.1,1.3122,25.4109
3942,SZSE.300208,青岛中程,7.24,7.23,7.28,7.13,7.17,-0.9668508287292821,2.071823204419894,3469500,24902317.97,2023-10-31,0.5048,5373735750.0,4928594373.42,5.1398,-41.054
3943,SZSE.300209,ST有棵树,2.99,2.99,3.13,2.98,3.12,4.347826086956519,5.0167224080267525,15549581,47745449.38,2023-10-31,3.9393,1316974869.6,1231558046.16,-27.5004,-3.5049
3944,SZSE.300211,亿通科技,9.48,9.52,9.96,9.48,9.52,0.42194092827003704,5.06329113924051,6882966,66370720.48,2023-10-31,2.3099,2888484362.96,2836691764.48,5.5423,756.1669
3945,SZSE.300212,易华录,28.55,28.8,29.25,28.18,29.0,1.5761821366024442,3.7478108581436085,19909303,573208850.66,2023-10-31,3.1073,19308614961.0,18580969639.0,5.7176,-37.4778
3946,SZSE.300213,佳讯飞鸿,7.3,7.28,7.33,7.02,7.1,-2.73972602739726,4.246575342465761,36757500,262142085.0,2023-10-31,6.6723,4215401804.4,3911395481.2,1.8965,59.8801
3947,SZSE.300214,日科化学,6.31,6.31,6.34,6.28,6.33,0.31695721077655836,0.9508716323296293,1780304,11245270.28,2023-10-31,0.4411,2954860546.62,2554554334.38,1.1455,24.9816
3948,SZSE.300215,电科院,5.02,5.02,5.04,4.98,5.02,0.0,1.1952191235059684,2753535,13805274.35,2023-10-31,0.3935,3806778884.74,3512732384.74,1.9362,-245.5234
3949,SZSE.300217,东方电热,5.72,5.73,5.74,5.67,5.69,-0.5244755244755095,1.2237762237762289,11893119,67816586.84,2023-10-31,0.9617,8465050212.6,7036715527.28,2.1978,13.0128
3950,SZSE.300218,安利股份,11.9,11.89,12.09,11.66,11.86,-0.3361344537815225,3.613445378151258,7856700,93172600.0,2023-10-31,3.6327,2573465820.0,2565038032.84,2.0763,1157.9676
3951,SZSE.300219,鸿利智汇,8.42,8.47,8.47,8.21,8.26,-1.9002375296912177,3.087885985748216,22738024,189011984.0,2023-10-31,3.2177,5847613359.56,5836919839.66,2.2873,26.3607
3952,SZSE.300220,ST金运,7.8,7.78,7.96,7.7,7.75,-0.6410256410256387,3.3333333333333304,1421503,11089276.28,2023-10-31,0.9413,1171800000.0,1170399947.0,15.1221,-26.0346
3953,SZSE.300221,银禧科技,5.66,5.65,5.75,5.62,5.7,0.7067137809187329,2.296819787985864,10769800,61339567.0,2023-10-31,2.3682,2704980229.5,2592171825.9,2.075,91.2508
3954,SZSE.300222,科大智能,7.03,7.04,7.07,6.96,7.02,-0.14224751066856944,1.5647226173542008,6854054,48105082.92,2023-10-31,1.0781,5477300482.68,4463066853.18,3.1162,-22.1414
3955,SZSE.300223,北京君正,73.61,73.73,74.96,73.2,73.8,0.2581171036543983,2.3909794864828022,5975009,441799770.55,2023-10-31,1.437,35539859431.8,30686474608.2,3.0639,83.4404
3956,SZSE.300224,正海磁材,11.99,11.99,12.05,11.85,11.94,-0.417014178482078,1.6680567139282825,5545803,66176170.85,2023-10-31,0.6805,9793716547.98,9730593361.92,2.8096,20.9873
3957,SZSE.300225,金力泰,10.42,10.54,10.54,10.34,10.36,-0.5758157389635365,1.9193857965450989,10010914,104380298.72,2023-10-31,2.1073,5068166908.0,4921591452.4,6.518,-331.8442
3958,SZSE.300226,上海钢联,25.62,25.62,25.82,25.02,25.34,-1.0928961748633892,3.1225604996096825,8688041,220819897.05,2023-10-31,2.807,8154957215.44,7843175857.3,4.2228,35.1294
3959,SZSE.300227,光韵达,7.98,7.96,8.05,7.9,7.94,-0.5012531328320802,1.8796992481203052,12519254,99791987.0,2023-10-31,3.0727,3968253382.62,3235029548.88,2.5361,101.5859
3960,SZSE.300228,富瑞特装,7.55,7.45,7.85,7.44,7.71,2.119205298013238,5.430463576158931,46973797,361083765.96,2023-10-31,8.6524,4436382950.79,4185745114.29,2.5049,-52.6441
3961,SZSE.300229,拓尔思,16.91,16.64,16.67,15.86,16.08,-4.908338261383804,4.790065050266128,40087548,645754289.67,2023-10-31,5.0445,12788294572.08,12778458452.16,3.8312,273.1766
3962,SZSE.300230,永利股份,4.02,4.03,4.07,3.98,4.06,0.995024875621886,2.2388059701492615,14981360,60545016.4,2023-10-31,2.3674,3313796526.46,2569229301.94,1.167,15.1369
3963,SZSE.300231,银信科技,12.26,12.05,12.36,11.93,12.12,-1.1419249592169667,3.507340946166392,45584260,552237510.36,2023-10-31,13.2653,5078446128.84,4164865314.24,3.2619,33.7325
3964,SZSE.300232,洲明科技,6.45,6.46,6.56,6.34,6.4,-0.7751937984496138,3.4108527131782904,33239617,213281634.15,2023-10-31,3.7376,7002172652.8,5691684569.6,1.4586,8713.5684
3965,SZSE.300233,金城医药,18.22,18.17,18.59,18.0,18.4,0.9879253567508295,3.238199780461031,5831313,107162720.62,2023-10-31,1.6176,7101009456.8,6633074199.2,1.9295,48.1586
3966,SZSE.300234,开尔新材,5.27,5.27,5.3,5.23,5.26,-0.1897533206831059,1.3282732447817724,3755200,19756181.0,2023-10-31,1.0783,2669194290.36,1831886208.4,2.4066,35.5966
3967,SZSE.300235,方直科技,10.95,10.96,11.11,10.72,10.81,-1.2785388127853792,3.5616438356164277,5877182,64113107.81,2023-10-31,2.8933,2721381124.35,2195848866.55,3.871,119.513
3968,SZSE.300236,上海新阳,36.57,37.01,37.5,36.34,36.66,0.24610336341261974,3.171998906207264,3941800,144805426.0,2023-10-31,1.4158,11488562197.32,10206830165.22,2.6087,75.0296
3969,SZSE.300237,美晨生态,1.99,1.99,2.01,1.97,1.97,-1.005025125628145,2.010050251256272,15683799,31126047.03,2023-10-31,1.0903,2840572412.1,2833755965.85,6.3615,-1.9856
3970,SZSE.300238,冠昊生物,14.21,14.23,14.66,14.16,14.47,1.8296973961998475,3.5186488388458828,9837700,142527477.0,2023-10-31,3.7105,3836802993.47,3836490166.54,7.2495,-109.6834
3971,SZSE.300239,东宝生物,6.38,6.38,6.56,6.34,6.52,2.1943573667711602,3.448275862068962,13910600,90153872.0,2023-10-31,2.6982,3870291449.16,3361442639.24,2.4064,33.1036
3972,SZSE.300240,飞力达,7.1,7.1,7.42,7.05,7.38,3.9436619718309807,5.211267605633805,24485000,177711273.0,2023-10-31,6.7575,2731326930.0,2674059266.52,1.834,54.9446
3973,SZSE.300241,瑞丰光电,5.24,5.22,5.35,5.18,5.29,0.9541984732824416,3.244274809160304,14143200,74903723.0,2023-10-31,2.4731,3623920334.87,3025282880.67,1.7172,-108.1362
3974,SZSE.300242,佳云科技,3.37,3.38,3.47,3.35,3.38,0.29673590504450953,3.5608308605341277,41717300,142094225.0,2023-10-31,6.6262,2144796657.12,2127968982.36,4.9344,-27.6058
3975,SZSE.300243,瑞丰高材,9.65,9.61,9.77,9.41,9.59,-0.6217616580310947,3.7305699481865227,5282602,50987796.48,2023-10-31,2.797,2258093094.95,1811258370.74,2.3713,33.1089
3976,SZSE.300244,迪安诊断,22.72,22.7,23.16,22.45,23.0,1.232394366197198,3.125000000000004,3714109,85295523.93,2023-10-31,0.7384,14418654828.0,11569337203.0,1.8376,-31.1611
3977,SZSE.300245,天玑科技,8.49,8.5,8.62,8.41,8.46,-0.35335689045935537,2.473498233215537,8452369,71834365.74,2023-10-31,2.7186,2651850390.78,2630282263.74,1.8778,-105.9589
3978,SZSE.300246,宝莱特,10.82,10.82,11.16,10.79,10.99,1.5711645101663674,3.4195933456562013,7231868,79590616.0,2023-10-31,3.4227,2907663578.26,2322125137.29,2.0912,38.2251
3979,SZSE.300247,融捷健康,3.62,3.62,3.65,3.6,3.62,0.0,1.3812154696132548,9473602,34336261.26,2023-10-31,1.1794,2910625933.06,2907856633.06,2.8612,210.4529
3980,SZSE.300248,新开普,9.45,9.41,9.52,9.22,9.29,-1.6931216931216908,3.1746031746031633,7159303,66726450.21,2023-10-31,1.8034,4425276570.97,3688006210.75,2.2215,34.7151
3981,SZSE.300249,依米康,10.01,9.91,9.99,9.71,9.83,-1.7982017982017928,2.797202797202791,21374840,210066101.93,2023-10-31,5.8017,4329996981.02,3621587522.75,7.606,-29.6879
3982,SZSE.300250,初灵信息,18.37,18.4,19.94,18.22,19.38,5.498094719651592,9.363091997822549,48026493,910777087.95,2023-10-31,29.367,4263404300.76,3169384754.1,6.8512,-40.3738
3983,SZSE.300251,光线传媒,7.76,7.85,7.98,7.78,7.83,0.9020618556700999,2.5773195876288684,45133849,355146801.97,2023-10-31,1.6193,22970154022.56,21823958861.82,2.7019,-51.4751
3984,SZSE.300252,金信诺,10.02,9.95,10.16,9.65,9.72,-2.9940119760478945,5.089820359281435,42768670,421586389.5,2023-10-31,8.0204,6436135266.48,5183154084.6,2.6718,-15.501
3985,SZSE.300253,卫宁健康,7.55,7.5,7.54,7.36,7.44,-1.4569536423840956,2.384105960264897,26035710,193722924.37,2023-10-31,1.4081,15979163309.76,13756916137.92,3.0521,132.345
3986,SZSE.300254,仟源医药,10.4,10.3,11.01,10.3,10.59,1.8269230769230704,6.826923076923068,23687066,253201499.32,2023-10-31,10.5919,2558740582.17,2368272029.76,4.5593,-23.937
3987,SZSE.300255,常山药业,13.07,13.05,13.89,12.6,13.2,0.9946442234123776,9.869931140015309,120269316,1605938998.66,2023-10-31,12.9071,12341562789.6,12299820007.2,4.6323,-28.1702
3988,SZSE.300256,星星科技,3.06,3.04,3.08,2.98,3.0,-1.9607843137254943,3.2679738562091534,52273387,158251533.0,2023-10-31,3.1808,6805180158.0,4930180158.0,3.8363,-7.0494
3989,SZSE.300257,开山股份,14.0,13.98,14.17,13.93,14.07,0.5000000000000115,1.7142857142857157,2464900,34675535.0,2023-10-31,0.2583,13980444703.26,13428108829.59,2.2493,32.8549
3990,SZSE.300258,精锻科技,12.58,12.5,12.59,12.1,12.2,-3.020667726550086,3.8950715421303674,8722736,106686645.56,2023-10-31,1.8811,5877670506.2,5657192813.8,1.666,22.4692
3991,SZSE.300259,新天科技,3.66,3.66,3.68,3.64,3.68,0.5464480874316946,1.0928961748633887,8080080,29603401.6,2023-10-31,0.6909,4304869578.88,4303882290.08,1.53,19.6749
3992,SZSE.300260,新莱应材,33.28,33.28,35.66,33.28,34.02,2.223557692307687,7.151442307692293,8051587,277788856.79,2023-10-31,2.8893,13873585703.04,9480395856.96,8.0027,58.2832
3993,SZSE.300261,雅本化学,7.65,7.64,7.77,7.59,7.69,0.5228758169934622,2.3529411764705843,8985872,69212161.4,2023-10-31,0.9589,7407849831.99,7206140409.13,3.0542,75.5314
3994,SZSE.300262,巴安水务,3.17,3.06,3.11,2.96,2.96,-6.624605678233442,4.731861198738168,89921691,271789564.3,2023-10-31,13.4682,1982510317.04,1976278025.2,16.9959,-6.7294
3995,SZSE.300263,隆华科技,7.28,7.26,7.3,7.17,7.21,-0.9615384615384692,1.7857142857142843,6752600,48732306.0,2023-10-31,0.8746,6520194598.54,5566830898.79,2.1204,74.2577
3996,SZSE.300264,佳创视讯,6.2,6.15,6.3,6.1,6.15,-0.8064516129032251,3.2258064516129057,19713302,122323519.5,2023-10-31,5.3479,2649773735.7,2267003965.65,22.5094,-28.4618
3997,SZSE.300265,通光线缆,9.17,9.18,9.24,9.05,9.1,-0.7633587786259555,2.071973827699013,2501100,22793403.0,2023-10-31,0.6859,4170402190.5,3318320305.3,1.8584,32.4439
3998,SZSE.300266,兴源环境,3.26,3.26,3.27,3.17,3.19,-2.1472392638036797,3.06748466257669,22497381,72253632.58,2023-10-31,1.4479,4956645331.66,4956541975.66,5.1137,-8.1713
3999,SZSE.300267,尔康制药,3.47,3.47,3.52,3.45,3.49,0.5763688760807018,2.0172910662824157,32142700,112122935.0,2023-10-31,2.2598,7198490996.3,4964164975.09,1.4164,145.3675
4000,SZSE.300268,*ST佳沃,11.36,11.36,11.36,11.01,11.19,-1.4964788732394374,3.080985915492955,1624802,18126169.26,2023-10-31,1.216,1949298000.0,1495211559.84,-0.8849,-1.0544
4001,SZSE.300269,联建光电,3.99,4.01,4.79,3.98,4.79,20.050125313283207,20.30075187969925,157975654,730569261.79,2023-10-31,30.0531,2630255221.75,2517889260.62,25.398,-237.8011
4002,SZSE.300270,中威电子,7.2,7.21,7.28,7.09,7.15,-0.694444444444442,2.638888888888894,5665300,40679713.65,2023-10-31,2.3353,2165063100.2,1734551003.9,3.0907,-292.0799
4003,SZSE.300271,华宇软件,8.56,8.64,8.64,8.37,8.46,-1.1682242990654124,3.1542056074766514,8677200,73492277.0,2023-10-31,1.0822,6933344803.38,6783463221.84,1.2851,-6.4121
4004,SZSE.300272,开能健康,5.94,5.92,6.01,5.86,5.92,-0.33670033670034627,2.525252525252516,8055370,47788809.28,2023-10-31,1.8708,3416857938.08,2549032605.44,2.9205,25.8012
4005,SZSE.300274,阳光电源,86.96,86.97,86.97,84.01,84.15,-3.231370745170181,3.4038638454461747,19440732,1650175614.77,2023-10-31,1.7262,124975455303.6,94772956900.05,4.894,14.2734
4006,SZSE.300275,梅安森,13.48,13.36,13.75,13.07,13.3,-1.3353115727002929,5.044510385756674,12227531,163577808.21,2023-10-31,4.8898,4020135778.4,3316119749.6,4.8574,83.8085
4007,SZSE.300276,三丰智能,3.77,3.75,3.76,3.68,3.71,-1.5915119363395291,2.1220159151193534,14336212,53264090.44,2023-10-31,1.4444,5197869492.9,3682194833.66,2.6924,-10.3419
4008,SZSE.300277,海联讯,8.29,8.29,8.34,8.2,8.28,-0.12062726176115257,1.6887816646562193,4966700,41023006.0,2023-10-31,1.4851,2773800000.0,2769120144.0,5.7134,245.4818
4009,SZSE.300278,华昌达,3.81,3.8,3.84,3.76,3.78,-0.7874015748031593,2.0997375328084007,10741021,40706121.01,2023-10-31,0.831,5373294600.24,4885872014.52,3.1321,62.1056
4010,SZSE.300279,和晶科技,6.28,6.2,6.27,6.13,6.23,-0.7961783439490389,2.2292993630573195,10431822,64792598.72,2023-10-31,2.4174,2992891109.11,2688467809.72,3.4305,-15.3135
4011,SZSE.300280,紫天科技,45.7,48.5,49.98,43.37,44.8,-1.9693654266958571,14.463894967177241,29514683,1375615341.44,2023-10-31,18.3922,7260545331.2,7189242771.2,2.7459,25.2114
4012,SZSE.300281,金明精机,5.58,5.6,5.63,5.54,5.57,-0.17921146953404632,1.612903225806449,5107800,28540170.0,2023-10-31,1.2855,2333404340.6,2213105329.84,1.8243,-664.8652
4013,SZSE.300282,*ST三盛,3.37,3.4,3.45,3.31,3.38,0.29673590504450953,4.1543026706231485,3949608,13267810.36,2023-10-31,1.0552,1265155817.9,1265155817.9,0.9626,-5.2353
4014,SZSE.300283,温州宏丰,5.91,5.9,5.99,5.79,5.83,-1.3536379018612488,3.384094754653133,8626192,50631690.3,2023-10-31,2.8081,2548462810.41,1790900221.66,2.9288,42.2537
4015,SZSE.300284,苏交科,5.64,5.62,5.63,5.55,5.57,-1.241134751773043,1.4184397163120581,6767908,37751043.96,2023-10-31,0.7614,7033950701.18,4950941232.3,0.8532,12.9768
4016,SZSE.300285,国瓷材料,24.42,24.38,24.96,24.03,24.67,1.0237510237510294,3.8083538083538073,10112550,248312734.14,2023-10-31,1.259,24764001038.46,19815237227.62,3.9909,51.4959
4017,SZSE.300286,安科瑞,28.09,27.9,28.35,27.67,27.84,-0.8899964400142402,2.420790316838732,1957200,54770261.0,2023-10-31,1.1204,5977696920.0,4861507772.16,4.608,29.0235
4018,SZSE.300287,飞利信,4.21,4.18,4.79,4.14,4.46,5.938242280285033,15.439429928741102,192440814,858942443.11,2023-10-31,14.8577,6401321183.68,5776716995.96,4.2129,-12.0021
4019,SZSE.300288,朗玛信息,14.97,14.99,15.4,14.8,15.0,0.2004008016031955,4.008016032064126,10551300,159616184.0,2023-10-31,4.1208,5069121030.0,3840734490.0,3.1783,71.3195
4020,SZSE.300289,利德曼,6.18,6.2,6.25,6.12,6.19,0.16181229773464256,2.10355987055016,6627663,41106609.34,2023-10-31,1.5896,3367431104.53,2580879243.65,1.9231,-50.2791
4021,SZSE.300290,荣科科技,7.36,7.22,7.29,6.55,6.61,-10.190217391304346,10.054347826086959,126240761,859964529.19,2023-10-31,19.749,4234085531.09,4225285968.59,5.1713,-17.1571
4022,SZSE.300291,百纳千成,6.47,6.47,6.77,6.05,6.05,-6.4914992272024685,11.12828438948995,80590830,506689734.7,2023-10-31,9.7422,5698432388.55,5004746805.85,1.5099,14812.2507
4023,SZSE.300292,吴通控股,3.92,3.91,4.02,3.89,3.93,0.25510204081633514,3.316326530612231,54058900,213962189.0,2023-10-31,4.8442,5273136347.82,4385663115.09,3.9932,91.9446
4024,SZSE.300293,蓝英装备,17.86,17.65,18.09,16.71,17.13,-4.087346024636062,7.726763717805146,41247748,716159847.63,2023-10-31,14.7137,5797444755.78,4802154258.21,6.644,-107.1084
4025,SZSE.300294,博雅生物,30.48,30.5,30.74,30.31,30.65,0.5577427821522152,1.4107611548556422,3423057,104543251.13,2023-10-31,0.8036,15455223819.7,13055065995.95,2.0466,32.334
4026,SZSE.300295,三六五网,12.48,12.47,12.68,12.27,12.42,-0.48076923076924016,3.285256410256411,7698426,95875402.4,2023-10-31,4.5955,2370042947.88,2080629437.58,1.793,-7041.4281
4027,SZSE.300296,利亚德,6.19,6.16,6.24,6.11,6.13,-0.9693053311793265,2.100161550888528,25591006,157491303.22,2023-10-31,1.2232,15505197571.95,12824901696.73,1.8345,49.9658
4028,SZSE.300298,三诺生物,30.13,30.09,30.38,29.54,30.13,0.0,2.787919017590441,4537313,135702886.26,2023-10-31,0.9965,17001315688.49,13719566392.95,5.664,46.7838
4029,SZSE.300299,富春股份,5.61,5.97,6.64,5.83,6.18,10.160427807486627,14.438502673796783,105957333,656681305.29,2023-10-31,16.3629,4271798217.3,4001832314.76,7.3853,191.1365
4030,SZSE.300300,海峡创新,4.38,4.36,4.36,4.24,4.26,-2.73972602739726,2.739726027397263,22047209,94482896.72,2023-10-31,3.2842,2860150836.6,2859752739.6,8.2096,-13.1022
4031,SZSE.300301,*ST长方,1.82,1.81,1.92,1.77,1.9,4.39560439560438,8.241758241758236,39056916,72275239.12,2023-10-31,4.9432,1501206661.1,1501203811.1,13.3297,-7.577
4032,SZSE.300302,同有科技,15.4,16.5,16.98,14.91,15.14,-1.6883116883116833,13.441558441558444,63427209,1004164410.28,2023-10-31,17.2931,7292980361.72,5553006596.04,5.0642,-73.8528
4033,SZSE.300303,聚飞光电,5.7,5.74,5.75,5.55,5.6,-1.7543859649122862,3.5087719298245648,38103457,213978014.18,2023-10-31,3.0398,7516846136.8,7019423527.2,2.5681,35.1778
4034,SZSE.300304,云意电气,6.08,6.04,6.26,6.03,6.09,0.164473684210531,3.7828947368420978,31590980,193914220.4,2023-10-31,3.7068,5326563190.62,5190123537.06,1.9882,19.8472
4035,SZSE.300305,裕兴股份,10.04,10.02,10.13,9.81,9.91,-1.2948207171314619,3.1872509960159396,2564900,25425474.0,2023-10-31,1.1027,2861608745.92,2305086127.21,1.4912,55.3182
4036,SZSE.300306,远方信息,11.89,11.96,12.05,11.74,11.8,-0.7569386038687953,2.607232968881417,2958600,35094464.0,2023-10-31,1.8778,3173713580.4,1859213085.8,2.1325,40.5711
4037,SZSE.300307,慈星股份,6.78,6.81,6.81,6.55,6.6,-2.6548672566371723,3.834808259587017,20165210,133720440.9,2023-10-31,2.6129,5151575721.6,5093660444.4,1.7786,40.706
4038,SZSE.300308,中际旭创,89.82,90.2,90.61,85.91,87.75,-2.3046092184368705,5.23268759741706,27760236,2422980989.41,2023-10-31,3.7004,70448002384.5,65830520340.0,5.1915,42.2515
4039,SZSE.300310,宜通世纪,4.61,4.64,4.71,4.57,4.63,0.433839479392617,3.036876355748366,21344432,99160600.63,2023-10-31,3.0856,4082078998.53,3202758264.98,2.197,439.066
4040,SZSE.300311,任子行,5.82,5.83,5.88,5.79,5.83,0.1718213058419238,1.546391752577317,8855923,51648123.72,2023-10-31,1.6479,3927263774.5,3133095012.19,5.4802,-45.3321
4041,SZSE.300313,*ST天山,10.93,11.0,13.07,10.95,12.79,17.017383348581873,19.39615736505033,32187474,383006566.36,2023-10-31,17.4722,4002980894.84,2356192690.83,56.2027,-241.1207
4042,SZSE.300314,戴维医疗,13.88,13.88,14.24,13.71,14.13,1.8011527377521652,3.818443804034578,5114600,71905510.15,2023-10-31,2.701,4069440000.0,2675606610.24,3.5739,28.1753
4043,SZSE.300315,掌趣科技,4.44,4.46,4.53,4.38,4.42,-0.45045045045045695,3.378378378378386,78586183,349438086.77,2023-10-31,3.0135,12188080128.64,11526526197.94,2.5023,97.0217
4044,SZSE.300316,晶盛机电,43.94,43.8,44.15,43.07,43.49,-1.0241238051888812,2.4578971324533416,6755303,293936462.02,2023-10-31,0.5488,56925239622.49,53533960572.13,4.1066,12.8532
4045,SZSE.300317,珈伟新能,5.02,5.03,5.04,4.96,5.0,-0.3984063745019806,1.5936254980079698,7357148,36751235.0,2023-10-31,0.8908,4130157050.0,4129407050.0,2.2228,236.0738
4046,SZSE.300318,博晖创新,6.22,6.21,6.42,6.16,6.34,1.9292604501607746,4.1800643086816685,14175389,89842035.15,2023-10-31,1.7788,5179149138.3,5052338233.5,3.676,-208.2528
4047,SZSE.300319,麦捷科技,10.88,10.86,11.26,10.75,11.02,1.2867647058823373,4.687499999999998,75918182,835066012.26,2023-10-31,9.2014,9552191915.48,9092281703.7,2.3216,43.5864
4048,SZSE.300320,海达股份,7.1,7.1,7.15,6.98,7.01,-1.2676056338028152,2.3943661971830976,3476000,24425169.0,2023-10-31,0.706,4214651678.91,3451308832.75,1.9609,38.3459
4049,SZSE.300321,同大股份,18.1,17.85,18.0,17.7,17.97,-0.7182320441989076,1.6574585635359154,2430000,43402190.0,2023-10-31,2.8475,1595736000.0,1533532162.14,2.5571,6082.4329
4050,SZSE.300322,硕贝德,13.08,12.8,14.87,12.76,14.2,8.562691131498458,16.131498470948006,122866809,1735218838.45,2023-10-31,27.7011,6613599263.4,6298326390.4,6.141,-30.1003
4051,SZSE.300323,华灿光电,6.63,6.63,6.79,6.59,6.64,0.15082956259426794,3.016591251885372,10285461,68555914.65,2023-10-31,1.3915,10734880012.08,4908141767.28,1.3748,-15.9202
4052,SZSE.300324,旋极信息,3.54,3.55,3.73,3.51,3.59,1.412429378531077,6.2146892655367285,104624443,378282076.69,2023-10-31,6.1236,6202050236.05,6133706228.53,1.8852,-10.8476
4053,SZSE.300326,凯利泰,6.71,6.66,6.79,6.63,6.78,1.0432190760059745,2.384500745156485,10652865,71810701.49,2023-10-31,1.4866,4861438537.74,4858471474.14,1.6831,-54.6656
4054,SZSE.300327,中颖电子,24.78,24.9,25.03,24.58,24.83,0.20177562550443007,1.815980629539963,4470381,110738656.6,2023-10-31,1.3213,8492637427.3,8401078863.19,5.4151,75.8536
4055,SZSE.300328,宜安科技,6.96,7.02,7.02,6.77,6.85,-1.5804597701149503,3.5919540229885056,17962583,123248932.48,2023-10-31,2.6277,4729401660.0,4682599035.0,4.3208,382.6112
4056,SZSE.300329,海伦钢琴,7.04,7.05,7.11,7.01,7.06,0.28409090909089496,1.420454545454553,1821800,12850917.0,2023-10-31,0.7225,1785394786.8,1780111442.86,1.9268,282.0958
4057,SZSE.300331,苏大维格,23.85,23.63,24.19,23.15,23.7,-0.6289308176100739,4.360587002096447,13014911,308197070.62,2023-10-31,6.476,6153996178.2,4763000020.5,3.5231,-22.9175
4058,SZSE.300332,天壕能源,9.41,9.32,9.43,9.22,9.38,-0.31880977683315104,2.2316684378320835,5129400,47842164.0,2023-10-31,0.6074,8299086029.22,7920958531.22,1.9625,20.2986
4059,SZSE.300333,兆日科技,7.54,7.48,7.6,7.4,7.45,-1.1936339522546358,2.6525198938991945,12179193,91170648.84,2023-10-31,3.6424,2503200000.0,2491094249.15,3.7944,-23.7213
4060,SZSE.300334,津膜科技,7.44,7.41,7.52,7.39,7.44,0.0,1.7473118279569877,3021700,22499233.0,2023-10-31,1.0005,2247366248.64,2247101421.84,3.9214,-14.2591
4061,SZSE.300335,迪森股份,5.56,5.61,5.65,5.48,5.52,-0.7194244604316502,3.0575539568345316,16936410,93808390.9,2023-10-31,4.3823,2633108381.76,2133336430.32,1.3687,20.8624
4062,SZSE.300337,银邦股份,7.2,7.25,7.5,7.22,7.27,0.9722222222222188,3.8888888888888924,35645687,261803066.88,2023-10-31,5.0213,5975358400.0,5160887083.14,3.6248,89.4701
4063,SZSE.300338,开元教育,4.26,4.22,4.28,4.16,4.23,-0.704225352112664,2.8169014084507067,8535699,36004044.82,2023-10-31,2.8029,1703292797.16,1288183329.18,15.0984,-25.6367
4064,SZSE.300339,润和软件,26.23,26.38,27.1,25.88,26.62,1.4868471216164636,4.651162790697684,111955647,2964455241.08,2023-10-31,14.4742,21200456587.42,20590184462.54,6.3904,257.1021
4065,SZSE.300340,科恒股份,11.44,11.39,11.65,11.22,11.33,-0.9615384615384581,3.7587412587412565,3638400,41382863.0,2023-10-31,1.9455,2420428126.6,2118858842.21,17.1554,-4.8546
4066,SZSE.300341,麦克奥迪,12.89,12.5,13.12,12.3,12.71,-1.3964313421256813,6.361520558572526,24377345,308367936.95,2023-10-31,4.7172,6576285370.56,6568199904.06,3.9512,33.1014
4067,SZSE.300342,天银机电,22.52,22.41,23.09,18.28,18.89,-16.119005328596803,21.358792184724685,136416936,2834287405.47,2023-10-31,32.773,8028913284.57,7862933881.65,5.236,779.3089
4068,SZSE.300343,联创股份,6.91,6.89,6.96,6.81,6.87,-0.5788712011577379,2.1707670043415392,11383234,78230542.88,2023-10-31,1.0676,7828142343.3,7324927202.43,4.3305,-79.0091
4069,SZSE.300344,立方数科,6.76,6.6,6.77,6.49,6.54,-3.2544378698224796,4.142011834319518,36492200,241272590.0,2023-10-31,5.7089,4196759960.64,4180442497.14,9.398,-36.4836
4070,SZSE.300345,华民股份,8.06,8.1,8.15,7.88,7.92,-1.7369727047146455,3.349875930521097,2590000,20589595.0,2023-10-31,0.5852,4574556225.36,3505277025.36,5.1184,-29.4043
4071,SZSE.300346,南大光电,30.69,30.69,30.99,30.39,30.79,0.3258390355164398,1.9550342130987224,11882365,364072811.21,2023-10-31,2.313,16740751431.01,15817331743.17,7.6672,87.6891
4072,SZSE.300347,泰格医药,66.67,66.02,67.5,65.49,66.7,0.04499775011248541,3.014849257537131,13031287,866269831.44,2023-10-31,2.2967,58190295274.0,37844671279.2,2.7631,25.5053
4073,SZSE.300348,长亮科技,10.19,10.2,10.26,10.02,10.08,-1.079489695780167,2.3552502453385693,7123346,72051483.98,2023-10-31,1.1556,7366210608.96,6213385503.36,4.8619,408.0449
4074,SZSE.300349,金卡智能,12.54,12.53,12.58,12.3,12.36,-1.4354066985645897,2.232854864433807,3635760,45108411.6,2023-10-31,0.9536,5201116588.68,4608990369.96,1.2465,13.4621
4075,SZSE.300350,华鹏飞,5.28,5.59,5.66,5.2,5.2,-1.5151515151515138,8.712121212121211,107269550,577015058.58,2023-10-31,22.9007,2924760170.8,2435744053.6,3.1613,44.1991
4076,SZSE.300351,永贵电器,19.8,19.85,21.6,19.52,21.23,7.222222222222219,10.505050505050514,59017850,1224309017.88,2023-10-31,22.8582,8180170724.11,5481405587.46,3.4994,64.4016
4077,SZSE.300352,北信源,5.15,5.17,5.37,5.13,5.26,2.135922330097073,4.660194174757285,75194500,394915170.91,2023-10-31,6.1626,7626074697.62,6418106213.84,4.9126,-39.7719
4078,SZSE.300353,东土科技,10.03,10.02,10.06,9.75,9.88,-1.4955134596211228,3.0907278165503542,9938800,98248494.0,2023-10-31,2.2592,6075141664.28,4346477248.36,3.5531,-77.928
4079,SZSE.300354,东华测试,33.62,33.66,33.95,32.73,32.98,-1.9036287923854922,3.6287923854848483,1082379,35696731.11,2023-10-31,1.3535,4561800228.98,2637297874.36,6.8551,30.7304
4080,SZSE.300355,蒙草生态,4.24,4.21,4.28,4.16,4.23,-0.2358490566037652,2.8301886792452855,42767074,179884138.29,2023-10-31,3.1245,6785944002.63,5789910716.37,1.52,21.5012
4081,SZSE.300357,我武生物,28.52,28.5,29.07,28.34,28.92,1.4025245441795287,2.5596072931276312,4321895,124458409.94,2023-10-31,0.902,15142049280.0,13856416608.6,7.0593,51.9088
4082,SZSE.300358,楚天科技,11.31,11.25,11.44,11.17,11.26,-0.4420866489832087,2.38726790450928,6400409,72320706.41,2023-10-31,1.2108,6646804731.24,5952241979.18,1.4241,16.954
4083,SZSE.300359,全通教育,5.73,5.72,5.81,5.64,5.68,-0.8726003490401535,2.966841186736473,9760503,55881575.56,2023-10-31,1.5413,3597333836.96,3597014336.96,5.0996,-63.9494
4084,SZSE.300360,炬华科技,14.06,14.05,14.15,13.71,13.96,-0.7112375533428139,3.129445234708389,8900937,123965454.26,2023-10-31,2.1177,7103052178.96,6906903262.24,2.0623,11.4636
4085,SZSE.300363,博腾股份,29.86,29.5,30.38,29.29,29.57,-0.9711989283322175,3.6503683858004017,17195464,510977793.64,2023-10-31,3.4362,16148768991.4,14797451306.03,2.7099,18.361
4086,SZSE.300364,中文在线,12.92,14.52,15.14,13.81,14.09,9.05572755417956,10.294117647058824,116241319,1669672696.76,2023-10-31,17.6178,10284849217.62,9296520680.32,8.7423,-43.5176
4087,SZSE.300365,恒华科技,7.35,7.29,7.35,7.17,7.24,-1.4965986394557707,2.448979591836731,13036600,94445985.0,2023-10-31,2.8515,4342953595.56,3310006853.08,2.1903,-19.2935
4088,SZSE.300366,创意信息,16.3,16.17,16.29,15.16,15.49,-4.969325153374237,6.932515337423306,78445839,1232667222.65,2023-10-31,15.621,9411354563.5,7778791698.33,3.9272,-220.0227
4089,SZSE.300368,汇金股份,7.4,7.4,7.4,7.23,7.28,-1.6216216216216273,2.2972972972972965,10047100,73396872.0,2023-10-31,1.8888,3872548498.0,3872548498.0,7.0535,-13.5231
4090,SZSE.300369,绿盟科技,9.31,9.29,9.44,9.08,9.15,-1.7185821697099923,3.8668098818474697,13047500,119704754.0,2023-10-31,1.7685,7318714086.45,6750737114.55,2.3004,-30.4118
4091,SZSE.300370,安控科技,2.81,2.8,2.91,2.77,2.83,0.7117437722419906,4.982206405693955,32579577,92458757.74,2023-10-31,2.8994,4430014716.75,3180017357.35,6.5495,-14.5956
4092,SZSE.300371,汇中股份,12.74,12.75,12.84,12.55,12.63,-0.8634222919937207,2.276295133437984,1457400,18427967.28,2023-10-31,1.0733,2541374448.48,1715047680.66,2.3918,27.242
4093,SZSE.300373,扬杰科技,38.05,38.06,38.15,37.65,37.96,-0.23653088042049353,1.3140604467805521,6005465,227466942.45,2023-10-31,1.1113,20553509834.52,20513441080.6,2.5962,27.3894
4094,SZSE.300374,中铁装配,13.37,13.3,13.43,13.1,13.18,-1.421091997008228,2.468212415856396,3590000,47437204.0,2023-10-31,1.8968,3241124601.66,2494476771.32,3.831,-15.2834
4095,SZSE.300375,鹏翎股份,6.04,5.91,5.99,5.41,5.45,-9.7682119205298,9.602649006622517,164676716,929221739.03,2023-10-31,32.6017,4116814558.1,2752891601.25,1.86,65.2428
4096,SZSE.300376,易事特,6.46,6.48,6.48,6.36,6.41,-0.7739938080495334,1.8575851393188871,17885960,114393643.98,2023-10-31,0.7693,14924021451.16,14902197567.74,2.1491,30.4469
4097,SZSE.300377,赢时胜,8.75,8.75,8.91,8.56,8.65,-1.1428571428571344,3.999999999999996,20325562,177532414.65,2023-10-31,3.0262,6497577942.0,5809763910.55,2.2155,101.4202
4098,SZSE.300378,鼎捷软件,19.96,19.97,20.07,19.48,19.66,-1.5030060120240551,2.955911823647294,9452396,186380301.44,2023-10-31,3.5334,5294505433.8,5259412333.8,2.7272,39.282
4099,SZSE.300379,东方通,19.8,19.66,20.03,18.82,18.92,-4.444444444444439,6.111111111111115,17216636,331833255.79,2023-10-31,3.9765,10722395905.76,8191500899.56,2.4534,334.9791
4100,SZSE.300380,安硕信息,23.44,23.46,23.82,22.8,23.01,-1.8344709897610945,4.351535836177472,4189800,97193665.0,2023-10-31,3.3626,3215901760.5,2867065029.27,8.6246,-29.435
4101,SZSE.300381,溢多利,8.04,8.04,8.27,8.01,8.18,1.7412935323383172,3.233830845771142,8986800,73628460.0,2023-10-31,1.8855,4008870670.02,3898829457.24,1.5272,1010.7297
4102,SZSE.300382,斯莱克,9.98,9.98,10.04,9.75,9.8,-1.8036072144288595,2.9058116232464846,4533436,44629978.28,2023-10-31,0.7216,6158413247.0,6157000038.0,2.7659,43.3837
4103,SZSE.300383,光环新网,10.27,10.35,10.35,10.05,10.15,-1.1684518013631906,2.921129503407974,27990045,284038668.22,2023-10-31,1.5604,18245567397.05,18206489064.75,1.4642,-19.4373
4104,SZSE.300384,三联虹普,15.68,15.68,15.8,15.56,15.69,0.06377551020408934,1.5306122448979604,1975165,30954038.6,2023-10-31,0.8977,5005223987.85,3452301452.4,2.0515,18.0774
4105,SZSE.300385,雪浪环境,6.37,6.35,6.42,6.34,6.4,0.47095761381477086,1.2558869701726856,2533365,16159640.42,2023-10-31,0.8779,2132133964.8,1846786451.2,2.8707,-20.9149
4106,SZSE.300386,飞天诚信,10.7,10.65,10.86,10.58,10.81,1.0280373831775824,2.616822429906536,4149736,44648442.45,2023-10-31,1.6975,4519055640.0,2642565306.25,2.8128,-24.638
4107,SZSE.300387,富邦股份,7.41,7.48,7.49,7.4,7.44,0.4048582995951344,1.2145748987854232,5654600,42071061.0,2023-10-31,2.011,2150584213.92,2092050996.0,1.6391,30.9333
4108,SZSE.300388,节能国祯,6.68,6.7,6.77,6.64,6.74,0.8982035928143839,1.946107784431136,5211660,35092733.6,2023-10-31,0.7472,4711004870.78,4700957343.84,1.1771,12.0395
4109,SZSE.300389,艾比森,15.47,15.57,15.79,15.34,15.48,0.06464124111182912,2.9088558500323156,3741700,58164259.0,2023-10-31,1.6298,5632457923.08,3553944716.16,4.1951,18.2391
4110,SZSE.300390,天华新能,27.6,27.36,27.69,27.05,27.19,-1.485507246376816,2.3188405797101472,15419828,420835710.47,2023-10-31,2.8359,22772635869.82,14784180235.79,1.8541,7.0017
4111,SZSE.300391,长药控股,6.62,6.63,6.69,6.54,6.62,0.0,2.2658610271903377,5866100,38812221.0,2023-10-31,1.6744,2319225061.44,2319225061.44,3.3866,-13.925
4112,SZSE.300393,中来股份,11.02,10.98,11.09,10.86,10.95,-0.6352087114337546,2.087114337568062,8718701,95347263.37,2023-10-31,0.9141,11931419570.1,10444476408.9,2.6963,22.0204
4113,SZSE.300394,天孚通信,73.7,73.4,73.95,70.4,71.21,-3.378561736770702,4.816824966078694,15792944,1129359774.08,2023-10-31,4.3685,28119887390.17,25743471044.3,9.731,49.7826
4114,SZSE.300395,菲利华,39.12,39.0,40.68,38.52,39.61,1.252556237218827,5.521472392638029,4313623,172003829.85,2023-10-31,0.9093,20439333275.53,18790166845.7,5.4847,38.9376
4115,SZSE.300396,迪瑞医疗,26.83,26.94,27.5,26.48,27.34,1.9008572493477427,3.801714498695489,5379358,145804351.0,2023-10-31,2.1056,7514850110.0,6984710477.18,3.6844,24.938
4116,SZSE.300397,天和防务,11.12,11.05,11.33,10.98,11.06,-0.5395683453237266,3.147482014388486,13572908,151343788.72,2023-10-31,3.3863,5725062399.7,4433029527.78,3.2506,-29.0395
4117,SZSE.300398,飞凯材料,17.17,17.75,18.36,17.45,17.7,3.0867792661618987,5.299941758881771,50981955,912244479.35,2023-10-31,9.7035,9357215164.8,9299554352.7,2.4841,28.8687
4118,SZSE.300399,天利科技,12.74,12.75,12.91,12.59,12.67,-0.5494505494505475,2.511773940345371,2555600,32552369.0,2023-10-31,1.3195,2503592000.0,2453902249.19,5.2228,336.0984
4119,SZSE.300400,劲拓股份,16.33,16.23,17.15,16.17,16.98,3.9804041641151366,6.001224739742786,7406600,124695699.0,2023-10-31,3.0734,4119786084.0,4091995767.0,5.1499,72.73
4120,SZSE.300401,花园生物,10.63,10.65,10.72,10.58,10.65,0.18814675446847673,1.3170272812794033,4485654,47800707.18,2023-10-31,0.8273,5868240759.3,5774691169.95,2.2191,32.8081
4121,SZSE.300402,宝色股份,17.19,17.14,17.3,16.95,17.05,-0.814426992437467,2.036067481093667,881300,15059735.0,2023-10-31,0.4363,4153695373.85,3444100000.0,2.9594,59.8733
4122,SZSE.300403,汉宇集团,7.57,7.53,7.61,7.36,7.46,-1.4531043593130843,3.302509907529722,13773952,102436321.43,2023-10-31,3.3903,4498380000.0,3030787739.9,2.4266,20.6998
4123,SZSE.300404,博济医药,9.49,9.46,9.78,9.39,9.59,1.0537407797681642,4.1095890410958775,16430350,157986929.36,2023-10-31,6.0688,3549343660.52,2596333584.11,3.9991,121.1862
4124,SZSE.300405,科隆股份,5.92,5.9,6.02,5.9,5.97,0.8445945945945832,2.027027027027014,3891921,23214757.9,2023-10-31,1.7785,1697704845.87,1306398425.79,2.9093,-15.2875
4125,SZSE.300406,九强生物,18.42,18.33,18.65,17.78,18.48,0.32573289902280145,4.723127035830604,9727357,176527537.5,2023-10-31,2.305,10874471065.92,7798644823.2,3.1966,22.1404
4126,SZSE.300407,凯发电气,8.55,8.57,8.62,8.45,8.49,-0.7017543859649145,1.9883040935672507,2594136,22126221.96,2023-10-31,1.1488,2701522185.57,1917215654.46,1.5582,20.1382
4127,SZSE.300408,三环集团,30.95,30.97,31.37,30.52,30.86,-0.2907915993538013,2.746365105008082,8783353,270897941.54,2023-10-31,0.4763,59143108869.06,56902609760.36,3.3299,42.122
4128,SZSE.300409,道氏技术,11.44,11.42,11.52,11.33,11.42,-0.17482517482516613,1.6608391608391566,5535785,63137234.36,2023-10-31,1.1366,6642675785.28,5561877837.86,1.1687,-72.0075
4129,SZSE.300410,正业科技,8.04,8.04,8.13,7.88,7.96,-0.995024875621886,3.1094527363184197,3895900,31177579.0,2023-10-31,1.0602,2926531388.12,2924959534.88,4.971,-12.7692
4130,SZSE.300411,金盾股份,6.65,6.66,6.72,6.57,6.6,-0.7518796992481258,2.255639097744353,3728000,24735016.0,2023-10-31,1.3795,2683032046.2,1783548960.6,2.8725,-5024.8307
4131,SZSE.300412,迦南科技,5.56,5.55,5.72,5.53,5.65,1.6187050359712352,3.417266187050351,15973377,90284393.61,2023-10-31,3.3777,2812324999.05,2671945149.9,2.6482,-31.144
4132,SZSE.300413,芒果超媒,25.36,25.6,25.97,25.0,25.29,-0.2760252365930582,3.8249211356466835,11741331,297547739.38,2023-10-31,1.1492,47310529411.35,25838791937.82,2.3239,24.7401
4133,SZSE.300414,中光防雷,10.01,9.99,10.09,9.78,9.83,-1.7982017982017928,3.096903096903102,10661540,105746415.42,2023-10-31,3.4251,3204771350.78,3059865050.05,3.1636,72.5503
4134,SZSE.300415,伊之密,18.43,18.5,18.56,18.06,18.34,-0.48833423765599626,2.7129679869777537,5334269,97432683.5,2023-10-31,1.2609,8594253920.56,7758888616.78,3.326,19.4008
4135,SZSE.300416,苏试试验,15.78,15.67,16.07,15.62,15.97,1.2040557667934104,2.8517110266159764,9982733,158283922.38,2023-10-31,1.9759,8121508461.82,8068616189.13,3.3122,26.0717
4136,SZSE.300417,南华仪器,11.8,11.9,12.01,11.78,11.83,0.25423728813558366,1.949152542372885,1405000,16722275.0,2023-10-31,1.6507,1602199244.1,1006888434.37,3.4987,-39.3674
4137,SZSE.300418,昆仑万维,31.23,31.9,32.59,31.2,31.52,0.9285943003522146,4.450848543067576,69784873,2215009543.63,2023-10-31,6.3075,38297027070.08,34872907219.2,2.6736,55.1706
4138,SZSE.300419,浩丰科技,7.16,7.18,7.25,7.05,7.11,-0.6983240223463638,2.793296089385477,12882000,91864942.0,2023-10-31,3.5029,2614729304.7,2614729304.7,4.1815,63.0392
4139,SZSE.300420,五洋停车,3.0,3.0,3.02,2.97,2.98,-0.666666666666671,1.6666666666666607,8916400,26694625.0,2023-10-31,0.8735,3326823011.78,3041733805.16,1.3631,67.4521
4140,SZSE.300421,力星股份,9.16,9.16,9.2,9.02,9.07,-0.9825327510917026,1.9650655021834031,5595160,50907680.09,2023-10-31,2.4271,2666856489.88,2090873740.54,2.0459,33.7106
4141,SZSE.300422,博世科,6.08,6.08,6.09,6.01,6.06,-0.328947368421062,1.3157894736842117,3239500,19605798.56,2023-10-31,0.8338,3059528658.96,2354458354.86,1.4145,-8.5214
4142,SZSE.300423,昇辉科技,8.33,8.33,8.42,8.15,8.22,-1.3205282112845107,3.241296518607438,5286475,43640139.5,2023-10-31,1.629,4089542803.8,2667553158.78,1.5341,-2.5162
4143,SZSE.300424,航新科技,13.14,13.14,13.37,13.07,13.25,0.8371385083713712,2.2831050228310423,4496530,59443629.06,2023-10-31,1.8797,3178612287.75,3169656917.5,4.4371,232.3476
4144,SZSE.300425,中建环能,4.74,4.73,4.84,4.71,4.78,0.8438818565400741,2.742616033755272,8402049,40189595.69,2023-10-31,1.2497,3229887997.08,3213713586.04,1.4823,17.6905
4145,SZSE.300426,唐德影视,10.86,12.65,12.89,11.02,11.44,5.340699815837935,17.21915285451198,33154367,384098733.27,2023-10-31,8.3525,4679012624.0,4540988154.56,37.6266,43.0773
4146,SZSE.300427,*ST红相,6.32,6.3,6.33,6.23,6.3,-0.31645569620254443,1.5822784810126524,3304500,20718224.0,2023-10-31,1.0273,2279075305.5,2026547340.3,1.4637,-38.6707
4147,SZSE.300428,立中集团,22.43,22.4,22.57,22.09,22.28,-0.6687472135532668,2.1399910833704876,2875698,64087851.36,2023-10-31,0.5445,13927721034.12,11767448134.6,2.2134,27.4531
4148,SZSE.300429,强力新材,14.8,14.88,15.93,14.25,14.97,1.1486486486486536,11.351351351351349,134298357,2036391219.35,2023-10-31,35.7472,7713459610.11,5624060497.68,4.5305,-52.2884
4149,SZSE.300430,诚益通,16.13,16.01,16.18,15.83,16.16,0.18598884066955979,2.169869807811529,4039180,64663843.2,2023-10-31,1.5732,4414654991.36,4149182583.68,2.1021,24.9209
4150,SZSE.300432,富临精工,11.2,10.81,10.82,10.52,10.59,-5.446428571428563,2.678571428571435,35643802,379723763.1,2023-10-31,2.9635,12956561236.44,12737407688.7,3.1119,-36.3242
4151,SZSE.300433,蓝思科技,13.19,13.1,13.24,12.96,13.06,-0.9855951478392688,2.122820318423043,35238848,461595576.61,2023-10-31,0.7104,65080957431.86,64786630023.56,1.4511,19.4956
4152,SZSE.300434,金石亚药,11.84,11.79,12.18,11.66,12.02,1.520270270270263,4.3918918918918886,7699800,92575190.88,2023-10-31,2.2879,4828961341.44,4045232688.42,2.0012,19.2726
4153,SZSE.300435,中泰股份,13.72,13.65,13.7,13.49,13.62,-0.7288629737609464,1.5306122448979524,4230800,57411633.0,2023-10-31,1.2221,5219055972.0,4715028940.2,1.6978,16.3063
4154,SZSE.300436,广生堂,27.81,27.62,28.46,27.62,28.08,0.9708737864077666,3.0204962243797193,3434180,96652405.8,2023-10-31,2.5336,4472217360.0,3806084674.08,6.6825,-17.7654
4155,SZSE.300437,清水源,12.6,12.63,12.73,12.4,12.56,-0.31746031746030523,2.61904761904762,2116600,26542748.0,2023-10-31,1.1904,3253832498.32,2233301098.32,2.0363,-19.7598
4156,SZSE.300438,鹏辉能源,31.68,31.66,31.89,30.65,30.84,-2.651515151515149,3.9141414141414206,10899388,338673454.98,2023-10-31,3.0352,15526007072.16,11074614146.88,2.7441,33.7587
4157,SZSE.300439,美康生物,12.0,12.0,12.09,11.94,12.06,0.5000000000000115,1.250000000000003,5980250,71937674.5,2023-10-31,2.1562,4618977768.9,3344876371.98,1.7118,20.5247
4158,SZSE.300440,运达科技,7.08,7.1,7.19,7.04,7.08,0.0,2.118644067796615,5171000,36723732.0,2023-10-31,1.1665,3148568040.0,3138436312.2,2.2286,279.5379
4159,SZSE.300441,鲍斯股份,6.64,6.6,6.7,6.47,6.58,-0.9036144578313143,3.463855421686753,12676740,82887400.8,2023-10-31,1.9816,4324308278.64,4209443640.08,2.4539,29.3313
4160,SZSE.300442,润泽科技,23.55,23.68,23.7,23.08,23.35,-0.849256900212314,2.6326963906581784,7578920,176975532.8,2023-10-31,2.1123,40091054504.15,8377814822.1,5.093,26.7662
4161,SZSE.300443,金雷股份,31.28,31.28,31.59,30.8,31.2,-0.2557544757033292,2.5255754475703296,4132360,128661076.53,2023-10-31,2.2411,10154161617.6,5753059447.2,1.6817,22.8627
4162,SZSE.300444,双杰电气,7.29,7.21,7.54,7.06,7.43,1.9204389574760006,6.584362139917702,56423544,414679573.95,2023-10-31,9.5262,5933784418.7,4400795634.99,3.8573,431.7363
4163,SZSE.300445,康斯特,15.06,15.0,15.1,14.74,14.8,-1.726427622841964,2.3904382470119483,1284940,19083545.8,2023-10-31,0.9297,3143964192.4,2045448252.4,2.9891,38.1293
4164,SZSE.300446,航天智造,14.28,14.07,14.23,13.83,13.92,-2.5210084033613356,2.801120448179274,7153141,100167603.57,2023-10-31,3.6165,9269647213.44,1885578241.44,3.9199,159.0503
4165,SZSE.300447,全信股份,14.74,14.83,15.23,14.7,14.76,0.13568521031206426,3.5956580732700214,6096700,91188258.0,2023-10-31,3.0325,4609701135.0,2967462207.0,2.2901,31.0972
4166,SZSE.300448,浩云科技,5.49,5.47,5.55,5.37,5.45,-0.7285974499089298,3.2786885245901587,12263904,66901767.35,2023-10-31,2.5032,3687018080.55,2670161838.4,2.6319,-423.7417
4167,SZSE.300449,汉邦高科,5.91,6.1,6.35,5.83,5.89,-0.33840947546531774,8.79864636209813,17735557,107207157.62,2023-10-31,5.99,1756744915.11,1743942252.08,-212.2139,-15.8929
4168,SZSE.300450,先导智能,27.78,27.53,27.99,27.34,27.99,0.7559395248380119,2.3398128149747968,23178585,640107716.19,2023-10-31,1.5964,43836903321.66,40639385060.46,3.4938,14.7303
4169,SZSE.300451,创业慧康,7.38,7.28,7.37,7.14,7.2,-2.4390243902438935,3.1165311653116587,19136160,138399475.17,2023-10-31,1.4263,11153697782.4,9659875024.8,2.3803,-302.1761
4170,SZSE.300452,山河药辅,15.02,14.96,15.31,14.94,15.14,0.7989347536617952,2.4633821571238412,4486450,68058576.12,2023-10-31,2.4065,3549728805.74,2822511229.64,4.5041,22.2397
4171,SZSE.300453,三鑫医疗,7.66,7.64,7.75,7.61,7.7,0.5221932114882533,1.8276762402088733,8061785,61965550.35,2023-10-31,2.2364,4000893396.5,2775690941.1,3.4295,21.8012
4172,SZSE.300454,深信服,84.98,85.0,85.19,82.8,83.9,-1.2708872675923688,2.812426453283126,2176500,181856550.0,2023-10-31,0.797,34976269922.8,22912161646.5,4.4977,101.2898
4173,SZSE.300455,航天智装,13.67,13.3,13.48,12.72,12.83,-6.144842721287491,5.559619604974396,45424798,594244150.23,2023-10-31,6.4103,9208962618.88,9091625853.88,5.3134,97.281
4174,SZSE.300456,赛微电子,24.58,24.17,24.55,23.81,24.08,-2.0341741253051215,3.010577705451595,33197921,799709820.32,2023-10-31,5.6842,17662610986.72,14063589288.0,3.5351,-281.6481
4175,SZSE.300457,赢合科技,20.54,20.45,20.5,19.63,19.87,-3.2619279454722427,4.235637779941583,22557190,449723615.93,2023-10-31,4.2971,12906319324.81,10430514344.31,2.106,20.0003
4176,SZSE.300458,全志科技,24.54,24.54,25.3,24.33,25.01,1.9152404237978926,3.9527302363488284,25169421,626768562.42,2023-10-31,4.9698,15803386126.92,12666124874.18,5.4638,-502.5685
4177,SZSE.300459,汤姆猫,4.62,4.69,4.73,4.56,4.61,-0.21645021645021467,3.6796536796536974,100182424,463600533.74,2023-10-31,3.2726,16207888428.79,14112448370.47,3.9824,67.5277
4178,SZSE.300460,惠伦晶体,12.64,12.54,12.94,12.5,12.8,1.2658227848101333,3.4810126582278436,15808280,200822404.7,2023-10-31,5.6296,3594294412.8,3594294412.8,3.508,-20.9828
4179,SZSE.300461,田中精机,21.3,21.3,21.69,20.92,21.1,-0.9389671361502261,3.6150234741784018,1832400,38973296.0,2023-10-31,2.2425,3286149701.2,1724101994.5,4.9117,-156.0076
4180,SZSE.300462,华铭智能,11.02,11.07,11.3,11.01,11.05,0.27223230490018846,2.6315789473684297,3261619,36303763.11,2023-10-31,2.3887,2023763642.55,1508827885.5,1.4023,26.1136
4181,SZSE.300463,迈克生物,15.76,15.69,15.94,15.63,15.73,-0.1903553299492322,1.967005076142124,6248837,98540379.6,2023-10-31,1.2616,9634146650.7,7791211403.69,1.5211,25.6231
4182,SZSE.300464,星徽股份,5.91,5.92,6.06,5.89,5.98,1.1844331641285955,2.8764805414551597,5510712,32892913.16,2023-10-31,1.7495,2814245784.74,1883576620.64,4.8602,-10.0995
4183,SZSE.300465,高伟达,10.55,10.57,10.78,10.4,10.78,2.180094786729847,3.6018957345971465,30788524,327120294.72,2023-10-31,6.8915,4816097130.46,4816097130.46,7.5426,-100.0311
4184,SZSE.300466,赛摩智能,6.55,6.58,6.59,6.36,6.42,-1.984732824427482,3.5114503816793827,12523635,80841538.45,2023-10-31,2.9819,3438102009.36,2696311769.94,3.9068,149.6416
4185,SZSE.300467,迅游科技,14.76,14.87,15.26,14.82,14.95,1.287262872628725,2.9810298102980997,9659416,145168620.72,2023-10-31,5.8255,3037913210.15,2478919434.55,4.9054,442.2819
4186,SZSE.300468,四方精创,10.91,10.91,10.99,10.74,10.84,-0.6416131989000928,2.2914757103574703,10509684,114100497.11,2023-10-31,1.9864,5752238141.0,5735302668.08,3.5316,120.4911
4187,SZSE.300469,信息发展,15.67,15.6,15.84,15.3,15.5,-1.084875558391829,3.446075303126989,3382428,52514470.4,2023-10-31,1.7585,3847701772.0,2981355746.0,5.5284,-24.9351
4188,SZSE.300470,中密控股,38.46,38.39,38.87,37.92,38.8,0.884035361414437,2.4700988039521468,617096,23712197.32,2023-10-31,0.3112,8077045547.6,7694217587.6,3.2918,25.3506
4189,SZSE.300471,厚普股份,13.16,13.09,13.15,12.86,12.95,-1.5957446808510745,2.203647416413381,5088515,65972536.75,2023-10-31,1.4835,5233947835.2,4442040857.1,4.0975,-52.958
4190,SZSE.300472,新元科技,9.24,9.28,9.38,9.14,9.19,-0.5411255411255533,2.5974025974025996,3686200,33976961.0,2023-10-31,1.4665,2529626726.99,2309977391.66,3.4469,-12.5487
4191,SZSE.300473,德尔股份,18.91,18.9,18.9,18.29,18.43,-2.5383395029085154,3.2258064516129004,7036528,130165219.6,2023-10-31,4.7049,2772908153.03,2756355930.44,1.8631,-3.2096
4192,SZSE.300474,景嘉微,82.85,82.88,82.88,80.72,82.15,-0.844900422450201,2.607121303560648,10170976,832081273.76,2023-10-31,3.0925,37576009777.15,27018741665.8,11.0016,285.9225
4193,SZSE.300475,香农芯创,27.02,27.99,28.5,26.37,26.54,-1.77646188008882,7.8830495928941495,14514842,396172893.81,2023-10-31,3.297,12143795456.18,11683989956.18,4.8943,32.3721
4194,SZSE.300476,胜宏科技,20.0,20.04,20.38,19.25,20.3,1.5000000000000124,5.649999999999995,30560524,603091584.9,2023-10-31,3.569,17512579412.3,17382660873.9,2.3615,23.7753
4195,SZSE.300477,合纵科技,4.16,4.17,4.17,4.07,4.1,-1.4423076923077094,2.4038461538461453,9591087,39422878.83,2023-10-31,1.0253,4395276616.7,3835460246.9,1.9798,-15.9496
4196,SZSE.300478,杭州高新,11.71,11.76,11.88,11.59,11.71,0.0,2.47651579846286,3594710,42084020.2,2023-10-31,2.8981,1483340830.0,1452445751.5,13.4129,51.9664
4197,SZSE.300479,神思电子,20.34,20.23,20.63,19.85,20.08,-1.2782694198623434,3.834808259587009,6848060,138181544.59,2023-10-31,3.4755,3956580569.2,3956580569.2,6.8956,-25.6098
4198,SZSE.300480,光力科技,19.93,19.91,20.08,19.7,19.99,0.30105368790767084,1.9066733567486152,2211216,43995486.68,2023-10-31,0.9431,7038662588.16,4941642082.93,4.7458,92.7833
4199,SZSE.300481,濮阳惠成,17.9,17.88,18.0,17.48,17.58,-1.787709497206702,2.9050279329608917,3556086,62862918.94,2023-10-31,1.2118,5210403418.26,5158861249.14,2.1644,17.2912
4200,SZSE.300482,万孚生物,25.88,25.95,26.5,25.73,26.33,1.7387944358578045,2.975270479134465,5393494,141694393.64,2023-10-31,1.6214,11704093141.33,8758519758.59,2.6443,32.7922
4201,SZSE.300483,首华燃气,12.36,12.33,12.34,12.01,12.12,-1.9417475728155331,2.66990291262136,5780519,70225099.82,2023-10-31,2.2104,3254847306.96,3169610376.96,1.1662,-66.6831
4202,SZSE.300484,蓝海华腾,11.85,11.82,11.91,11.63,11.73,-1.0126582278480956,2.362869198312231,2594300,30473266.0,2023-10-31,1.6197,2447064507.0,1878826392.69,3.7829,56.7171
4203,SZSE.300485,赛升药业,10.99,10.98,11.72,10.95,11.48,4.458598726114649,7.006369426751605,18310949,209680435.28,2023-10-31,6.6873,5529530272.0,3143421249.36,1.5664,37.2013
4204,SZSE.300486,东杰智能,7.0,6.99,7.06,6.81,6.89,-1.5714285714285792,3.571428571428571,5873175,40583691.0,2023-10-31,1.4974,2807186939.96,2702488966.58,1.7913,-157.2967
4205,SZSE.300487,蓝晓科技,54.96,55.0,55.36,54.29,54.3,-1.2008733624454204,1.946870451237264,1410240,77157711.1,2023-10-31,0.4637,27422067380.7,16514097403.2,8.9547,36.9543
4206,SZSE.300488,恒锋工具,23.56,23.57,23.57,22.86,23.08,-2.037351443123936,3.0135823429541633,1293413,29919199.87,2023-10-31,0.9462,3823877805.48,3154958058.84,2.8384,37.8613
4207,SZSE.300489,光智科技,18.69,18.7,18.8,18.46,18.57,-0.6420545746388506,1.8191546281433915,1045200,19466088.0,2023-10-31,0.7659,2556584545.95,2534181623.67,13.3809,-15.3789
4208,SZSE.300490,华自科技,12.19,12.12,12.21,11.86,11.93,-2.132895816242819,2.871205906480734,8841605,106200888.8,2023-10-31,2.2736,4726810042.82,4639388995.13,1.5914,-13.8879
4209,SZSE.300491,通合科技,23.15,23.12,23.39,22.12,22.45,-3.0237580993520474,5.485961123110149,4425500,100162146.0,2023-10-31,2.8661,3907226040.05,3466434725.4,3.6274,43.004
4210,SZSE.300492,华图山鼎,58.36,58.36,60.28,57.51,60.07,2.9300891021247555,4.746401644962309,342720,20247698.4,2023-10-31,0.244,8439022252.9,8439022252.9,28.3323,6369.7021
4211,SZSE.300493,润欣科技,8.84,8.8,8.94,8.7,8.78,-0.6787330316742168,2.714932126696835,13841495,121701673.43,2023-10-31,2.7628,4430418264.66,4398718952.66,4.1282,114.2259
4212,SZSE.300494,盛天网络,11.89,12.2,12.28,11.68,11.8,-0.7569386038687953,5.046257359125312,30444810,363528280.43,2023-10-31,7.618,5779151196.8,4715787482.6,3.3628,27.3882
4213,SZSE.300495,*ST美尚,1.93,1.9,1.98,1.86,1.93,0.0,6.217616580310875,15442130,29624403.53,2023-10-31,2.2934,1301359411.84,1299542780.04,4.2028,-0.9126
4214,SZSE.300496,中科创达,70.44,70.45,70.47,69.31,70.19,-0.3549119818285096,1.6467915956842656,4664682,325501564.0,2023-10-31,1.2719,32281139192.38,25742251216.01,3.3612,43.8794
4215,SZSE.300497,富祥药业,10.54,10.47,10.87,10.47,10.57,0.2846299810246755,3.7950664136622256,8643900,91993286.7,2023-10-31,1.9324,5813551095.38,4728100291.46,2.2425,-21.611
4216,SZSE.300498,温氏股份,19.02,18.93,18.99,18.68,18.8,-1.1566771819137678,1.6298633017875854,27163369,510662653.15,2023-10-31,0.4997,124940869935.2,102188186328.8,3.6483,1696.2697
4217,SZSE.300499,高澜股份,17.04,16.99,17.5,16.5,16.55,-2.875586854460088,5.868544600938967,40987743,694683963.83,2023-10-31,15.0343,5107663052.2,4511999540.05,3.5948,18.2149
4218,SZSE.300500,启迪设计,15.0,15.0,15.18,14.84,14.9,-0.6666666666666599,2.2666666666666657,1508480,22589990.6,2023-10-31,0.918,2592225548.1,2448309964.5,1.6456,-152.5556
4219,SZSE.300501,海顺新材,14.6,14.6,14.78,14.36,14.72,0.8219178082191858,2.876712328767123,2904500,42679245.0,2023-10-31,2.32,2848783753.6,1842868560.0,1.6977,25.8455
4220,SZSE.300502,新易盛,32.44,32.42,32.42,31.07,31.38,-3.2675709001232955,4.1615289765721375,32472338,1021102258.47,2023-10-31,5.2577,22277259035.88,19380849011.64,4.281,39.0343
4221,SZSE.300503,昊志机电,15.02,14.8,14.99,14.12,14.31,-4.727030625832218,5.792276964047942,17934150,258849615.0,2023-10-31,8.5125,4379902283.16,3014826964.92,3.4132,-105.1555
4222,SZSE.300504,天邑股份,18.79,18.74,18.88,18.41,18.6,-1.011176157530591,2.5013304949441135,4360828,81164259.46,2023-10-31,2.0295,5068572168.0,3996577591.8,2.1952,47.911
4223,SZSE.300505,川金诺,14.57,14.52,14.75,14.33,14.43,-0.9608785175017176,2.882635552505147,1877750,27149133.0,2023-10-31,1.1383,3966338356.89,2380306869.33,1.6676,-90.0049
4224,SZSE.300506,名家汇,6.56,6.54,6.64,6.5,6.57,0.1524390243902607,2.13414634146341,4821884,31610320.36,2023-10-31,0.8422,4570069458.33,3761439685.92,11.0814,-8.6338
4225,SZSE.300507,苏奥传感,6.33,6.29,6.36,6.18,6.26,-1.1058451816745696,2.8436018957346065,27735680,173694394.69,2023-10-31,3.615,4954970957.82,4802851042.26,2.6081,16.5963
4226,SZSE.300508,维宏股份,29.1,29.01,29.3,28.08,28.46,-2.1993127147766356,4.1924398625429635,1444296,41277481.52,2023-10-31,2.4695,3104826624.0,1664499436.04,4.4154,46.8686
4227,SZSE.300509,新美星,6.67,6.67,6.72,6.61,6.64,-0.4497751124437843,1.6491754122938445,2676030,17800844.5,2023-10-31,1.083,1968096000.0,1640767392.72,3.2284,100.9399
4228,SZSE.300510,金冠股份,6.42,6.38,6.4,6.24,6.28,-2.180685358255452,2.492211838006233,21526775,135547449.48,2023-10-31,2.6181,5203757847.08,5163584021.4,1.9374,69.905
4229,SZSE.300511,雪榕生物,5.66,5.63,5.73,5.6,5.66,0.0,2.29681978798588,11314965,64028481.25,2023-10-31,2.7717,2823098184.68,2310623989.64,1.7667,-6.6982
4230,SZSE.300512,中亚股份,7.94,7.99,7.99,7.78,7.81,-1.6372795969773368,2.644836272040302,1641150,12865185.0,2023-10-31,0.5016,3209571241.25,2555274394.2,1.9492,48.5014
4231,SZSE.300513,恒实科技,12.76,12.69,12.97,12.61,12.73,-0.23510971786833146,2.821316614420072,6245988,79828074.76,2023-10-31,2.2256,3993288403.15,3572627895.47,1.6648,685.9258
4232,SZSE.300514,友讯达,15.18,15.07,15.4,14.88,15.0,-1.1857707509881354,3.425559947299075,8022500,120938721.0,2023-10-31,5.1651,3000000000.0,2329833000.0,3.5129,16.6874
4233,SZSE.300515,三德科技,11.55,11.51,11.64,11.09,11.21,-2.9437229437229373,4.761904761904768,4032500,45610345.0,2023-10-31,2.1847,2307023605.0,2069152651.28,3.1725,27.8338
4234,SZSE.300516,久之洋,31.19,31.4,31.76,31.1,31.34,0.4809233728759077,2.116062840654056,1290987,40512763.55,2023-10-31,0.7172,5641200000.0,5641200000.0,4.4213,77.8567
4235,SZSE.300517,海波重科,12.6,12.6,12.9,12.47,12.58,-0.15873015873015817,3.4126984126984103,2107100,26696658.2,2023-10-31,1.6993,2520826467.96,1559868887.46,2.3928,167.2582
4236,SZSE.300518,新迅达,17.44,17.55,17.72,17.3,17.59,0.8600917431192512,2.4082568807339344,2221416,38971811.56,2023-10-31,1.1622,3507649621.84,3362094148.43,2.7808,94.9394
4237,SZSE.300519,新光药业,16.03,16.03,16.32,16.0,16.19,0.9981285090455483,1.996257018091081,2494500,40474926.0,2023-10-31,2.1862,2590400000.0,1847279000.0,3.0911,33.1575
4238,SZSE.300520,科大国创,21.62,21.45,21.65,21.07,21.28,-1.5726179463459777,2.682701202590186,7692972,164314273.23,2023-10-31,3.3045,5264367696.0,4954057139.36,3.443,-109.7935
4239,SZSE.300521,爱司凯,13.77,13.71,13.84,13.49,13.58,-1.3798111837327487,2.5417574437182253,2036400,27710972.0,2023-10-31,1.4142,1955520000.0,1955507166.9,3.9054,-194.672
4240,SZSE.300522,世名科技,12.43,12.32,12.89,12.3,12.8,2.976669348350769,4.746580852775542,8356037,105512787.13,2023-10-31,3.825,4127379289.6,2796281612.8,5.0389,484.2147
4241,SZSE.300523,辰安科技,20.72,20.69,20.71,20.33,20.46,-1.2548262548262468,1.8339768339768463,2212700,45314820.0,2023-10-31,0.9523,4759766073.48,4754054091.6,3.3048,-2503.0478
4242,SZSE.300525,博思软件,14.34,14.2,14.3,13.98,14.23,-0.7670850767085069,2.231520223152024,5758368,81245433.08,2023-10-31,0.942,10682044459.44,8698631825.96,4.4262,40.8096
4243,SZSE.300527,中船应急,7.61,7.61,7.65,7.52,7.56,-0.6570302233902869,1.7082785808147278,4774462,36200703.34,2023-10-31,0.4957,7282096365.6,7282096365.6,2.9812,128.186
4244,SZSE.300528,幸福蓝海,9.78,9.78,10.12,9.7,9.82,0.4089979550102374,4.294478527607361,18381574,181721392.62,2023-10-31,4.9332,3659011090.28,3659011090.28,15.5588,-26.1309
4245,SZSE.300529,健帆生物,24.08,24.04,24.18,23.44,23.67,-1.7026578073089604,3.0730897009966713,8714012,206840517.9,2023-10-31,1.7002,19114834235.04,12131472714.84,6.3914,43.4683
4246,SZSE.300530,领湃科技,18.15,18.15,18.3,17.74,17.87,-1.542699724517893,3.085399449035825,525925,9410921.75,2023-10-31,0.332,3072770695.98,2830439128.5,10.7137,-25.0228
4247,SZSE.300531,优博讯,14.87,14.9,14.9,14.59,14.7,-1.143241425689312,2.08473436449227,6551244,96434556.04,2023-10-31,2.0768,4824924037.5,4637059698.6,2.6764,45.7108
4248,SZSE.300532,今天国际,16.64,16.55,16.61,16.08,16.24,-2.4038461538461675,3.1850961538461604,7030588,114640182.03,2023-10-31,3.7696,5038156328.24,3028861012.8,3.1968,12.6989
4249,SZSE.300533,冰川网络,26.3,26.46,27.28,26.0,26.49,0.7224334600760329,4.866920152091259,13151498,349647577.36,2023-10-31,8.1291,6122826547.2,4285629047.49,3.492,24.9721
4250,SZSE.300534,陇神戎发,10.0,9.92,10.08,9.85,9.98,-0.20000000000000018,2.3000000000000043,9907100,98919208.0,2023-10-31,3.2925,3027383100.0,3002959505.08,4.9084,53.4571
4251,SZSE.300535,达威股份,16.91,16.92,17.0,16.7,16.85,-0.3548196333530429,1.7740981667652318,1904134,32099063.57,2023-10-31,2.4951,1766603084.05,1285901363.85,1.8871,82.74
4252,SZSE.300536,农尚环境,15.81,15.95,16.38,15.81,16.24,2.719797596457929,3.6053130929791175,8871400,143349183.0,2023-10-31,3.0252,4762999279.92,4762432617.6,7.5445,256.9666
4253,SZSE.300537,广信材料,21.44,21.01,21.71,20.43,20.82,-2.8917910447761264,5.970149253731348,29039271,608479835.85,2023-10-31,21.2183,4018834298.88,2849418600.06,5.7841,250.4343
4254,SZSE.300538,同益股份,22.39,22.0,22.85,21.31,21.41,-4.376953997320232,6.87807056721752,17831290,389064891.34,2023-10-31,15.5982,3894876647.93,2447514637.84,3.6548,146.9699
4255,SZSE.300539,横河精密,12.29,12.33,12.39,12.11,12.26,-0.24410089503661414,2.278275020341751,3022612,36904325.64,2023-10-31,1.7647,2722674441.0,2099912452.78,5.1487,71.733
4256,SZSE.300540,蜀道装备,21.76,21.77,22.55,21.59,22.32,2.5735294117646967,4.411764705882357,2301400,51039845.0,2023-10-31,2.1109,3677978723.76,2433391775.28,3.7455,-190.7724
4257,SZSE.300541,先进数通,17.48,17.33,17.39,16.76,16.9,-3.3180778032036673,3.6041189931350055,27482623,468200343.23,2023-10-31,10.6877,5590578406.4,4345697957.9,3.521,32.9286
4258,SZSE.300542,新晨科技,13.13,13.24,13.25,12.84,12.96,-1.2947448591012933,3.1226199543031234,6580800,85859486.0,2023-10-31,2.6978,3869336291.04,3161309472.0,6.5154,167.5564
4259,SZSE.300543,朗科智能,10.02,9.98,10.15,9.77,9.83,-1.896207584830334,3.7924151696606865,4759530,47267540.04,2023-10-31,2.2513,2635688331.36,2078188158.22,2.5542,40.5275
4260,SZSE.300545,联得装备,29.73,29.36,34.47,29.36,32.42,9.048099562731249,17.188025563403965,24482349,792732084.33,2023-10-31,21.8733,5762508656.12,3628699113.9,3.6593,36.8987
4261,SZSE.300546,雄帝科技,16.3,16.28,16.42,15.67,15.83,-2.8834355828220914,4.601226993865041,4850660,77318327.2,2023-10-31,3.7303,2936855858.53,2058442494.1,2.7321,-554.8812
4262,SZSE.300547,川环科技,17.36,17.39,17.55,16.45,16.82,-3.1105990783410142,6.336405529953925,13234177,225297093.57,2023-10-31,7.4601,3648361846.68,2983855485.92,3.525,24.9184
4263,SZSE.300548,博创科技,25.0,24.96,25.0,24.13,24.42,-2.3199999999999887,3.480000000000004,10885469,266382026.83,2023-10-31,4.7568,6984623491.56,5588328526.44,3.2081,36.3265
4264,SZSE.300549,优德精密,19.74,19.69,19.8,19.08,19.31,-2.178318135764945,3.6474164133738727,2359700,45679609.0,2023-10-31,2.3351,2574795400.0,1951365774.25,4.7004,103.9287
4265,SZSE.300550,和仁科技,14.7,14.74,14.83,14.55,14.7,0.0,1.9047619047619004,2202924,32365765.68,2023-10-31,0.8414,3859634072.7,3848508642.3,3.6643,-40.6359
4266,SZSE.300551,古鳌科技,21.49,21.49,21.6,20.63,20.89,-2.7919962773382823,4.513727315030258,7473610,156634178.0,2023-10-31,2.9468,7222778895.71,5298126918.05,7.038,-86.8397
4267,SZSE.300552,万集科技,21.08,20.7,22.27,20.5,21.1,0.09487666034158071,8.396584440227702,9088540,195586001.6,2023-10-31,7.2199,4497108663.2,2656115095.2,1.7957,-33.1962
4268,SZSE.300553,集智股份,42.27,42.28,43.0,40.64,40.66,-3.8088478826591166,5.583155902531344,721390,29820648.1,2023-10-31,1.3468,3298339200.0,2177893943.0,4.6611,84.9866
4269,SZSE.300554,三超新材,19.76,19.6,20.09,19.43,19.75,-0.05060728744940013,3.340080971659919,4091749,80521245.36,2023-10-31,5.3452,2255678645.75,1511861216.25,2.781,66.7275
4270,SZSE.300555,ST路通,7.12,7.12,7.39,7.08,7.28,2.2471910112359605,4.353932584269658,1729080,12545842.7,2023-10-31,0.8751,1456000000.0,1438402150.64,2.4603,-58.1888
4271,SZSE.300556,丝路视觉,22.38,22.29,22.8,21.68,22.0,-1.6979445933869464,5.00446827524576,5183100,115364601.0,2023-10-31,5.0679,2668914578.0,2250021620.0,2.9578,75.3664
4272,SZSE.300557,理工光科,35.18,35.18,36.19,34.81,35.04,-0.3979533826037551,3.922683342808401,597015,21042400.45,2023-10-31,0.8559,2508377749.92,2444205283.68,2.6832,113.6022
4273,SZSE.300558,贝达药业,58.2,58.2,61.41,57.95,60.89,4.621993127147772,5.945017182130574,6840079,412519784.15,2023-10-31,1.6389,25481605537.65,25413567782.33,4.8584,73.3692
4274,SZSE.300559,佳发教育,15.17,15.18,15.24,14.3,14.69,-3.164139749505601,6.196440342781803,16663810,244489285.0,2023-10-31,5.3558,5868868989.23,4570600076.77,5.0131,61.5999
4275,SZSE.300560,中富通,17.1,17.09,17.35,16.86,16.97,-0.7602339181286721,2.8654970760234035,4902660,83972811.0,2023-10-31,2.6224,3898749265.34,3172630524.62,3.3873,105.6393
4276,SZSE.300561,汇金科技,12.23,12.15,12.5,12.13,12.28,0.40883074407194187,3.0253475061324546,5986831,73637636.88,2023-10-31,3.0621,4029165933.0,2400902096.0,6.2726,-2290.1529
4277,SZSE.300562,乐心医疗,11.54,11.59,11.84,11.5,11.59,0.4332755632582286,2.9462738301559783,7045120,82022348.6,2023-10-31,4.4502,2513884768.92,1834806421.19,2.4512,-96.5408
4278,SZSE.300563,神宇股份,15.73,15.75,15.94,15.45,15.56,-1.0807374443738027,3.115066751430389,8368370,131042296.2,2023-10-31,6.8148,2772675704.56,1910712621.96,2.8015,72.8089
4279,SZSE.300564,筑博设计,13.51,13.38,13.85,13.28,13.67,1.1843079200592133,4.219096965210957,5370938,73004132.02,2023-10-31,4.8772,2247129280.0,1505400548.0,1.6882,20.0427
4280,SZSE.300565,科信技术,15.05,15.04,15.16,14.63,14.76,-1.926910299003326,3.5215946843853776,6938370,103094664.2,2023-10-31,3.6849,3070080000.0,2779188960.6,7.1484,-20.9599
4281,SZSE.300566,激智科技,17.56,17.6,17.89,17.21,17.33,-1.3097949886104798,3.8724373576309783,7193506,125857777.96,2023-10-31,3.1523,4570641061.5,3954684909.39,2.6585,41.0383
4282,SZSE.300567,精测电子,87.6,87.77,89.9,84.7,86.01,-1.8150684931506733,5.9360730593607345,2068090,178735240.6,2023-10-31,1.0002,23923361542.8,17783957077.56,7.4147,206.9979
4283,SZSE.300568,星源材质,15.72,15.53,15.72,15.32,15.36,-2.2900763358778664,2.5445292620865163,29332640,453127594.32,2023-10-31,2.5518,19686650403.84,17656375219.2,2.1837,24.6401
4284,SZSE.300569,天能重工,7.43,7.4,7.43,7.27,7.33,-1.3458950201884257,2.1534320323014824,8149850,59728573.0,2023-10-31,1.1307,7496199547.73,5283150811.09,1.364,27.3139
4285,SZSE.300570,太辰光,32.96,32.96,32.96,31.28,31.62,-4.065533980582526,5.097087378640776,14327648,456395427.61,2023-10-31,7.3911,7272498816.0,6129532573.2,5.4436,54.0953
4286,SZSE.300571,平治信息,36.77,36.81,38.14,35.76,35.89,-2.3932553712265547,6.472667935817249,2864100,104447320.0,2023-10-31,2.4773,5007670471.66,4149310947.44,3.0639,-117.0379
4287,SZSE.300572,安车检测,15.91,15.79,15.97,15.53,15.63,-1.7598994343180352,2.765556253928355,2018747,31655191.18,2023-10-31,1.0993,3579095131.56,2870338495.74,1.6644,-115.3171
4288,SZSE.300573,兴齐眼药,161.76,160.99,165.49,158.5,162.65,0.5501978239367045,4.321216617210688,1660120,270241166.7,2023-10-31,1.7431,20164877592.1,15491017938.9,12.6449,105.4771
4289,SZSE.300575,中旗股份,8.01,8.0,8.16,7.98,8.08,0.8739076154806513,2.2471910112359517,6346150,51109743.5,2023-10-31,1.8441,3755231712.0,2780534702.56,1.7231,11.6063
4290,SZSE.300576,容大感光,47.21,46.7,47.48,45.4,46.31,-1.9063757678457915,4.40584621902139,20107808,932900591.91,2023-10-31,14.1672,11411891549.96,6572878375.91,9.2149,115.7706
4291,SZSE.300577,开润股份,16.39,16.4,16.52,14.75,15.03,-8.297742525930452,10.799267846247709,5267974,81091231.41,2023-10-31,3.9345,3604076720.91,2012385727.98,2.002,36.7078
4292,SZSE.300578,会畅通讯,19.79,19.68,19.97,19.44,19.56,-1.1622031328954008,2.678120262758957,3635400,71334447.0,2023-10-31,1.8727,3896933714.4,3797082985.32,2.3649,-94.4944
4293,SZSE.300579,数字认证,27.48,27.27,27.68,26.9,27.12,-1.3100436681222738,2.8384279475982575,2601500,70679915.5,2023-10-31,0.9934,7322400000.0,7101939811.44,7.9183,123.0029
4294,SZSE.300580,贝斯特,25.68,25.61,26.26,24.77,25.23,-1.752336448598124,5.802180685358263,5980800,150830507.06,2023-10-31,1.8775,8547453586.65,8037184733.64,3.0516,29.9627
4295,SZSE.300581,晨曦航空,10.52,10.41,10.88,10.38,10.84,3.041825095057038,4.752851711026616,23831928,256169307.41,2023-10-31,4.3322,5963187478.64,5963187478.64,5.9941,-14303.8396
4296,SZSE.300582,英飞特,12.49,12.39,12.54,12.24,12.25,-1.9215372297838318,2.401921537229775,3444000,42578464.0,2023-10-31,1.5671,3658895978.5,2692087501.25,2.3187,-60.9474
4297,SZSE.300583,赛托生物,18.2,18.19,19.69,18.15,18.75,3.0219780219780334,8.461538461538478,9696821,184359974.7,2023-10-31,5.2233,3556914862.5,3480864862.5,1.7537,57.5263
4298,SZSE.300584,海辰药业,26.2,26.15,27.5,25.83,26.43,0.8778625954198427,6.374045801526725,11715850,314087041.5,2023-10-31,14.267,3171600000.0,2170395153.03,3.2575,91.1673
4299,SZSE.300585,奥联电子,16.27,16.18,16.38,15.94,16.06,-1.290719114935468,2.704363859864779,3999500,64452788.0,2023-10-31,2.4997,2748044442.66,2569600000.0,3.8,425.3707
4300,SZSE.300586,美联新材,9.38,9.3,9.46,9.19,9.21,-1.8123667377398678,2.8784648187633404,3574228,33090090.97,2023-10-31,0.6683,6550305300.45,4926058002.78,3.424,39.0589
4301,SZSE.300587,天铁股份,5.77,5.78,5.8,5.51,5.55,-3.812824956672445,5.025996533795495,20317228,113872136.58,2023-10-31,2.1411,6057379429.35,5266507692.75,2.0673,201.9773
4302,SZSE.300588,熙菱信息,12.28,12.28,12.76,12.08,12.38,0.8143322475570258,5.53745928338762,13094200,161903455.0,2023-10-31,9.0634,2370411351.4,1788571468.9,6.1,-51.3193
4303,SZSE.300589,江龙船艇,13.56,13.63,13.79,13.46,13.59,0.22123893805310324,2.4336283185840584,4947176,67444235.91,2023-10-31,2.2213,5132508065.64,3026666911.23,6.5091,259.8694
4304,SZSE.300590,移为通信,11.59,11.52,11.63,11.33,11.48,-0.9490940465918807,2.588438308886978,9353070,106969779.7,2023-10-31,2.7049,5265777386.8,3969619686.76,3.032,42.3153
4305,SZSE.300591,万里马,6.98,6.92,7.14,6.9,7.03,0.7163323782234832,3.43839541547277,19537660,136637162.2,2023-10-31,5.8776,2851886652.31,2336839853.56,5.078,-14.6481
4306,SZSE.300592,华凯易佰,24.0,23.87,24.48,23.3,23.75,-1.041666666666663,4.916666666666666,4296484,101673168.44,2023-10-31,2.726,6867920998.75,3743257806.25,3.3006,18.4472
4307,SZSE.300593,新雷能,16.72,16.73,16.85,16.38,16.45,-1.614832535885169,2.81100478468901,3265373,53987786.91,2023-10-31,0.7336,8855113663.9,7321955207.0,2.8631,57.0248
4308,SZSE.300594,朗进科技,20.32,20.37,20.72,20.27,20.46,0.6889763779527547,2.2145669291338548,1602400,32750648.8,2023-10-31,1.7689,1879812627.0,1853466305.46,2.0372,-300.1861
4309,SZSE.300595,欧普康视,25.04,25.0,25.28,24.72,25.23,0.7587859424920129,2.2364217252396257,5693071,142760397.31,2023-10-31,0.8519,22634975136.87,16859828414.4,5.321,34.4762
4310,SZSE.300596,利安隆,31.82,31.51,31.89,31.37,31.67,-0.4714016341923255,1.6341923318667488,717500,22662118.0,2023-10-31,0.3346,7272054853.89,6790969280.3,1.8037,19.4654
4311,SZSE.300597,吉大通信,9.28,9.26,9.33,9.08,9.16,-1.2931034482758563,2.6939655172413794,7508600,68982549.0,2023-10-31,2.7675,2496741474.8,2485220100.08,2.2983,166.3925
4312,SZSE.300598,诚迈科技,46.2,45.9,46.92,45.82,46.27,0.15151515151514694,2.380952380952384,4701199,217660315.13,2023-10-31,2.8637,7596780215.43,7595866706.82,6.1777,-36.8515
4313,SZSE.300599,雄塑科技,8.08,8.05,8.12,7.93,7.94,-1.7326732673267342,2.351485148514845,2748496,22011170.88,2023-10-31,1.2982,2843564641.98,1681062492.98,1.2597,-658.1892
4314,SZSE.300600,国瑞科技,10.05,10.14,10.21,9.91,9.98,-0.6965174129353269,2.9850746268656785,3272000,32763641.0,2023-10-31,1.3286,2936460110.4,2457842823.28,3.1204,1008.8729
4315,SZSE.300601,康泰生物,30.29,30.21,30.5,29.95,30.33,0.1320567844173004,1.8157807857378698,9643532,291488586.34,2023-10-31,1.0941,33875955002.79,26732116943.55,3.7361,93.7883
4316,SZSE.300602,飞荣达,20.52,20.25,20.85,20.08,20.25,-1.3157894736842035,3.7524366471735044,19609129,400681107.82,2023-10-31,6.1513,11705509077.75,6455325132.0,3.208,81.1925
4317,SZSE.300603,立昂技术,11.09,11.0,11.55,10.9,11.13,0.36068530207395977,5.8611361587015365,65349376,732339393.32,2023-10-31,18.4601,5173204311.03,3940060758.06,3.5668,-13.8683
4318,SZSE.300604,长川科技,40.96,41.5,42.13,40.48,40.82,-0.341796875,4.028320312500014,15883622,652111494.67,2023-10-31,3.521,25440262887.0,18414116509.1,8.9698,185.8048
4319,SZSE.300605,恒锋信息,13.95,14.0,14.38,13.93,14.0,0.35842293906811484,3.2258064516129106,3316100,46859642.17,2023-10-31,2.9113,2302639668.0,1594659542.0,4.1214,570.4722
4320,SZSE.300606,金太阳,28.96,29.18,29.18,27.8,28.4,-1.9337016574585753,4.765193370165742,3929300,111270232.5,2023-10-31,3.3417,3979322800.0,3339341210.8,6.2071,110.0702
4321,SZSE.300607,拓斯达,14.49,14.38,14.88,14.28,14.54,0.3450655624568588,4.1407867494824115,11893402,173198831.38,2023-10-31,4.1698,6177030904.44,4147174422.54,2.5978,41.6188
4322,SZSE.300608,思特奇,12.29,12.23,12.35,11.55,11.77,-4.23108218063466,6.509357200976396,33476142,399473530.4,2023-10-31,12.3506,3850391320.27,3190249637.19,2.6583,395.3977
4323,SZSE.300609,汇纳科技,24.72,26.76,26.99,24.75,24.98,1.0517799352750767,9.061488673139152,10450900,268133228.0,2023-10-31,10.997,3044312275.26,2373961310.4,2.8526,-62.8279
4324,SZSE.300610,晨化股份,11.09,11.1,11.24,11.06,11.21,1.082055906221835,1.6230838593327297,2495480,27929389.2,2023-10-31,1.5477,2386142439.8,1807473182.12,2.1949,56.9725
4325,SZSE.300611,美力科技,10.76,10.75,10.82,10.18,10.21,-5.11152416356876,5.947955390334577,9449200,98267960.0,2023-10-31,6.4286,2155072482.8,1500736044.8,2.148,36217.1187
4326,SZSE.300612,宣亚国际,18.2,18.1,18.55,18.07,18.18,-0.1098901098901095,2.63736263736264,3424600,62712685.0,2023-10-31,2.1533,2891346745.5,2891346745.5,8.8361,178.4799
4327,SZSE.300613,富瀚微,46.89,47.06,47.75,46.56,47.02,0.27724461505651554,2.537854553209635,2899838,136054992.79,2023-10-31,1.3346,10837275818.18,10216375495.66,4.5971,47.0202
4328,SZSE.300614,百川畅银,22.68,22.56,23.2,22.47,22.62,-0.2645502645502562,3.218694885361554,1319944,30022699.5,2023-10-31,1.483,3629034045.0,2013278306.52,2.3814,667.4307
4329,SZSE.300615,欣天科技,16.34,16.21,16.4,16.07,16.27,-0.4283965728274164,2.0195838433292432,5850710,94899885.54,2023-10-31,4.5246,3114536814.0,2103842331.44,5.7474,36.9739
4330,SZSE.300616,尚品宅配,18.31,18.3,18.5,18.04,18.19,-0.6553795740032675,2.512288367012566,2172080,39574785.6,2023-10-31,1.6797,3599202185.2,2352282450.98,1.0122,44.9355
4331,SZSE.300617,安靠智电,30.61,30.57,30.58,30.11,30.22,-1.274093433518464,1.5354459327017278,866886,26239520.32,2023-10-31,0.822,5076858339.92,3187046106.92,1.8891,30.4506
4332,SZSE.300618,寒锐钴业,30.36,30.25,30.79,30.18,30.51,0.49407114624506754,2.0092226613965725,3352471,102141626.42,2023-10-31,1.2298,9526254427.89,8317419762.06,1.8145,106.7724
4333,SZSE.300619,金银河,60.62,60.76,60.78,59.27,59.55,-1.7650940283734706,2.4909270867700397,442065,26509258.6,2023-10-31,0.6114,5302012871.55,4305519428.7,5.0194,41.3295
4334,SZSE.300620,光库科技,39.55,39.6,39.62,38.17,38.6,-2.402022756005051,3.6662452591656027,7257538,280950397.89,2023-10-31,2.9957,9468989430.2,9351313470.2,5.6249,127.0844
4335,SZSE.300621,维业股份,10.5,10.5,10.64,10.48,10.58,0.7619047619047636,1.5238095238095253,1426171,15033664.63,2023-10-31,0.7275,2201239886.0,2073973954.72,2.7258,77.439
4336,SZSE.300622,博士眼镜,20.1,20.3,20.3,19.86,20.01,-0.4477611940298498,2.1890547263681652,1748219,35032888.6,2023-10-31,1.5138,3485852635.29,2310898091.61,4.592,28.0557
4337,SZSE.300623,捷捷微电,17.62,17.61,17.77,17.4,17.55,-0.39727582292848895,2.099886492622026,4415490,77476398.93,2023-10-31,0.6997,12923425054.8,11075774989.5,3.8335,61.987
4338,SZSE.300624,万兴科技,81.38,83.1,83.89,78.83,80.4,-1.2042270828213186,6.217743917424431,10706890,862888209.3,2023-10-31,8.8962,11071410202.8,9676396234.8,8.1876,135.1075
4339,SZSE.300625,三雄极光,13.92,13.92,13.92,13.69,13.78,-1.0057471264367845,1.6522988505747158,3639164,50173009.64,2023-10-31,2.2892,3849181180.0,2190602576.24,1.7983,25.8239
4340,SZSE.300626,华瑞股份,9.82,9.81,10.21,9.78,9.95,1.323828920570258,4.378818737270891,5526760,55465863.0,2023-10-31,3.1172,1791000000.0,1764149925.0,2.8773,105.436
4341,SZSE.300627,华测导航,30.21,30.18,30.24,29.7,29.91,-0.9930486593843102,1.7874875868917548,2160431,64590362.99,2023-10-31,0.4851,16246154431.35,13320389248.02,5.7501,38.3935
4342,SZSE.300628,亿联网络,33.6,33.6,33.6,32.88,33.35,-0.7440476190476164,2.1428571428571392,2909776,96385937.14,2023-10-31,0.4024,42148236986.7,24112686784.9,5.4832,20.9603
4343,SZSE.300629,新劲刚,18.29,18.1,18.43,18.0,18.1,-1.0388190267905828,2.3510114816839787,7647097,139198800.41,2023-10-31,3.886,4298539116.9,3561834346.8,3.1808,31.2538
4344,SZSE.300630,普利制药,27.71,28.56,32.5,27.9,31.68,14.326957776975814,16.600505232767958,96224233,2938914220.35,2023-10-31,29.8777,13823649480.96,10202856554.88,4.5721,37.4166
4345,SZSE.300631,久吾高科,26.54,26.41,28.84,26.41,27.92,5.199698568198952,9.155990957045967,3807522,106261778.32,2023-10-31,3.1433,3424165310.08,3381937203.52,2.8359,95.3727
4346,SZSE.300632,光莆股份,12.21,12.23,12.38,12.11,12.16,-0.40950040950041844,2.2113022113022223,2507430,30632802.54,2023-10-31,1.1671,3711008499.2,2612382497.92,1.9083,76.2636
4347,SZSE.300633,开立医疗,48.0,47.82,49.25,47.57,48.27,0.5624999999999991,3.4999999999999996,2744668,132846744.36,2023-10-31,0.6373,20787609931.95,20787609931.95,6.7948,46.7107
4348,SZSE.300634,彩讯股份,22.88,22.7,23.18,22.22,22.38,-2.1853146853146876,4.195804195804199,21585068,487576322.06,2023-10-31,5.0048,10018479735.0,9652231035.0,3.8647,26.9482
4349,SZSE.300635,中达安,12.79,12.75,12.94,12.68,12.83,0.31274433150900727,2.0328381548084424,1676254,21494656.22,2023-10-31,1.3944,1749011260.0,1542966258.42,4.1244,-8.8585
4350,SZSE.300636,同和药业,11.43,11.5,11.65,11.31,11.53,0.8748906386701671,2.974628171478564,3848603,44292897.03,2023-10-31,1.3197,4878759751.85,3362519392.83,2.2267,46.5378
4351,SZSE.300637,扬帆新材,9.0,8.95,9.4,8.9,9.0,0.0,5.555555555555555,23799000,217372950.71,2023-10-31,10.1559,2112751170.0,2109039615.0,2.751,-170.9966
4352,SZSE.300638,广和通,21.06,21.3,21.45,20.53,20.75,-1.4719848053181273,4.368471035137693,21607875,449367124.33,2023-10-31,4.3859,15928444551.5,10222859547.5,5.1916,29.833
4353,SZSE.300639,凯普生物,9.07,9.06,9.23,9.0,9.19,1.3230429988974501,2.535832414553478,4246176,38876683.38,2023-10-31,0.6658,5965687342.06,5861299970.06,1.2216,14.572
4354,SZSE.300640,德艺文创,6.11,6.1,6.15,6.05,6.08,-0.49099836333879043,1.636661211129305,3610586,22037394.82,2023-10-31,1.6446,1899710756.16,1334806848.0,2.337,65.5156
4355,SZSE.300641,正丹股份,5.51,5.52,5.57,5.52,5.56,0.9074410163339319,0.9074410163339511,3630850,20146905.5,2023-10-31,0.7416,2722202960.44,2722202960.44,1.8178,304.7427
4356,SZSE.300642,透景生命,17.8,17.67,18.05,17.6,17.98,1.011235955056189,2.528089887640445,1815398,32483045.42,2023-10-31,1.3183,2952428213.18,2475971248.68,1.9693,37.0567
4357,SZSE.300643,万通智控,12.03,12.02,12.28,11.83,11.9,-1.0806317539484578,3.740648379052364,4877500,58514630.0,2023-10-31,2.1256,2737000000.0,2730574000.0,2.688,26.0352
4358,SZSE.300644,南京聚隆,18.19,18.23,18.49,18.1,18.29,0.549752611324883,2.1440351841671084,1707428,31246203.5,2023-10-31,2.034,1971669316.0,1535378832.95,2.4203,24.6716
4359,SZSE.300645,正元智慧,24.95,24.88,25.43,24.87,25.16,0.84168336673347,2.244488977955907,1947355,49041982.44,2023-10-31,1.3873,3531635078.64,3531635078.64,3.4538,48.7078
4360,SZSE.300647,超频三,6.75,6.74,6.79,6.66,6.69,-0.8888888888888835,1.9259259259259243,5218400,35096643.0,2023-10-31,1.1764,3059477650.56,2967515539.11,2.6109,-42.292
4361,SZSE.300648,星云股份,28.69,28.69,28.97,27.97,28.18,-1.7776228651097958,3.4855350296270475,2995825,84587377.05,2023-10-31,3.0571,4164550189.28,2684576210.36,4.2428,-70.9087
4362,SZSE.300649,杭州园林,17.47,17.57,18.26,17.43,17.76,1.6599885518031154,4.751001717229547,6499644,115956714.68,2023-10-31,6.1856,2351718975.84,1866171587.04,4.3114,-197.3306
4363,SZSE.300650,太龙股份,14.98,15.17,16.0,14.42,14.66,-2.1361815754339153,10.54739652870494,37095905,559232397.41,2023-10-31,24.4125,3200221207.16,2227655638.12,2.7005,104.7583
4364,SZSE.300651,金陵体育,20.18,19.93,20.27,19.93,20.08,-0.49554013875124925,1.6848364717542115,1820280,36629722.4,2023-10-31,2.5727,2585275663.04,1420747528.72,3.4396,48.5495
4365,SZSE.300652,雷迪克,24.51,24.56,26.51,24.56,25.37,3.50877192982455,7.955936352509191,5499798,140944805.06,2023-10-31,5.9722,2603168334.21,2336341414.18,2.011,24.2512
4366,SZSE.300653,正海生物,30.4,30.4,30.89,30.05,30.59,0.6250000000000089,2.7631578947368416,2426703,74025056.83,2023-10-31,1.3482,5506200000.0,5506200000.0,6.0812,30.8611
4367,SZSE.300654,世纪天鸿,11.22,11.28,11.48,10.84,10.94,-2.4955436720142665,5.704099821746885,18870245,209756898.4,2023-10-31,5.8413,3980663473.64,3534125559.28,4.9198,100.6063
4368,SZSE.300655,晶瑞电材,10.6,10.6,10.86,10.45,10.6,0.0,3.867924528301888,27049208,287107941.67,2023-10-31,2.8747,10546367869.0,9974125862.0,5.6577,137.5152
4369,SZSE.300656,民德电子,25.55,25.5,25.9,25.4,25.75,0.7827788649706457,1.9569471624266144,1020090,26115493.9,2023-10-31,0.8048,4445342804.0,3263754485.25,3.802,81.4101
4370,SZSE.300657,弘信电子,22.03,21.6,24.35,20.4,22.81,3.5406264185201985,17.93009532455743,99686198,2179780195.17,2023-10-31,21.5141,11140633377.36,10569061674.72,7.5152,-25.3669
4371,SZSE.300658,延江股份,6.88,6.91,6.94,6.85,6.89,0.14534883720929148,1.3081395348837317,3717027,25612610.63,2023-10-31,1.6296,2292744683.45,1571575390.58,1.6427,58.3187
4372,SZSE.300659,中孚信息,22.2,22.39,22.66,21.57,21.84,-1.6216216216216162,4.90990990990991,8292060,182659407.4,2023-10-31,5.403,4925810132.88,3351833787.12,5.3143,-14.9032
4373,SZSE.300660,江苏雷利,29.0,28.65,28.85,27.93,28.23,-2.6551724137931054,3.172413793103454,5784047,164184453.65,2023-10-31,1.8254,8949431521.02,8944953283.2,2.7679,30.0937
4374,SZSE.300661,圣邦股份,92.09,92.09,92.37,88.57,89.58,-2.725594527093067,4.12639808882616,3804122,341673662.0,2023-10-31,0.8493,41871612863.94,40122482652.36,11.4191,158.0353
4375,SZSE.300662,科锐国际,30.91,30.79,30.9,29.93,30.17,-2.3940472339048835,3.1381429957942375,1555300,47051845.0,2023-10-31,0.7903,5937647851.03,5937647851.03,3.3519,26.4098
4376,SZSE.300663,科蓝软件,15.76,15.84,16.1,15.45,15.54,-1.3959390862944177,4.124365482233516,26573139,418722098.44,2023-10-31,6.587,7182317355.36,6269161407.6,6.3912,246.5294
4377,SZSE.300664,鹏鹞环保,5.64,5.64,5.65,5.53,5.55,-1.5957446808510634,2.1276595744680873,8759379,48906589.45,2023-10-31,1.1393,4398247250.1,4267059125.1,1.0226,17.1814
4378,SZSE.300665,飞鹿股份,8.61,8.63,8.7,8.52,8.58,-0.34843205574912606,2.09059233449477,4393445,37754485.35,2023-10-31,2.9432,1625878614.36,1280775038.4,3.3448,-18.3423
4379,SZSE.300666,江丰电子,62.74,62.81,63.5,61.44,62.0,-1.1794708320051028,3.28339177558177,3001151,186384396.42,2023-10-31,1.4431,16457006146.0,12893421234.0,3.9164,69.6451
4380,SZSE.300667,必创科技,16.48,16.48,17.18,16.33,16.65,1.0315533980582492,5.157766990291271,7771900,129826580.26,2023-10-31,4.7715,3376035401.85,2711951933.4,2.6929,-5032.464
4381,SZSE.300668,杰恩设计,22.43,22.43,22.97,22.04,22.73,1.3374944271065559,4.146232724030315,2199050,49906275.5,2023-10-31,2.789,2736266335.29,1792176171.7,3.554,53.9564
4382,SZSE.300669,沪宁股份,14.29,14.3,15.72,14.23,15.57,8.957312806158168,10.426871938418476,5077027,77264041.69,2023-10-31,2.8295,3000425039.82,2793722266.26,3.4233,58.5814
4383,SZSE.300670,大烨智能,7.84,7.85,7.94,7.73,7.78,-0.7653061224489721,2.678571428571428,3464750,27087469.0,2023-10-31,1.5459,2465641326.62,1743690127.1,3.2635,-15.7869
4384,SZSE.300671,富满微,35.68,35.68,36.28,35.32,35.79,0.30829596412556004,2.690582959641258,2952256,105328440.72,2023-10-31,1.3604,7792358888.67,7767133846.14,3.8016,-20.444
4385,SZSE.300672,国科微,67.58,67.58,68.25,66.18,66.56,-1.5093222846996102,3.0630364013021505,2967603,198247935.28,2023-10-31,1.4162,14460167454.72,13947502965.76,3.5605,129.0172
4386,SZSE.300673,佩蒂股份,13.47,13.47,13.65,13.39,13.52,0.37119524870081744,1.930215293244245,2101399,28392411.51,2023-10-31,1.2835,3426248850.96,2213592054.96,1.9754,-57.164
4387,SZSE.300674,宇信科技,17.14,17.05,17.15,16.48,16.68,-2.683780630105026,3.9089848308051236,17170944,287766232.56,2023-10-31,2.4418,11854106437.92,11729533459.2,3.016,39.5223
4388,SZSE.300675,建科院,14.81,14.82,15.1,14.68,15.08,1.823092505064139,2.835921674544226,3290300,49086101.0,2023-10-31,2.2434,2211733836.0,2211733836.0,4.0769,159.1342
4389,SZSE.300676,华大基因,48.87,48.77,49.65,48.57,49.21,0.6957233476570623,2.209944751381212,2547597,125485853.96,2023-10-31,0.62,20368723933.25,20221725986.49,2.0477,161.4303
4390,SZSE.300677,英科医疗,22.31,22.26,22.45,21.97,22.06,-1.1205737337516841,2.151501568803229,6623682,146632583.8,2023-10-31,1.3871,14536041133.3,10534167262.88,0.9084,45.2309
4391,SZSE.300678,中科信息,29.36,29.35,29.59,28.34,28.69,-2.282016348773841,4.2574931880108995,10470700,302171835.18,2023-10-31,3.6867,8503322746.17,8148259667.05,9.9876,165.3874
4392,SZSE.300679,电连技术,42.02,41.29,42.17,41.08,41.54,-1.1423131841980072,2.5940028557829686,3650914,152152609.26,2023-10-31,1.0256,17545868746.0,14788055894.72,4.0352,63.0962
4393,SZSE.300680,隆盛科技,20.4,20.28,20.58,19.83,20.11,-1.4215686274509753,3.6764705882352944,6543963,131594174.99,2023-10-31,3.7825,4645898230.58,3479185188.87,2.7639,44.0114
4394,SZSE.300681,英搏尔,20.48,20.38,20.5,19.86,20.09,-1.904296875,3.1250000000000027,7962327,160115693.39,2023-10-31,4.6082,5064608599.82,3471262101.3,2.8399,144.2212
4395,SZSE.300682,朗新集团,18.74,18.65,18.99,18.47,18.68,-0.32017075773744796,2.774813233724651,5584022,104692528.17,2023-10-31,0.5264,20490008089.44,19815563439.12,2.7584,47.4452
4396,SZSE.300683,海特生物,49.4,49.03,51.48,48.55,50.52,2.267206477732797,5.931174089068826,4408500,221198302.12,2023-10-31,3.6169,6612784633.32,6157612063.32,2.5705,-111.5309
4397,SZSE.300684,中石科技,18.3,18.15,18.41,17.55,17.71,-3.2240437158469915,4.699453551912565,7785100,139255701.0,2023-10-31,4.2784,5304308339.33,3222551996.51,2.8303,50.996
4398,SZSE.300685,艾德生物,21.59,21.48,21.85,21.33,21.72,0.6021306160259421,2.408522464103766,3793133,81978866.11,2023-10-31,0.954,8647959940.2,8635589748.6,5.3825,40.5401
4399,SZSE.300686,智动力,10.76,10.85,10.99,10.66,10.8,0.3717472118959231,3.066914498141265,4951200,53568498.0,2023-10-31,2.4922,2868741792.0,2145645579.6,2.3136,-6.9175
4400,SZSE.300687,赛意信息,24.72,24.66,24.85,24.14,24.36,-1.4563106796116498,2.8721682847896477,9395970,228970035.48,2023-10-31,2.957,9873219300.84,7740531775.2,3.8987,43.8314
4401,SZSE.300688,创业黑马,29.19,28.9,29.35,28.24,28.51,-2.329564919492977,3.802672147995899,6121250,175479060.0,2023-10-31,4.3139,4771988518.64,4045422401.58,9.0198,-140.1772
4402,SZSE.300689,澄天伟业,20.0,19.93,20.5,19.41,19.61,-1.9500000000000073,5.449999999999999,1359400,26907242.0,2023-10-31,1.3646,2266916000.0,1953492291.89,3.3165,99.7574
4403,SZSE.300690,双一科技,19.48,18.96,18.98,18.22,18.29,-6.10882956878851,3.901437371663252,10753342,199608109.31,2023-10-31,9.8123,3024231728.51,2004407556.37,2.1582,27.5447
4404,SZSE.300691,联合光电,18.63,18.43,18.57,18.03,18.27,-1.9323671497584516,2.8985507246376767,6858683,125387981.6,2023-10-31,3.4368,4916585840.04,3646219336.83,2.9718,79.7579
4405,SZSE.300692,中环环保,6.4,6.41,6.43,6.36,6.4,0.0,1.0937499999999907,1865110,11926414.4,2023-10-31,0.4979,2712027750.4,2397313670.4,1.2572,17.4917
4406,SZSE.300693,盛弘股份,27.49,27.48,27.59,26.45,26.71,-2.837395416515087,4.146962531829758,7900246,212443921.48,2023-10-31,3.1909,8261235394.75,6612979217.16,6.177,22.5946
4407,SZSE.300694,蠡湖股份,11.21,11.21,11.43,11.05,11.14,-0.6244424620874267,3.3898305084745672,8159500,91559482.0,2023-10-31,3.9111,2398631123.78,2324073242.66,1.8221,34.8753
4408,SZSE.300695,兆丰股份,51.06,51.06,51.56,50.59,50.85,-0.4112808460634554,1.8997258127692886,566100,28921391.0,2023-10-31,0.7981,3606783991.2,3606783991.2,1.463,21.2751
4409,SZSE.300696,爱乐达,18.65,18.66,18.91,18.51,18.66,0.05361930294907058,2.144772117962459,2487890,46529359.54,2023-10-31,1.4024,5470234662.78,3310420236.66,2.8526,50.2055
4410,SZSE.300697,电工合金,10.82,10.79,10.85,10.69,10.76,-0.5545286506469571,1.478743068391868,2142400,23088102.0,2023-10-31,1.3995,3580928000.0,1647205091.0,3.4915,24.9024
4411,SZSE.300698,万马科技,38.28,37.5,38.14,36.69,37.16,-2.925809822361558,3.7878787878787947,3143000,117130859.0,2023-10-31,2.5435,4979440000.0,4591896241.88,11.1168,84.694
4412,SZSE.300699,光威复材,25.86,25.89,25.98,25.45,25.64,-0.8507347254447017,2.0494972931167874,5852523,150402891.76,2023-10-31,0.7159,21315865280.0,20962178351.12,4.0895,26.4715
4413,SZSE.300700,岱勒新材,17.41,17.39,17.58,17.08,17.25,-0.9190120620333198,2.871912693854107,3117600,53923040.6,2023-10-31,1.8141,4808483126.25,2964437650.5,3.7097,25.9322
4414,SZSE.300701,森霸传感,10.58,10.54,10.56,10.42,10.54,-0.3780718336483968,1.3232514177693815,3220513,33809562.76,2023-10-31,1.3372,2845800000.0,2538458943.78,3.582,57.3513
4415,SZSE.300702,天宇股份,22.89,23.0,23.07,22.7,22.84,-0.2184359982525197,1.616426387068593,2022907,46326575.7,2023-10-31,0.9691,7947798311.56,4767439907.8,2.2521,-89.3793
4416,SZSE.300703,创源股份,10.31,10.21,10.43,10.2,10.34,0.29097963142579175,2.2308438409311386,2757300,28510501.0,2023-10-31,1.6425,1881876277.6,1735766638.76,2.3416,35.8517
4417,SZSE.300705,九典制药,26.4,26.26,26.85,26.15,26.36,-0.15151515151514694,2.6515151515151625,3291520,87260666.4,2023-10-31,1.531,9098033455.72,5667224416.04,4.9935,24.5031
4418,SZSE.300706,阿石创,25.95,25.94,26.3,25.74,26.11,0.6165703275529788,2.1579961464354613,2685162,69900313.36,2023-10-31,2.3706,3990978748.89,2957492728.89,5.301,340.7729
4419,SZSE.300707,威唐工业,15.18,15.19,15.33,14.49,14.61,-3.754940711462451,5.533596837944663,7954543,118061386.88,2023-10-31,6.4251,2293230861.78,1808790947.73,2.9207,89.7432
4420,SZSE.300708,聚灿光电,11.57,11.51,11.65,11.34,11.46,-0.9507346585998278,2.679343128781335,17979520,206635826.0,2023-10-31,4.746,7689463415.16,4341450784.62,2.7146,-477.8595
4421,SZSE.300709,精研科技,31.81,33.99,34.68,31.74,32.82,3.175102169129218,9.24237661112858,48819180,1608730179.42,2023-10-31,32.7911,6107036670.42,4886227749.96,3.0112,-22.8742
4422,SZSE.300710,万隆光电,24.57,24.48,24.69,24.22,24.34,-0.9361009361009365,1.9129019129019227,1370560,33464953.9,2023-10-31,1.542,2421593902.0,2163434880.54,3.7699,-73.3681
4423,SZSE.300711,广哈通信,13.98,13.9,13.97,13.43,13.61,-2.6466380543633816,3.862660944206015,4954660,67694236.6,2023-10-31,1.9985,3391211947.66,3374169777.86,5.1304,61.5729
4424,SZSE.300712,永福股份,27.48,27.47,27.52,27.04,27.25,-0.8369723435225684,1.746724890829696,1173150,31917873.0,2023-10-31,0.6274,5110629453.75,5095669203.75,3.7455,86.3246
4425,SZSE.300713,英可瑞,18.22,18.11,18.4,17.77,17.95,-1.4818880351262331,3.457738748627876,4288595,77421232.15,2023-10-31,4.9507,2849008993.8,1554935479.4,4.2519,-39.7744
4426,SZSE.300715,凯伦股份,12.62,12.61,12.62,12.26,12.37,-1.9809825673534065,2.8526148969889022,2450780,30359019.14,2023-10-31,0.8787,4761332098.36,3450130344.11,1.9217,-44.7803
4427,SZSE.300716,泉为科技,11.74,11.93,11.93,11.66,11.73,-0.08517887563883608,2.2998296422487186,1969700,23141975.0,2023-10-31,1.2309,1877034600.0,1877034600.0,10.3043,-7.6191
4428,SZSE.300717,华信新材,16.49,16.62,16.75,16.41,16.49,0.0,2.061855670103092,1156000,19133887.0,2023-10-31,1.135,1694759750.0,1679562566.0,2.5557,47.7987
4429,SZSE.300718,长盛轴承,16.89,16.89,17.0,16.51,16.58,-1.8354055654233425,2.901124925991702,2309000,38428539.0,2023-10-31,1.2106,4955228621.4,3162279823.24,3.3483,33.0125
4430,SZSE.300719,安达维尔,13.1,13.07,13.62,12.96,13.33,1.7557251908397076,5.038167938931285,10400984,139032002.02,2023-10-31,5.7776,3402159247.5,2399690020.81,3.4116,-207.4205
4431,SZSE.300720,海川智能,13.04,13.03,13.34,12.9,13.08,0.30674846625766694,3.3742331288343523,2660073,35021077.1,2023-10-31,1.5349,2548994508.48,2266790827.08,4.3699,75.2917
4432,SZSE.300721,怡达股份,15.3,15.3,15.53,15.08,15.43,0.8496732026143761,2.94117647058823,2581810,39742820.0,2023-10-31,1.8823,2543585182.77,2116392378.4,2.0751,-40.8886
4433,SZSE.300722,新余国科,27.67,27.5,28.34,27.13,27.53,-0.5059631369714546,4.3729671123961,6932091,193129832.2,2023-10-31,3.0057,6349254912.0,6349254912.0,11.0357,85.5583
4434,SZSE.300723,一品红,28.93,28.54,29.64,28.43,28.68,-0.8641548565502921,4.182509505703425,5556961,160641895.02,2023-10-31,2.49,13024829299.08,6400613456.16,4.9955,42.4716
4435,SZSE.300724,捷佳伟创,73.72,74.1,74.81,72.3,73.0,-0.9766684753119925,3.4047748236570876,5774994,422940057.33,2023-10-31,2.112,25418571968.0,19960477016.0,3.0555,17.5459
4436,SZSE.300725,药石科技,45.56,44.7,46.38,44.37,45.2,-0.7901668129938533,4.411764705882364,5464121,247325212.52,2023-10-31,3.245,9024840372.0,7611047019.2,3.3645,41.2751
4437,SZSE.300726,宏达电子,32.9,32.98,33.39,32.38,32.72,-0.547112462006083,3.0699088145896596,2624400,86036087.0,2023-10-31,1.2288,13475399728.4,6988081500.56,2.8767,23.399
4438,SZSE.300727,润禾材料,25.3,25.01,25.5,25.01,25.33,0.11857707509881354,1.9367588932806261,848580,21497431.8,2023-10-31,0.7454,3230058524.37,2883785569.93,3.9154,40.4912
4439,SZSE.300729,乐歌股份,14.72,14.68,14.82,14.56,14.64,-0.5434782608695676,1.7663043478260854,4007290,58741281.2,2023-10-31,1.3492,4572135713.28,4348200370.08,1.5706,7.9213
4440,SZSE.300730,科创信息,12.5,12.52,12.6,12.21,12.29,-1.6800000000000037,3.1199999999999903,4427600,54699475.0,2023-10-31,2.2571,2962446085.63,2411046386.83,5.669,131.1212
4441,SZSE.300731,科创新源,22.4,22.31,22.32,21.52,21.83,-2.5446428571428537,3.5714285714285747,6818597,149272091.62,2023-10-31,5.675,2760006281.32,2622896089.87,4.56,175.6298
4442,SZSE.300732,设研院,9.07,9.1,9.13,8.99,9.08,0.11025358324145973,1.5435501653803811,2697857,24422467.57,2023-10-31,0.8338,2944664348.28,2937984392.04,1.0424,14.7801
4443,SZSE.300733,西菱动力,12.39,12.5,12.5,12.08,12.15,-1.937046004842613,3.3898305084745757,4176692,51024613.36,2023-10-31,1.861,3696994515.6,2726896027.05,2.2018,-233.4655
4444,SZSE.300735,光弘科技,32.5,32.0,32.29,29.78,30.43,-6.3692307692307715,7.723076923076917,124960122,3867666900.44,2023-10-31,16.5921,23353828766.27,22917705610.68,4.9812,68.9677
4445,SZSE.300736,百邦科技,14.27,14.31,14.96,14.02,14.1,-1.191310441485638,6.587245970567633,4460658,64411056.18,2023-10-31,3.4664,1833929246.4,1814407147.8,15.875,-83.8358
4446,SZSE.300737,科顺股份,6.82,6.84,6.93,6.76,6.8,-0.2932551319648202,2.4926686217008784,9387000,63995202.0,2023-10-31,1.0436,8005548628.4,6116499700.0,1.438,-991.4472
4447,SZSE.300738,奥飞数据,9.0,8.99,8.99,8.75,8.84,-1.7777777777777781,2.6666666666666687,28237403,249267203.43,2023-10-31,2.994,8429514122.64,8337430423.92,2.8557,47.5714
4448,SZSE.300739,明阳电路,14.46,14.41,14.52,14.26,14.41,-0.3457814661134262,1.7980636237897634,2732853,39310805.88,2023-10-31,0.9336,4305272673.9,4217955278.9,2.3783,37.3433
4449,SZSE.300740,水羊股份,15.0,15.0,15.09,14.55,14.71,-1.9333333333333313,3.5999999999999943,12087153,178181193.37,2023-10-31,3.3857,5729027737.56,5251572366.89,3.0514,30.8202
4450,SZSE.300741,华宝股份,22.25,22.26,22.29,22.03,22.27,0.08988764044943753,1.1685393258426877,1280100,28370936.59,2023-10-31,0.2078,13715647600.0,13715584130.5,1.8888,26.783
4451,SZSE.300742,*ST越博,4.77,4.73,4.8,4.62,4.72,-1.0482180293501009,3.7735849056603716,5387700,25351117.0,2023-10-31,4.6781,666923850.72,543596348.96,-3.0578,-2.954
4452,SZSE.300743,天地数码,14.22,14.26,14.38,13.98,14.06,-1.1251758087201136,2.8129395218002835,3202135,45274540.08,2023-10-31,3.263,1961277808.58,1379755210.32,4.5543,39.9034
4453,SZSE.300745,欣锐科技,29.1,29.01,29.2,28.52,28.83,-0.9278350515463996,2.3367697594501706,3464480,99712290.24,2023-10-31,3.3977,4779220338.93,2942061974.07,1.8522,-88.7881
4454,SZSE.300746,汉嘉设计,10.06,10.05,10.14,9.97,10.09,0.29821073558646827,1.689860834990059,2156966,21683617.96,2023-10-31,0.9721,2277699729.52,2238811769.71,1.8438,-1407.5125
4455,SZSE.300747,锐科激光,24.5,24.6,24.87,24.15,24.37,-0.5306122448979544,2.9387755102040916,5629494,137421505.27,2023-10-31,1.1054,13808523429.35,12411016933.04,4.3276,76.6488
4456,SZSE.300748,金力永磁,16.38,16.5,16.66,16.32,16.56,1.098901098901095,2.075702075702075,9313227,153763777.96,2023-10-31,0.8236,22232469868.56,18725184362.88,3.1411,43.5743
4457,SZSE.300749,顶固集创,9.02,9.06,9.09,8.9,8.98,-0.44345898004433115,2.1064301552106377,3083561,27701815.78,2023-10-31,1.9873,1848373156.0,1393360148.0,2.4817,130.148
4458,SZSE.300750,宁德时代,188.02,186.68,187.22,184.6,185.6,-1.287097117327951,1.3934687799170324,18152535,3369355372.29,2023-10-31,0.4663,816124753427.2,722547361516.8,4.5311,18.4297
4459,SZSE.300751,迈为股份,125.25,124.2,126.02,119.77,120.8,-3.5528942115768514,4.990019960079841,2312526,281660682.2,2023-10-31,1.2145,33653487055.2,23001985952.8,4.8593,37.8742
4460,SZSE.300752,隆利科技,17.31,17.29,18.06,17.14,17.33,0.11554015020218689,5.314846909300972,3173875,55585080.33,2023-10-31,2.3261,3944298468.5,2364587136.24,3.7044,-14.023
4461,SZSE.300753,爱朋医疗,17.55,17.55,18.08,17.42,17.84,1.652421652421654,3.760683760683741,4225200,75493325.71,2023-10-31,5.2166,2248696320.0,1444949676.08,3.2384,-129.6331
4462,SZSE.300755,华致酒行,19.98,20.02,20.23,19.92,20.14,0.800800800800805,1.551551551551545,2484106,49850647.74,2023-10-31,0.5965,8394319776.0,8387899848.9,2.2117,34.4455
4463,SZSE.300756,金马游乐,16.63,16.63,16.79,16.26,16.31,-1.9242333132892364,3.1870114251352835,1749718,28774641.36,2023-10-31,1.7636,2570426250.56,1618206925.3,1.7887,45.6242
4464,SZSE.300757,罗博特科,64.26,64.0,64.87,61.88,62.5,-2.7388733271086263,4.652972300031126,2641550,165400815.0,2023-10-31,2.54,6899311625.0,6500000000.0,7.4751,120.0923
4465,SZSE.300758,七彩化学,10.25,10.2,10.38,10.12,10.28,0.29268292682926855,2.5365853658536737,5777889,59379368.64,2023-10-31,1.8298,4195312440.44,3246151137.96,2.6441,-141.0791
4466,SZSE.300759,康龙化成,33.16,33.1,34.08,32.42,33.25,0.2714113389626238,5.006031363088049,48721543,1619126235.96,2023-10-31,3.4288,59408845849.5,47246091443.25,5.0749,38.2657
4467,SZSE.300760,迈瑞医疗,283.08,282.4,287.33,281.31,286.02,1.0385756676557945,2.1266073194856516,5291689,1510045057.44,2023-10-31,0.4364,346782487511.88,346782208642.38,9.418,30.5828
4468,SZSE.300761,立华股份,17.02,16.9,17.2,16.76,16.93,-0.5287896592244379,2.5851938895417024,2105282,35709436.65,2023-10-31,0.3487,14012021401.93,10221241676.4,1.7904,-319.303
4469,SZSE.300762,上海瀚讯,18.86,19.24,19.29,17.81,18.13,-3.870625662778371,7.847295864262993,53713970,997118074.46,2023-10-31,8.5536,11385019446.36,11385019446.36,4.3379,-170.9881
4470,SZSE.300763,锦浪科技,69.8,69.39,69.79,66.25,66.99,-4.025787965616045,5.0716332378223585,10648647,718598199.35,2023-10-31,3.3127,26852803835.55,21533909038.95,3.4609,24.2332
4471,SZSE.300765,新诺威,29.66,29.65,31.88,28.77,30.22,1.8880647336479983,10.485502360080915,26162990,791445109.64,2023-10-31,2.517,35379827893.88,31412491686.34,7.2047,44.6588
4472,SZSE.300766,每日互动,15.86,16.1,16.58,15.67,15.95,0.5674653215636871,5.737704918032777,30052100,484775751.0,2023-10-31,8.2649,6381595000.0,5799576405.7,3.8154,1085.9006
4473,SZSE.300767,震安科技,19.22,19.12,19.26,18.65,18.82,-2.0811654526534773,3.1737773152965816,3857623,72795441.18,2023-10-31,1.8426,4652843889.34,3940082046.66,3.0419,125.2535
4474,SZSE.300768,迪普科技,14.81,14.9,14.99,14.51,14.63,-1.2153950033760963,3.241053342336262,1753200,25761741.68,2023-10-31,0.4669,9419218840.57,5493881490.79,2.93,63.3547
4475,SZSE.300769,德方纳米,80.99,80.0,80.8,78.1,78.62,-2.926287195950106,3.3337449067786187,4187536,330626344.48,2023-10-31,1.6854,21954029390.14,19534001697.26,2.8368,-49.4885
4476,SZSE.300770,新媒股份,36.13,36.1,36.69,35.82,36.33,0.5535566011624526,2.4079712150567323,2523518,91549009.91,2023-10-31,1.0922,8394342444.18,8394342444.18,2.4168,12.3808
4477,SZSE.300771,智莱科技,10.43,10.45,10.51,10.36,10.51,0.7670182166826578,1.4381591562799652,3585750,37528823.4,2023-10-31,1.9789,2522400000.0,1904402940.38,1.3017,-211.63
4478,SZSE.300772,运达股份,10.71,10.65,10.81,10.52,10.61,-0.933706816059765,2.7077497665733046,6283076,66560760.38,2023-10-31,0.9134,7449051346.55,7298722383.84,1.4637,18.2627
4479,SZSE.300773,拉卡拉,17.48,17.5,17.53,17.2,17.33,-0.858123569794067,1.8878718535469212,8716953,151163828.76,2023-10-31,1.1871,13864346600.0,12726032707.29,3.5434,-11.2725
4480,SZSE.300774,倍杰特,10.78,10.75,10.81,10.64,10.7,-0.7421150278293154,1.5769944341372906,1637328,17525871.76,2023-10-31,1.3242,4373771162.0,1323034723.5,2.9644,105.3621
4481,SZSE.300775,三角防务,28.77,28.75,29.07,28.61,28.73,-0.13903371567605127,1.5988877302745945,4367941,125629909.43,2023-10-31,0.8217,15808125971.17,15272038536.17,3.0699,20.4705
4482,SZSE.300776,帝尔激光,67.38,67.08,67.61,65.0,65.89,-2.211338676165031,3.8735529830810322,2949290,194662681.96,2023-10-31,1.7648,17993018821.25,11011338602.88,6.4239,43.4289
4483,SZSE.300777,中简科技,31.3,31.3,31.5,31.06,31.22,-0.255591054313109,1.4057507987220488,3412528,106515106.05,2023-10-31,0.8056,13723524850.14,13225105261.48,3.4103,26.3865
4484,SZSE.300778,新城市,14.08,14.0,15.3,13.93,15.0,6.534090909090917,9.730113636363644,16360864,240977297.58,2023-10-31,8.0384,3066168525.0,3053011980.0,2.0122,171.0372
4485,SZSE.300779,惠城环保,48.0,47.8,48.42,46.13,46.38,-3.3749999999999947,4.770833333333332,1597670,74977685.27,2023-10-31,1.6538,6336178979.46,4480460126.4,4.9827,42.6794
4486,SZSE.300780,德恩精工,22.85,22.86,22.89,22.03,22.32,-2.319474835886215,3.7636761487964963,10840682,242590103.96,2023-10-31,10.5038,3273674400.0,2303584123.68,2.7001,88.265
4487,SZSE.300781,因赛集团,21.27,21.42,22.56,21.23,21.57,1.4104372355430161,6.252938410907373,3672890,79544650.3,2023-10-31,4.5286,2372048413.44,1749417270.45,3.4927,71.838
4488,SZSE.300782,卓胜微,143.86,149.5,152.49,145.35,150.7,4.754622549701071,4.963158626442384,27004164,4024908984.71,2023-10-31,6.071,80444050915.8,67031956470.6,8.489,89.0668
4489,SZSE.300783,三只松鼠,18.17,18.2,18.34,17.95,18.28,0.6053935057787507,2.146395156851957,4356800,79076233.0,2023-10-31,1.5539,7330280000.0,5125410380.0,2.9887,35.7253
4490,SZSE.300785,值得买,20.44,20.46,20.95,19.8,20.0,-2.1526418786692814,5.6262230919765095,7794186,157729773.55,2023-10-31,6.8482,3977104860.0,2276259520.0,2.2114,54.7394
4491,SZSE.300786,国林科技,20.05,20.39,20.64,19.82,20.27,1.0972568578553554,4.089775561097258,7997660,161276465.36,2023-10-31,5.8123,3730001867.33,2789151371.63,2.9993,2779.0714
4492,SZSE.300787,海能实业,17.49,17.49,17.68,16.9,16.92,-3.2590051457975777,4.459691252144089,1817100,31184610.6,2023-10-31,1.258,3883070594.16,2444024594.16,2.4938,29.7331
4493,SZSE.300788,中信出版,25.07,24.96,25.78,24.44,24.69,-1.5157558835261264,5.345033905065815,2401401,59966026.95,2023-10-31,1.2629,4694840905.35,4694840905.35,2.2135,41.3158
4494,SZSE.300789,唐源电气,21.2,21.24,21.5,21.0,21.19,-0.04716981132074638,2.358490566037736,1938060,41018825.24,2023-10-31,2.5856,2317537522.43,1588334846.28,2.5018,20.6294
4495,SZSE.300790,宇瞳光学,14.78,14.69,15.25,14.66,15.0,1.4884979702300516,3.9918809201623806,8406532,125696637.81,2023-10-31,3.3956,5033200740.0,3713597640.0,2.7098,55.5145
4496,SZSE.300791,仙乐健康,33.05,33.05,34.2,32.7,32.99,-0.18154311649015709,4.538577912254161,2199622,72900912.15,2023-10-31,1.4667,5954606586.8,4947403775.29,2.2397,26.9117
4497,SZSE.300792,壹网壹创,23.71,23.71,23.88,23.26,23.73,0.0843525938422518,2.614930409110069,2912501,68635228.92,2023-10-31,1.3953,5661300722.07,4953306513.96,2.0081,38.5694
4498,SZSE.300793,佳禾智能,18.65,18.74,18.89,18.14,18.33,-1.71581769436997,4.021447721179626,8592414,158935562.39,2023-10-31,2.6045,6202666704.0,6047264964.0,2.4403,35.6769
4499,SZSE.300795,米奥会展,30.74,30.69,30.69,29.4,29.73,-3.285621340273248,4.196486662329222,1258930,37404016.1,2023-10-31,1.4471,4519285811.07,2586410434.23,8.3476,31.189
4500,SZSE.300796,贝斯美,14.93,14.94,15.5,14.7,14.83,-0.6697923643670389,5.3583389149363745,6185604,92913176.8,2023-10-31,1.7128,5355748791.76,5355748791.76,3.2178,45.8221
4501,SZSE.300797,钢研纳克,13.12,13.08,13.09,12.75,12.82,-2.286585365853655,2.5914634146341453,7108300,91459905.08,2023-10-31,1.9093,4912303500.0,4772886000.0,4.9056,40.4645
4502,SZSE.300798,锦鸡股份,10.42,10.18,10.38,9.66,9.86,-5.374280230326301,6.909788867562386,42093037,420042552.43,2023-10-31,13.2371,4119024031.76,3135415791.68,3.2422,228.6133
4503,SZSE.300799,*ST左江,220.01,221.45,223.88,209.47,216.88,-1.422662606245173,6.5497022862597145,258513,55277625.94,2023-10-31,0.3826,22128266400.0,14655666000.0,38.1991,-131.4464
4504,SZSE.300800,力合科技,13.18,13.19,13.38,13.16,13.32,1.062215477996964,1.6691957511380928,2264970,30143515.8,2023-10-31,1.3716,3175488000.0,2199570894.0,1.5387,149.2402
4505,SZSE.300801,泰和科技,16.13,16.06,16.22,15.99,16.11,-0.12399256044637319,1.4259144451332837,914412,14708854.2,2023-10-31,0.6765,3518907300.0,2177693978.85,1.5019,18.914
4506,SZSE.300802,矩子科技,17.96,17.96,18.18,17.3,17.48,-2.6726057906458767,4.899777282850773,2540344,44523276.42,2023-10-31,1.3344,5056886301.4,3327608395.24,3.0256,46.0099
4507,SZSE.300803,指南针,58.86,58.79,60.1,58.38,58.86,0.0,2.922188243289159,8856477,525129214.29,2023-10-31,2.1916,24066594337.14,23785435479.6,13.7575,-1491.0995
4508,SZSE.300804,广康生化,31.48,31.5,31.9,31.25,31.48,0.0,2.0648030495552687,485107,15309152.5,2023-10-31,2.7668,2329520000.0,551938147.44,1.7574,45.0394
4509,SZSE.300805,电声股份,8.66,8.81,8.99,8.6,8.65,-0.11547344110853786,4.503464203233263,11672808,101947346.36,2023-10-31,4.0652,3660939500.0,2483754080.0,2.4056,-39.5855
4510,SZSE.300806,斯迪克,16.74,16.75,17.16,16.46,16.94,1.1947431302270273,4.1816009557945,4718088,79908646.72,2023-10-31,1.7694,7678910520.82,4517080611.12,3.4305,91.2212
4511,SZSE.300807,天迈科技,34.22,34.13,34.22,32.31,32.67,-4.529514903565158,5.581531268264163,3790699,125482180.68,2023-10-31,7.7635,2222853307.29,1595182859.82,4.0387,-55.8285
4512,SZSE.300808,久量股份,14.58,14.63,14.79,14.3,14.38,-1.3717421124828433,3.3607681755829795,2676000,38893089.0,2023-10-31,3.0782,2300800000.0,1250090557.92,2.1816,82.5793
4513,SZSE.300809,华辰装备,24.87,24.8,24.84,24.1,24.29,-2.3321270607157274,2.9754724567752247,7863009,191844828.99,2023-10-31,6.6486,6125355040.0,2872667780.5,3.9766,50.4919
4514,SZSE.300810,中科海讯,20.29,20.38,20.68,20.2,20.38,0.44356826022671214,2.365697387875803,1387850,28391306.0,2023-10-31,1.2174,2405859000.0,2323411200.5,2.4507,-62.9491
4515,SZSE.300811,铂科新材,45.48,45.51,45.89,44.25,44.6,-1.9349164467897917,3.6059806508355337,2052395,92032810.84,2023-10-31,1.3136,8865994083.0,6967209783.6,4.8631,35.3984
4516,SZSE.300812,易天股份,25.39,24.86,25.94,24.73,25.13,-1.024025206774326,4.765655769988188,14851767,374099882.54,2023-10-31,16.5309,3524659138.77,2257741371.62,3.9099,105.3409
4517,SZSE.300813,泰林生物,25.05,25.06,25.45,24.96,25.11,0.23952095808381646,1.9560878243512911,1081718,27285488.4,2023-10-31,1.8397,2728935289.53,1476458633.97,4.5985,50.7821
4518,SZSE.300814,中富电路,31.99,31.49,32.1,30.36,30.65,-4.188809002813376,5.439199749921857,7421235,230341364.34,2023-10-31,14.6099,5388147400.0,1556897400.0,4.7707,93.4123
4519,SZSE.300815,玉禾田,15.18,15.25,15.35,14.94,15.04,-0.9222661396574461,2.700922266139658,3592032,54310051.86,2023-10-31,0.9263,5994823680.0,5832391680.0,1.6783,10.469
4520,SZSE.300816,艾可蓝,25.23,25.13,25.55,24.58,24.78,-1.7835909631391145,3.844629409433224,1122900,28087991.0,2023-10-31,2.3647,1982400000.0,1176708110.34,2.4344,-148.0734
4521,SZSE.300817,双飞集团,15.68,15.53,15.74,15.17,15.29,-2.4872448979591844,3.635204081632655,2949401,45323087.89,2023-10-31,2.9682,2670224071.68,1519320084.48,2.6634,43.3173
4522,SZSE.300818,耐普矿机,28.99,28.9,29.6,28.87,29.21,0.7588823732321615,2.5181096929975872,872600,25517230.5,2023-10-31,1.4046,3067349723.81,1814613180.52,2.4883,46.4375
4523,SZSE.300819,聚杰微纤,15.78,15.8,16.15,15.68,15.78,0.0,2.9784537389100056,3621500,57507874.5,2023-10-31,2.6873,2354454900.0,2126548305.0,2.7474,36.7323
4524,SZSE.300820,英杰电气,50.18,51.51,54.12,50.65,51.71,3.049023515344751,6.91510561976883,8553180,444456796.63,2023-10-31,8.1147,11391273154.74,5450436186.1,5.762,27.7357
4525,SZSE.300821,东岳硅材,8.54,8.61,8.61,8.45,8.51,-0.3512880562060783,1.8735362997658096,3097300,26334811.0,2023-10-31,0.2581,10212000000.0,10212000000.0,2.1134,-28.8838
4526,SZSE.300822,贝仕达克,12.78,12.78,12.93,12.34,12.52,-2.0344287949921713,4.61658841940532,2195963,27495295.26,2023-10-31,0.9877,3004893900.0,2783569972.4,2.402,137.2852
4527,SZSE.300823,建科机械,21.31,21.36,21.64,21.11,21.31,0.0,2.487095260441113,2848354,60821474.82,2023-10-31,5.2033,1993744229.21,1166534780.21,2.086,45.6038
4528,SZSE.300824,北鼎股份,9.79,9.76,9.85,9.67,9.78,-0.10214504596527396,1.8386108273748696,2144033,20941785.9,2023-10-31,0.6784,3191621649.96,3091069802.46,4.3876,43.9516
4529,SZSE.300825,阿尔特,16.28,16.7,17.7,15.78,15.78,-3.0712530712530772,11.793611793611793,32533112,538328617.49,2023-10-31,6.8943,7849522027.68,7446303924.84,3.2851,418.5102
4530,SZSE.300826,测绘股份,17.77,17.78,18.14,17.3,17.5,-1.5194147439504757,4.727068092290376,8475207,149712424.38,2023-10-31,6.0964,2548612080.0,2428209892.5,2.4301,42.7246
4531,SZSE.300827,上能电气,28.75,28.7,28.92,28.08,28.44,-1.0782608695652174,2.9217391304347946,6404492,182038485.85,2023-10-31,2.4583,10178888190.84,7409262288.96,6.294,41.6133
4532,SZSE.300828,锐新科技,16.11,16.11,16.22,15.82,15.9,-1.303538175046548,2.4829298572315244,6745392,107898077.11,2023-10-31,5.4865,2648857320.0,1954840048.5,3.1582,33.686
4533,SZSE.300829,金丹科技,20.36,20.25,20.78,20.2,20.67,1.5225933202357655,2.8487229862475534,1794583,36979936.38,2023-10-31,1.5352,3734129486.49,2416244267.97,2.3317,31.3474
4534,SZSE.300830,金现代,8.45,8.43,8.51,8.36,8.39,-0.7100591715976212,1.775147928994087,4083900,34402451.0,2023-10-31,1.3162,3608748750.0,2603285906.25,3.1691,123.274
4535,SZSE.300831,派瑞股份,12.19,12.26,12.26,12.04,12.1,-0.7383100902379036,1.8047579983593163,2903643,35228363.65,2023-10-31,1.5739,3872000000.0,2232259304.0,4.5867,360.5722
4536,SZSE.300832,新产业,68.77,68.42,68.99,67.39,68.21,-0.8143085647811632,2.3265958993747193,4162600,284274908.9,2023-10-31,0.596,53593878324.85,47637667009.52,7.5481,33.7058
4537,SZSE.300833,浩洋股份,94.8,93.22,95.09,86.05,93.6,-1.2658227848101333,9.53586497890296,831351,74748754.76,2023-10-31,1.5529,7893007200.0,5010998896.8,3.4751,21.6443
4538,SZSE.300834,星辉环材,22.66,22.65,22.73,22.53,22.65,-0.044130626654903526,0.8826125330979668,403400,9121247.0,2023-10-31,0.6569,4387584795.45,1390866443.55,1.4742,47.5807
4539,SZSE.300835,龙磁科技,29.06,28.96,30.7,28.63,29.91,2.9249827942188666,7.123193392980043,7253604,214876609.56,2023-10-31,9.0008,3593357490.0,2410395604.35,3.4427,43.2394
4540,SZSE.300836,佰奥智能,26.98,26.9,27.35,26.87,27.1,0.4447739065974732,1.77909562638992,942700,25537632.0,2023-10-31,2.2089,1735279015.6,1156542743.4,3.1789,-31.3389
4541,SZSE.300837,浙矿股份,28.08,27.98,28.18,27.61,27.78,-1.0683760683760535,2.029914529914531,793900,22108438.0,2023-10-31,1.1248,2778016501.32,1960763626.32,2.0958,15.7279
4542,SZSE.300838,浙江力诺,16.14,16.08,16.22,15.86,15.95,-1.1771995043370564,2.230483271375461,1550200,24819050.0,2023-10-31,1.5374,2174623000.0,1608294325.0,2.2398,19.1818
4543,SZSE.300839,博汇股份,10.14,10.13,10.13,9.94,10.01,-1.2820512820512886,1.8737672583826552,3187417,31922626.61,2023-10-31,1.3271,2457061196.59,2404263271.41,2.3341,12.2765
4544,SZSE.300840,酷特智能,19.25,19.3,19.31,18.61,18.66,-3.0649350649350593,3.6363636363636327,5939724,112158145.12,2023-10-31,3.3542,4478400000.0,3304408619.1,3.839,37.6961
4545,SZSE.300841,康华生物,70.5,70.3,73.4,70.01,70.39,-0.15602836879432536,4.808510638297873,3924579,280946878.06,2023-10-31,3.3272,9478045105.11,8302737080.79,2.805,19.5952
4546,SZSE.300842,帝科股份,69.98,69.79,71.3,68.22,68.66,-1.8862532152043587,4.4012575021434674,3743730,259669872.74,2023-10-31,4.3647,6883165000.0,5889174042.68,5.6341,26.3528
4547,SZSE.300843,胜蓝股份,21.5,21.57,21.95,21.29,21.47,-0.13953488372093759,3.069767441860466,1618551,34879662.32,2023-10-31,1.1426,3211847611.47,3041241623.97,2.9931,45.5834
4548,SZSE.300844,山水比德,36.47,36.03,37.9,36.03,37.2,2.001645187825618,5.127502056484775,2066432,77104666.65,2023-10-31,12.3295,2404608000.0,623472000.0,2.9637,-36.3789
4549,SZSE.300845,捷安高科,18.22,18.23,18.4,17.85,18.02,-1.0976948408342402,3.0186608122941667,1711294,30926675.14,2023-10-31,1.5374,2005768826.52,2005768826.52,2.6073,49.0711
4550,SZSE.300846,首都在线,15.83,15.83,15.86,14.6,15.02,-5.116866708780798,7.959570435881237,99328759,1501964013.82,2023-10-31,27.868,7011678996.72,5353511340.44,6.5348,-26.3471
4551,SZSE.300847,中船汉光,16.13,16.14,16.32,15.85,15.98,-0.9299442033477878,2.913825170489775,3051450,48891693.5,2023-10-31,1.0309,4730239800.0,4730239800.0,3.652,48.3969
4552,SZSE.300848,美瑞新材,20.91,21.06,21.22,20.67,20.76,-0.7173601147776099,2.6303204208512536,847950,17652568.85,2023-10-31,0.4723,6614276586.72,3726920835.0,5.2651,66.2662
4553,SZSE.300849,锦盛新材,11.49,11.68,11.68,11.33,11.49,0.0,3.046127067014792,1239350,14237637.0,2023-10-31,1.0203,1723500000.0,1395667572.78,2.7434,-48.7106
4554,SZSE.300850,新强联,37.2,37.05,37.25,36.5,36.96,-0.6451612903225823,2.0161290322580645,7135936,262815651.87,2023-10-31,3.0811,13259093638.56,8560160236.32,2.9067,41.1833
4555,SZSE.300851,交大思诺,28.21,28.41,29.07,28.1,28.62,1.4533853243530626,3.438496986884079,1908000,54698712.0,2023-10-31,4.1339,2488033908.0,1320951177.36,1.9978,46.5866
4556,SZSE.300852,四会富仕,38.7,38.51,38.98,38.1,38.39,-0.8010335917312705,2.2739018087855176,947500,36528513.0,2023-10-31,0.9296,3913121876.4,2199997917.04,2.8938,17.4625
4557,SZSE.300853,申昊科技,24.32,24.5,24.59,23.91,24.07,-1.0279605263157854,2.796052631578946,1572300,37931699.0,2023-10-31,1.4906,3536866403.92,2538972584.62,3.0123,-336.4402
4558,SZSE.300854,中兰环保,17.27,17.3,17.52,17.18,17.43,0.9264620729589002,1.9687319050376368,1617654,28118453.12,2023-10-31,3.5224,1755009270.0,800470571.25,1.8124,78.8563
4559,SZSE.300855,图南股份,30.71,30.72,31.24,30.31,30.95,0.7815043959622292,3.02832953435363,1495390,46333674.9,2023-10-31,0.5266,12234759387.5,8788465714.55,6.9582,37.0152
4560,SZSE.300856,科思股份,65.1,64.98,65.29,63.79,64.14,-1.4746543778801802,2.3041474654377994,776867,49975580.77,2023-10-31,0.479,10860184800.0,10403187300.0,4.655,16.204
4561,SZSE.300857,协创数据,28.45,28.6,29.0,27.35,27.62,-2.9173989455184457,5.799648506151137,10261432,287112234.52,2023-10-31,4.2089,6733784890.52,6733784890.52,2.8944,31.9249
4562,SZSE.300858,科拓生物,20.29,20.25,20.25,19.9,19.98,-1.5278462296697826,1.7249876786594454,2009200,40211388.0,2023-10-31,1.0485,5264632457.64,3828537889.74,3.076,55.2777
4563,SZSE.300859,*ST西域,25.67,25.5,26.31,25.5,25.93,1.0128554733151551,3.155434359174128,3590200,93047593.0,2023-10-31,2.3163,4019150000.0,4019150000.0,5.4565,37.5369
4564,SZSE.300860,锋尚文化,48.44,48.01,49.4,48.01,49.13,1.424442609413723,2.8695293146160212,537188,26261793.76,2023-10-31,1.0821,6739051459.24,2438980684.17,2.0922,273.2229
4565,SZSE.300861,美畅股份,40.76,40.75,40.75,39.54,39.86,-2.2080471050049066,2.968596663395488,2490295,99199514.55,2023-10-31,0.8912,19133278320.0,11137994340.16,3.0664,10.4319
4566,SZSE.300862,蓝盾光电,27.42,27.66,27.69,27.11,27.13,-1.057622173595929,2.115244347191837,576539,15735045.54,2023-10-31,0.4372,3577631200.9,3577631200.9,1.7996,63.8251
4567,SZSE.300863,卡倍亿,48.54,48.85,49.38,46.84,47.32,-2.513391017717348,5.232797692624637,1499850,71568012.58,2023-10-31,4.516,4198024510.68,1572660656.84,3.6329,25.3674
4568,SZSE.300864,南大环境,22.52,22.6,22.73,22.42,22.56,0.1776198934280604,1.3765541740674898,793610,17895164.94,2023-10-31,0.5119,3497702400.0,3497702400.0,2.9023,23.9368
4569,SZSE.300865,大宏立,21.55,21.68,21.8,21.28,21.5,-0.23201856148492572,2.4129930394431534,673100,14434859.0,2023-10-31,0.9958,2057120000.0,1453285555.5,2.3069,-474.4615
4570,SZSE.300866,安克创新,95.81,96.7,96.77,92.7,93.56,-2.3483978707859343,4.247990815154988,2579243,242336056.0,2023-10-31,1.1566,38025329486.92,20863343059.16,5.0221,24.9222
4571,SZSE.300867,圣元环保,15.62,15.6,15.63,15.4,15.46,-1.0243277848911547,1.4724711907810528,1584000,24535270.0,2023-10-31,0.8266,4201116679.38,2962566128.12,1.2071,27.4369
4572,SZSE.300868,杰美特,20.86,20.99,22.1,20.89,21.3,2.1093000958772867,5.800575263662516,4653903,99715334.38,2023-10-31,7.9366,2726400000.0,1249003713.6,1.7008,-22.2508
4573,SZSE.300869,康泰医学,21.75,21.67,22.08,21.64,21.87,0.5517241379310311,2.022988505747116,3816123,83518974.34,2023-10-31,1.915,8787424414.77,4358258236.44,4.2965,40.4738
4574,SZSE.300870,欧陆通,48.68,48.69,49.3,47.32,47.82,-1.766639276910431,4.067378800328671,1377559,66070207.17,2023-10-31,1.3612,4839384000.0,4839384000.0,2.8414,52.4686
4575,SZSE.300871,回盛生物,14.65,14.61,14.82,14.57,14.7,0.3412969283276279,1.7064846416382253,1730722,25419277.4,2023-10-31,1.0441,2438541222.6,2436732240.6,1.7665,59.2197
4576,SZSE.300872,天阳科技,13.89,13.81,13.95,13.7,13.79,-0.719942404607643,1.7998560115190785,4641878,64093373.92,2023-10-31,1.3719,5577057348.66,4665822546.77,2.2864,65.3796
4577,SZSE.300873,海晨股份,22.95,22.89,23.3,21.51,21.91,-4.531590413943354,7.799564270152502,8196737,183279611.89,2023-10-31,4.9701,5052484977.89,3613453596.34,1.7922,18.3827
4578,SZSE.300875,捷强装备,32.65,32.7,33.07,32.07,32.32,-1.0107197549770186,3.0627871362940278,2525317,82115083.79,2023-10-31,3.8298,3226659152.32,2131157044.8,2.4521,-134.329
4579,SZSE.300876,蒙泰高新,25.05,25.06,25.48,24.92,25.0,-0.1996007984031989,2.235528942115763,493761,12369019.9,2023-10-31,0.722,2400003500.0,1709628500.0,2.8717,68.539
4580,SZSE.300877,金春股份,18.05,18.05,18.22,17.9,17.96,-0.4986149584487509,1.7728531855955694,1072100,19320789.0,2023-10-31,0.8934,2155200000.0,2155181142.0,1.35,302.3776
4581,SZSE.300878,维康药业,24.76,24.7,24.94,24.15,24.54,-0.8885298869143909,3.1906300484652776,2037780,50088561.8,2023-10-31,2.621,3553154501.88,1907908999.62,2.421,178.8745
4582,SZSE.300879,大叶股份,17.1,17.0,17.61,16.82,17.59,2.8654970760233933,4.619883040935667,4806207,82818920.56,2023-10-31,3.0039,2814400000.0,2814400000.0,3.0178,-36.24
4583,SZSE.300880,迦南智能,18.79,18.66,18.98,18.44,18.73,-0.31931878658860713,2.8738690792974944,2961844,55317542.72,2023-10-31,1.5334,3618564076.8,3617889796.8,4.1813,26.1016
4584,SZSE.300881,盛德鑫泰,27.92,27.97,28.15,27.53,27.69,-0.8237822349570267,2.2206303724928276,1073370,29781023.2,2023-10-31,0.9758,3045900000.0,3045900000.0,3.4794,30.8396
4585,SZSE.300882,万胜智能,22.62,22.62,22.86,22.14,22.26,-1.591511936339518,3.18302387267904,3945169,88530641.56,2023-10-31,2.0739,4550598889.2,4234599757.92,4.1115,18.7603
4586,SZSE.300883,龙利得,6.8,6.75,7.11,6.74,6.85,0.7352941176470562,5.441176470588236,18629845,128743454.05,2023-10-31,5.6722,2370100000.0,2249836776.25,1.6636,174.5883
4587,SZSE.300884,狄耐克,11.62,11.58,11.79,11.47,11.63,0.0860585197934638,2.753872633390693,6491200,75405241.2,2023-10-31,4.5929,2930760000.0,1643692823.09,2.1445,33.0034
4588,SZSE.300885,海昌新材,9.85,9.81,9.94,9.73,9.79,-0.6091370558375719,2.131979695431463,3444189,33780944.32,2023-10-31,1.3733,2455332000.0,2455332000.0,3.0045,70.7263
4589,SZSE.300886,华业香料,24.1,24.03,24.34,23.89,23.9,-0.8298755186722073,1.867219917012445,503130,12123392.8,2023-10-31,1.1817,1781864500.0,1017542500.0,3.2835,-800.3952
4590,SZSE.300887,谱尼测试,13.24,13.18,13.4,13.05,13.35,0.8308157099697899,2.643504531722052,8910294,118016585.91,2023-10-31,2.4609,7290201361.65,4833694254.6,2.1002,29.7002
4591,SZSE.300888,稳健医疗,40.03,40.03,40.24,39.61,40.17,0.349737696727459,1.573819635273551,1584940,63509443.0,2023-10-31,0.8444,23876540532.39,7539664565.55,1.8228,9.3705
4592,SZSE.300889,爱克股份,15.76,15.72,16.09,15.72,15.77,0.06345177664974777,2.3477157360406045,1867300,29632750.0,2023-10-31,2.1008,2460120000.0,1401730248.75,1.5597,165.5929
4593,SZSE.300890,翔丰华,36.47,36.17,36.17,35.17,35.32,-3.153276665752669,2.741979709350151,3839500,136644024.97,2023-10-31,3.9437,3861759564.12,3438692683.6,2.2493,29.3638
4594,SZSE.300891,惠云钛业,9.84,9.88,9.96,9.75,9.92,0.8130081300812941,2.1341463414634236,3756493,37205171.68,2023-10-31,1.1301,3968013074.56,3297557474.56,3.069,6590.0477
4595,SZSE.300892,品渥食品,23.83,23.83,24.19,23.72,23.85,0.08392782207302663,1.9723038187159148,976600,23368740.0,2023-10-31,2.2198,2385000000.0,1049285520.0,2.2138,-31.6435
4596,SZSE.300893,松原股份,28.67,28.82,29.2,28.52,28.94,0.9417509591908013,2.3718172305545857,1224083,35329716.36,2023-10-31,1.088,6528864000.0,3255974748.04,6.6654,41.7672
4597,SZSE.300894,火星人,18.12,18.18,18.18,17.63,17.82,-1.6556291390728561,3.0353200883002245,3244800,57691056.0,2023-10-31,2.3112,7284273862.14,2501812651.14,4.6938,22.8903
4598,SZSE.300895,铜牛信息,33.48,33.08,33.58,32.38,32.71,-2.2998805256869703,3.584229390680991,3815815,125119587.6,2023-10-31,4.5086,4605589490.47,2768392695.95,4.2503,-52.3449
4599,SZSE.300896,爱美客,327.46,327.46,330.88,324.11,329.65,0.6687839736150947,2.06742808281927,1614884,529250755.47,2023-10-31,1.081,71323074000.0,49244923811.65,10.9937,42.0747
4600,SZSE.300897,山科智能,33.53,33.4,33.66,32.78,33.06,-1.401729794214135,2.624515359379646,811187,26936169.83,2023-10-31,1.9028,2248080000.0,1409419044.3,2.3669,25.7391
4601,SZSE.300898,熊猫乳品,23.86,23.85,24.18,23.68,23.92,0.25146689019279744,2.095557418273261,2908192,69504859.9,2023-10-31,2.6482,2966080000.0,2626808909.92,3.2367,31.1374
4602,SZSE.300899,上海凯鑫,27.12,27.31,28.1,27.26,27.44,1.179941002949847,3.097345132743362,1016000,28082994.0,2023-10-31,2.4819,1750218307.04,1123285651.04,2.6726,82.7632
4603,SZSE.300900,广联航空,24.43,24.35,24.89,24.32,24.58,0.6139991813344237,2.3331968890708157,2150374,52949085.68,2023-10-31,1.4008,5204993794.92,3773307114.92,3.6973,30.597
4604,SZSE.300901,中胤时尚,11.38,11.08,11.57,10.64,10.69,-6.063268892794382,8.172231985940243,22056721,243475095.86,2023-10-31,18.1286,2565600000.0,1300630920.0,2.4838,65.8825
4605,SZSE.300902,国安达,32.6,32.5,34.49,32.0,34.33,5.306748466257649,7.638036809815957,2962065,99559954.58,2023-10-31,3.6755,4494146342.08,2766643577.08,4.9974,258.6003
4606,SZSE.300903,科翔股份,9.93,9.97,10.04,9.75,9.8,-1.309164149043296,2.9204431017119754,6118946,60383540.86,2023-10-31,2.2228,4064005335.6,2697766246.0,1.7694,-53.5352
4607,SZSE.300904,威力传动,81.97,83.99,84.72,78.51,79.17,-3.415883859948754,7.575942417957782,3652329,293818495.61,2023-10-31,21.2814,5730580477.44,1358724248.7,6.94,120.6295
4608,SZSE.300905,宝丽迪,20.61,20.54,20.8,20.26,20.44,-0.82484230955846,2.6200873362445374,2006828,41058044.4,2023-10-31,4.1935,3603567012.64,978163231.36,2.0334,43.127
4609,SZSE.300906,日月明,25.52,25.51,25.74,25.11,25.23,-1.1363636363636354,2.468652037617551,620100,15721357.0,2023-10-31,1.924,2018400000.0,813169232.73,2.3964,62.0663
4610,SZSE.300907,康平科技,21.46,21.39,21.65,21.19,21.45,-0.04659832246040052,2.143522833177993,982820,21017136.63,2023-10-31,2.6592,2059200000.0,792767868.75,2.6968,49.6431
4611,SZSE.300908,仲景食品,43.2,43.21,43.65,42.96,43.22,0.04629629629628873,1.597222222222217,763700,33066577.02,2023-10-31,2.0149,4322000000.0,1638141598.34,2.6277,26.4164
4612,SZSE.300909,汇创达,30.6,30.44,30.6,29.26,29.46,-3.7254901960784292,4.37908496732026,6365455,190330984.24,2023-10-31,10.5052,5095783961.34,1785082624.56,2.7415,57.7794
4613,SZSE.300910,瑞丰新材,42.6,42.58,42.87,41.5,42.5,-0.23474178403756207,3.2159624413145482,2985277,126049791.35,2023-10-31,1.7025,12249692592.5,7452074780.0,4.1244,18.136
4614,SZSE.300911,亿田智能,37.3,37.18,37.18,36.56,36.67,-1.6890080428954346,1.6621983914209049,1119492,41093644.24,2023-10-31,2.6645,3931717063.0,1540708018.3,2.7011,17.566
4615,SZSE.300912,凯龙高科,18.79,18.68,19.77,18.6,19.37,3.0867482703565763,6.226716338477904,7316584,141085956.84,2023-10-31,11.8789,2227976140.0,1193054957.25,2.7982,-10.8608
4616,SZSE.300913,兆龙互连,27.54,27.69,27.7,26.59,26.91,-2.287581699346397,4.030501089324616,4342110,117176772.98,2023-10-31,6.6564,6947342536.68,1755394411.68,6.683,69.6076
4617,SZSE.300915,海融科技,33.93,33.93,34.31,33.85,34.16,0.6778661951075682,1.3557323902151512,392900,13393496.0,2023-10-31,1.5826,3074400000.0,848073240.0,2.0716,38.0087
4618,SZSE.300916,朗特智能,25.36,25.37,25.5,24.75,24.88,-1.8927444794952675,2.9574132492113563,911258,22844767.75,2023-10-31,2.1729,3594726142.56,1043425326.96,3.0708,34.2188
4619,SZSE.300917,特发服务,27.19,26.6,28.02,26.4,27.85,2.4273630011033553,5.958072820890036,12855758,351473928.5,2023-10-31,14.8428,4706650000.0,2412158125.0,4.7418,41.1964
4620,SZSE.300918,南山智尚,11.18,11.18,11.36,11.18,11.29,0.9838998211091132,1.610017889087654,2491000,28120680.0,2023-10-31,2.2974,4064400000.0,1224127846.5,2.176,20.2628
4621,SZSE.300919,中伟股份,54.8,54.77,54.95,53.66,54.4,-0.7299270072992692,2.3540145985401573,3199480,173326681.37,2023-10-31,1.1129,36438431203.2,15639228608.0,1.9596,19.746
4622,SZSE.300920,润阳科技,20.53,20.57,20.76,20.3,20.51,-0.097418412079886,2.2406234778373153,759000,15563339.0,2023-10-31,1.5234,2051000000.0,1021897767.17,1.7726,63.7059
4623,SZSE.300921,南凌科技,28.06,27.89,28.27,27.35,27.75,-1.104775481111897,3.2786885245901574,6295347,175070326.13,2023-10-31,10.2295,3647131717.5,1707773017.5,4.5037,146.0633
4624,SZSE.300922,天秦装备,16.74,16.72,17.58,16.66,17.18,2.62843488649942,5.495818399044195,6174840,106556669.9,2023-10-31,6.8825,2694016416.0,1541363331.78,3.102,124.0407
4625,SZSE.300923,研奥股份,23.94,23.99,24.24,23.77,23.99,0.2088554720133473,1.9632414369256426,774500,18579095.0,2023-10-31,2.2239,1885614000.0,835475740.0,1.6297,65.4382
4626,SZSE.300925,法本信息,12.62,12.68,12.68,12.4,12.52,-0.7923930269413626,2.2187004754358113,4019764,50381708.52,2023-10-31,2.0073,4692637651.28,2507257328.4,3.3349,43.3392
4627,SZSE.300926,博俊科技,32.45,31.96,32.5,31.05,31.6,-2.6194144838212696,4.468412942989212,7489656,235833866.95,2023-10-31,10.6599,8811013464.0,2220219792.0,6.1143,35.4037
4628,SZSE.300927,江天化学,16.3,16.32,16.5,16.2,16.3,0.0,1.8404907975460165,924340,15097516.4,2023-10-31,1.0664,2353068000.0,1412913731.2,3.5035,35.1517
4629,SZSE.300928,华安鑫创,64.75,64.64,64.64,60.02,60.35,-6.795366795366798,7.1351351351351315,4567958,283484702.48,2023-10-31,10.37,4828000000.0,2658414603.2,3.7917,-2046.0766
4630,SZSE.300929,华骐环保,11.81,11.89,11.89,11.73,11.76,-0.42337002540220325,1.354784081287046,1933700,22781994.2,2023-10-31,2.0269,1553883562.56,1121907528.0,1.8188,83.2025
4631,SZSE.300930,屹通新材,24.07,24.09,24.34,23.85,24.23,0.6647278770253395,2.0357291233901056,677600,16399080.0,2023-10-31,2.2969,2423000000.0,714785000.0,2.9078,37.635
4632,SZSE.300931,通用电梯,8.15,8.15,8.21,8.03,8.06,-1.104294478527601,2.208588957055233,2360082,19142378.02,2023-10-31,2.2294,1935576760.0,853229585.0,2.7696,-25.0498
4633,SZSE.300932,三友联众,15.29,15.31,15.48,15.07,15.14,-0.9810333551340644,2.681491170699805,1313060,20016964.4,2023-10-31,1.4478,2662843154.52,1373082027.6,1.5678,55.5414
4634,SZSE.300933,中辰股份,9.48,9.53,9.8,9.45,9.52,0.42194092827003704,3.691983122362884,20390172,195696562.83,2023-10-31,8.6856,4365002633.6,2234902633.6,2.9497,65.82
4635,SZSE.300935,盈建科,28.93,28.65,29.37,28.5,28.66,-0.9332872450743213,3.007258900795026,1291029,37129017.63,2023-10-31,3.2381,2276483288.8,1142687498.24,2.5121,-71.066
4636,SZSE.300936,中英科技,44.13,44.4,44.64,42.68,43.02,-2.515295717199184,4.44142306820757,5551699,241969402.64,2023-10-31,20.9035,3235104000.0,1142557425.0,3.1556,22.5586
4637,SZSE.300937,药易购,32.5,32.41,33.13,32.19,32.7,0.6153846153846176,2.8923076923077073,1966475,64162541.0,2023-10-31,4.7727,3128300501.4,1347312986.4,3.7027,41.4924
4638,SZSE.300938,信测标准,35.97,35.97,36.21,35.69,36.02,0.13900472616070747,1.4456491520711792,573020,20573474.2,2023-10-31,1.0872,4098723004.0,1924020366.7,3.2791,26.2435
4639,SZSE.300939,秋田微,35.32,35.11,35.83,34.52,34.93,-1.104190260475657,3.7089467723669176,3104333,109099251.49,2023-10-31,4.7112,4191600000.0,2301607560.0,3.1388,33.7202
4640,SZSE.300940,南极光,18.63,18.64,19.42,18.64,19.07,2.36178207192701,4.186795491143323,6110694,116579361.51,2023-10-31,8.0642,4258155136.46,1445036477.53,5.8362,-33.0426
4641,SZSE.300941,创识科技,22.32,22.22,22.54,21.54,21.9,-1.8817204301075363,4.480286738351254,5409255,119239058.45,2023-10-31,6.3485,4484025000.0,1865994975.0,3.6061,49.3741
4642,SZSE.300942,易瑞生物,12.4,12.39,12.57,12.3,12.44,0.3225806451612856,2.1774193548387064,4268900,53155115.0,2023-10-31,3.909,4986698400.0,1358540354.56,5.7522,-30.3036
4643,SZSE.300943,春晖智控,14.17,14.17,14.27,14.02,14.09,-0.5645730416372619,1.7642907551164433,1256750,17721450.0,2023-10-31,1.2464,2871823800.0,1420706620.14,3.0877,34.3663
4644,SZSE.300945,曼卡龙,15.15,15.27,15.59,14.98,15.28,0.858085808580844,4.026402640264023,7189098,110005104.32,2023-10-31,9.3528,4002611723.12,1174509301.76,2.5997,54.8319
4645,SZSE.300946,恒而达,31.96,32.03,32.03,31.21,31.65,-0.969962453066342,2.565707133917398,462140,14614889.0,2023-10-31,1.3534,3798189900.0,1080720900.0,3.4375,39.4526
4646,SZSE.300947,德必集团,14.85,14.81,15.25,14.79,15.01,1.077441077441077,3.0976430976431035,1942480,29097754.4,2023-10-31,2.0384,2305589975.96,1430359292.57,1.7489,2508.0501
4647,SZSE.300948,冠中生态,15.15,15.05,15.4,15.05,15.23,0.5280528052805211,2.310231023102308,3028201,46249740.36,2023-10-31,4.3471,2132352300.0,1060921800.0,2.4343,37.914
4648,SZSE.300949,奥雅股份,37.8,37.45,39.12,37.21,39.07,3.3597883597883627,5.052910052910044,1146333,44093626.51,2023-10-31,6.7413,2344200000.0,664375582.5,2.1454,-39.5699
4649,SZSE.300950,德固特,17.23,17.18,17.49,16.96,17.02,-1.2188044109112117,3.0760301799187326,1295500,22081876.0,2023-10-31,2.1592,2553000000.0,1021200000.0,3.8632,48.1617
4650,SZSE.300951,博硕科技,49.6,49.42,49.65,48.37,48.5,-2.2177419354838745,2.5806451612903247,2147114,105204789.03,2023-10-31,3.7537,5852592000.0,2773899300.0,2.6954,22.2209
4651,SZSE.300952,恒辉安防,19.36,19.58,19.6,19.25,19.4,0.20661157024792765,1.807851239669429,1465743,28444871.14,2023-10-31,3.2679,2824145435.8,870141468.2,2.5623,24.8898
4652,SZSE.300953,震裕科技,59.8,59.77,60.25,58.16,58.6,-2.00668896321069,3.4949832775919796,395800,23302610.7,2023-10-31,0.8684,6023075010.0,2670988000.0,2.4536,251.692
4653,SZSE.300955,嘉亨家化,21.9,21.92,22.19,21.82,22.12,1.0045662100456765,1.6894977168949818,802947,17701007.18,2023-10-31,1.7898,2229696000.0,992342750.56,2.2744,46.9463
4654,SZSE.300956,英力股份,18.54,18.43,19.1,18.24,18.35,-1.024811218985966,4.638619201726015,4767180,88914480.94,2023-10-31,8.3628,2422215469.05,1046038538.75,2.3783,-30.7194
4655,SZSE.300957,贝泰妮,77.14,77.4,79.23,76.51,78.94,2.3334197562872694,3.526056520611873,4053860,316555912.04,2023-10-31,1.8648,33438984000.0,17161059546.34,5.7468,30.0409
4656,SZSE.300958,建工修复,18.4,18.41,18.6,18.3,18.5,0.5434782608695787,1.6304347826086998,2993175,55247953.16,2023-10-31,3.8888,2899626711.5,1423925612.0,2.1055,31.7357
4657,SZSE.300959,线上线下,36.23,35.98,36.5,35.18,35.7,-1.4628760695555965,3.643389456251726,1332900,47564618.07,2023-10-31,3.5855,2856000000.0,1327154497.2,2.4042,77.4549
4658,SZSE.300960,通业科技,22.62,22.81,22.98,22.2,22.43,-0.839964633068091,3.44827586206897,875134,19685304.64,2023-10-31,3.4185,2296513763.16,574208000.0,3.7332,59.6462
4659,SZSE.300961,深水海纳,10.51,10.58,10.66,10.47,10.55,0.38058991436726863,1.8078020932445242,1732250,18304169.85,2023-10-31,1.4088,1870304000.0,1297232947.95,1.8445,-41.6134
4660,SZSE.300962,中金辐照,16.62,16.6,16.7,16.44,16.58,-0.2406738868832914,1.5643802647412635,1012352,16753750.2,2023-10-31,0.8373,4377151452.26,2004554480.22,4.8388,39.6756
4661,SZSE.300963,中洲特材,12.61,12.6,12.74,12.51,12.7,0.7137192704202988,1.8239492466296625,1957415,24770224.45,2023-10-31,1.8816,2971800000.0,1321169417.6,3.0164,29.7941
4662,SZSE.300964,本川智能,42.29,42.25,42.69,41.21,41.44,-2.009931425869005,3.499645306218957,1809500,75603454.0,2023-10-31,5.4985,3203240888.96,1363750368.96,3.1389,129.4244
4663,SZSE.300965,恒宇信通,59.11,58.22,60.38,56.5,57.0,-3.569615970225004,6.564033158518022,1865444,108701141.9,2023-10-31,11.3548,3420000000.0,936438750.0,2.4795,90.3493
4664,SZSE.300966,共同药业,22.85,23.09,27.42,22.9,27.42,19.999999999999996,19.78118161925603,12197627,320432538.78,2023-10-31,20.6437,3160909543.56,1620153009.06,3.6895,137.1044
4665,SZSE.300967,晓鸣股份,14.21,14.22,14.44,14.13,14.3,0.6333567909922566,2.1815622800844383,1519808,21747149.2,2023-10-31,1.4536,2709830137.3,1495118424.8,3.7576,-30.0018
4666,SZSE.300968,格林精密,11.2,11.35,11.4,10.8,10.92,-2.499999999999991,5.357142857142854,19746708,218338346.72,2023-10-31,11.406,4514109600.0,1890533168.16,2.3929,66.9632
4667,SZSE.300969,恒帅股份,76.91,76.91,77.99,73.77,74.1,-3.653621115589656,5.486932778572355,1450164,108601677.0,2023-10-31,7.2508,5928000000.0,1482000000.0,5.6799,31.5498
4668,SZSE.300970,华绿生物,17.77,17.78,18.07,17.58,17.8,0.16882386043894915,2.757456387169398,2688997,47913921.93,2023-10-31,3.8717,2098417080.0,1236265108.8,1.3329,24.0942
4669,SZSE.300971,博亚精工,24.6,24.61,24.66,23.97,24.18,-1.7073170731707332,2.8048780487804925,2252684,54630897.41,2023-10-31,4.1217,2031120000.0,1395986962.5,2.1375,32.0671
4670,SZSE.300972,万辰集团,37.51,37.75,37.75,36.62,37.06,-1.1996800853105727,3.01252999200214,936900,34644190.0,2023-10-31,1.2523,5688710000.0,2772680960.0,8.1039,-122.7966
4671,SZSE.300973,立高食品,54.51,54.49,54.5,53.2,53.78,-1.3392038158136055,2.384883507613277,1357300,73113459.0,2023-10-31,1.9105,9107110900.68,3820817901.18,4.0483,45.1498
4672,SZSE.300975,商络电子,8.11,8.27,8.37,7.96,8.06,-0.6165228113440113,5.055487053020953,24593745,200071387.27,2023-10-31,7.5883,5081089398.84,2612263038.84,2.9454,107.0378
4673,SZSE.300976,达瑞电子,50.61,50.5,50.94,49.6,49.83,-1.541197391819804,2.6476980833827235,858346,43026620.36,2023-10-31,2.3042,4706513262.0,1856203078.62,1.4875,34.6725
4674,SZSE.300977,深圳瑞捷,19.11,19.12,19.38,18.94,19.17,0.31397174254317317,2.3024594453165763,2224997,42613839.39,2023-10-31,5.7381,2928534610.14,743334348.06,2.0663,66.6021
4675,SZSE.300978,东箭科技,14.4,14.31,14.37,13.92,14.24,-1.1111111111111072,3.124999999999995,9938056,140534635.82,2023-10-31,7.5359,6019287003.36,1877917728.8,3.7019,44.1271
4676,SZSE.300979,华利集团,50.25,50.0,50.46,48.51,50.2,-0.09950248756218638,3.8805970149253786,2160044,106691657.03,2023-10-31,1.4787,58583400000.0,7333082970.0,4.1013,19.0859
4677,SZSE.300980,祥源新材,21.0,20.86,22.03,20.7,21.91,4.333333333333345,6.333333333333342,5087948,110171077.68,2023-10-31,9.974,2373581156.94,1117674760.44,2.4473,62.4353
4678,SZSE.300981,中红医疗,15.74,15.83,15.97,15.73,15.85,0.698856416772542,1.5247776365946646,2254290,35683003.03,2023-10-31,1.835,6181623630.0,1947141592.5,1.044,165.4402
4679,SZSE.300982,苏文电能,31.03,31.37,31.97,31.02,31.39,1.1601675797615174,3.0615533354817894,7013539,220842579.63,2023-10-31,8.8291,6458995807.26,2493508407.66,2.01,25.4028
4680,SZSE.300983,尤安设计,30.02,30.02,30.18,29.72,30.06,0.13324450366423157,1.5323117921385772,275020,8247189.8,2023-10-31,0.8594,3847680000.0,961920000.0,1.2631,404.9495
4681,SZSE.300984,金沃股份,24.2,24.3,24.55,24.16,24.49,1.1983471074380025,1.6115702479338867,919828,22465062.88,2023-10-31,3.0948,1880839102.1,727893788.18,2.8469,50.9584
4682,SZSE.300985,致远新能,39.55,39.68,41.38,37.41,40.45,2.275600505689024,10.037926675094832,7818187,308549744.86,2023-10-31,21.5179,5393336030.0,1469686030.0,4.5583,-195.9262
4683,SZSE.300986,志特新材,14.78,14.75,14.87,14.46,14.51,-1.826792963464141,2.77401894451961,1697794,24790877.78,2023-10-31,1.6096,3574845415.52,1530525842.11,2.5837,71.1792
4684,SZSE.300987,川网传媒,16.64,16.67,17.1,16.62,16.74,0.6009615384615197,2.8846153846153872,2119847,35613010.6,2023-10-31,2.2228,2902180320.0,1596460320.0,3.6369,99.562
4685,SZSE.300988,津荣天宇,21.85,21.82,22.0,21.5,21.71,-0.6407322654462311,2.2883295194508007,1573397,34189115.33,2023-10-31,2.7245,3045855620.47,1253730724.87,2.6618,36.3204
4686,SZSE.300989,蕾奥规划,19.12,19.06,19.95,19.01,19.88,3.9748953974895196,4.916317991631787,5862765,115049172.7,2023-10-31,14.476,3238273080.0,805140000.0,3.1426,184.8015
4687,SZSE.300990,同飞股份,49.0,48.5,48.81,47.05,47.76,-2.5306122448979673,3.591836734693888,5159694,247150974.43,2023-10-31,12.25,8046604800.0,2011651200.0,4.7041,44.0148
4688,SZSE.300991,创益通,16.8,16.73,17.43,16.48,16.62,-1.0714285714285676,5.654761904761901,7595878,127051288.2,2023-10-31,11.6188,2393280000.0,1086549120.0,3.8019,-220.642
4689,SZSE.300992,泰福泵业,20.4,20.42,20.58,20.16,20.25,-0.7352941176470562,2.0588235294117556,2136800,43421313.0,2023-10-31,4.9068,1838702308.5,881841714.75,2.4011,44.5912
4690,SZSE.300993,玉马遮阳,11.4,11.39,11.46,11.33,11.43,0.2631578947368318,1.1403508771929893,2582212,29462215.1,2023-10-31,2.5962,3521939616.0,1136847231.0,2.6122,22.3554
4691,SZSE.300994,久祺股份,14.49,14.39,14.9,14.36,14.7,1.4492753623188248,3.7267080745341676,3170620,46218876.4,2023-10-31,4.0724,3426393600.0,1144483200.0,3.0718,31.2466
4692,SZSE.300995,奇德新材,22.01,22.21,22.42,21.7,21.85,-0.7269422989550245,3.2712403452976027,780000,17132080.0,2023-10-31,2.6795,1838896000.0,636053500.0,2.9157,101.3488
4693,SZSE.300996,普联软件,22.25,22.13,22.5,21.8,22.07,-0.8089887640449378,3.1460674157303337,2407933,53326574.05,2023-10-31,1.9585,4469743280.43,2713494957.39,4.0068,39.053
4694,SZSE.300997,欢乐家,13.28,13.52,13.54,13.28,13.47,1.4307228915662717,1.9578313253012032,3020389,40638771.21,2023-10-31,3.356,6061500000.0,1212300000.0,4.3743,23.1801
4695,SZSE.300998,宁波方正,23.27,23.12,23.38,22.65,23.03,-1.0313708637730956,3.137086377309843,1677000,38515293.0,2023-10-31,2.5499,3159007366.9,1514622623.22,2.3651,276.9778
4696,SZSE.300999,金龙鱼,34.55,34.41,35.07,34.35,35.0,1.302460202604938,2.0839363241678694,9429448,328792165.7,2023-10-31,1.7377,189755703760.0,18992648395.0,2.0908,68.0877
4697,SZSE.301000,肇民科技,16.75,16.64,16.75,16.32,16.45,-1.7910447761194104,2.567164179104476,1039128,17106402.64,2023-10-31,1.5034,2842568883.0,1137032883.0,2.556,32.5977
4698,SZSE.301001,凯淳股份,26.19,26.11,26.79,25.84,26.65,1.7563955708285395,3.6273386788850677,1881284,49591692.88,2023-10-31,5.4688,2132000000.0,916760000.0,2.6539,362.331
4699,SZSE.301002,崧盛股份,19.67,19.67,19.86,19.49,19.71,0.20335536349771477,1.8810371123538432,919060,18052670.4,2023-10-31,1.5778,2421890473.59,1148123228.58,3.1766,114.5989
4700,SZSE.301003,江苏博云,24.7,24.71,24.96,24.64,24.77,0.2834008097166052,1.2955465587044546,894110,22162291.7,2023-10-31,1.3005,2453551058.41,1702919566.52,2.1185,24.4385
4701,SZSE.301004,嘉益股份,43.4,43.41,43.97,42.6,42.79,-1.4055299539170507,3.156682027649764,1374592,58977897.2,2023-10-31,5.2344,4450160000.0,1118243907.0,3.9029,10.6408
4702,SZSE.301005,超捷股份,28.44,28.33,28.85,28.05,28.24,-0.7032348804500765,2.8129395218002835,965620,27435000.6,2023-10-31,2.1618,2950995986.0,1261389161.2,3.7283,74.7904
4703,SZSE.301006,迈拓股份,18.13,18.1,18.28,17.88,17.96,-0.9376723662437803,2.2062879205736468,1129214,20382741.02,2023-10-31,1.7625,2501468800.0,1150700792.0,2.0783,24.6768
4704,SZSE.301007,德迈仕,18.99,18.81,18.81,17.72,18.0,-5.2132701421800824,5.739863085834649,18908409,343137526.78,2023-10-31,15.2971,2760120000.0,2224939500.0,4.3094,53.3066
4705,SZSE.301008,宏昌科技,29.81,29.77,30.61,29.49,29.82,0.03354579000336422,3.7571284803757163,1192320,35804353.8,2023-10-31,4.8382,2385600000.0,734884080.0,2.2674,30.0675
4706,SZSE.301009,可靠股份,11.94,11.94,12.09,11.83,11.97,0.2512562814070529,2.1775544388609696,1459213,17511540.35,2023-10-31,1.4951,3254164200.0,1168243092.45,2.3585,-106.012
4707,SZSE.301010,晶雪节能,18.89,18.84,19.03,18.69,18.86,-0.1588141874007465,1.7998941238750652,751300,14164974.0,2023-10-31,1.483,2036880000.0,955480039.2,2.5037,49.2324
4708,SZSE.301011,华立科技,20.18,20.26,20.67,20.16,20.35,0.8424182358771182,2.527254707631326,2076372,42435214.08,2023-10-31,2.6531,2985182200.0,1592627385.8,4.3632,-64.958
4709,SZSE.301012,扬电科技,21.53,21.51,21.85,21.2,21.41,-0.5573618207152853,3.019043195541115,1611246,34547505.22,2023-10-31,2.1432,3050714967.9,1609603800.0,2.723,421.6711
4710,SZSE.301013,利和兴,15.87,15.8,16.1,15.44,15.57,-1.8903591682419618,4.158790170132337,11892102,187377883.06,2023-10-31,7.147,3639379381.92,2590726149.18,4.1429,-186.1377
4711,SZSE.301015,百洋医药,31.4,31.69,32.56,30.8,32.09,2.197452229299368,5.605095541401279,4922975,155087359.25,2023-10-31,4.1588,16850459000.0,3798653750.0,6.9974,25.869
4712,SZSE.301016,雷尔伟,23.18,23.18,23.33,22.64,22.71,-2.0276100086281224,2.9767040552200075,1344756,30749097.0,2023-10-31,4.4825,2725200000.0,681300000.0,2.7505,43.1788
4713,SZSE.301017,漱玉平民,19.04,19.11,19.39,18.9,19.12,0.42016806722691147,2.5735294117647167,1846200,35421318.72,2023-10-31,1.6891,7750106058.0,2089821258.0,3.549,29.6595
4714,SZSE.301018,申菱环境,28.5,28.29,28.68,27.13,27.38,-3.9298245614035165,5.438596491228073,7382142,204937171.04,2023-10-31,6.5278,7284519202.32,3096364882.32,2.8918,40.7865
4715,SZSE.301019,宁波色母,22.35,22.45,22.55,22.16,22.48,0.5816554809843444,1.7449664429530225,1152700,25777191.5,2023-10-31,2.0069,2697600000.0,1291187356.8,2.5188,26.4942
4716,SZSE.301020,密封科技,20.12,20.21,20.21,19.94,20.06,-0.29821073558649047,1.341948310139163,564646,11311237.94,2023-10-31,0.7743,2936784000.0,1462812110.4,3.314,42.4173
4717,SZSE.301021,英诺激光,24.56,24.56,24.8,23.74,24.33,-0.9364820846905597,4.315960912052127,5848909,141534579.22,2023-10-31,8.3602,3686274357.06,1702162857.06,3.7948,-557.8769
4718,SZSE.301022,海泰科,30.87,30.39,30.4,29.21,29.65,-3.952057013281507,3.854875283446704,4363056,129719491.44,2023-10-31,10.2858,2466880000.0,1257696457.45,2.7088,75.0638
4719,SZSE.301023,江南奕帆,39.25,39.4,39.49,38.49,38.9,-0.8917197452229297,2.547770700636943,335135,13015967.87,2023-10-31,1.4072,2178409725.0,926439210.2,2.7244,40.7636
4720,SZSE.301024,霍普股份,28.9,28.7,29.16,28.3,28.98,0.27681660899654403,2.975778546712801,611100,17599779.0,2023-10-31,3.4452,1842693300.0,514032750.0,3.0335,-15.6249
4721,SZSE.301025,读客文化,10.63,10.57,10.93,10.57,10.73,0.940733772342428,3.3866415804327317,2997628,32309243.08,2023-10-31,3.0217,4295319862.0,1064463952.37,6.8163,140.4415
4722,SZSE.301026,浩通科技,29.02,28.91,29.45,28.78,29.0,-0.0689179875947632,2.3087525844245285,1422196,41280922.25,2023-10-31,2.4849,3286666686.0,1659802936.0,2.2715,27.4406
4723,SZSE.301027,华蓝集团,11.93,11.96,12.18,11.96,12.12,1.5926236378876801,1.8440905280804598,2132800,25794415.0,2023-10-31,2.1216,1797291768.0,1218398148.0,1.9124,396.2203
4724,SZSE.301028,东亚机械,10.56,10.59,10.68,10.48,10.57,0.09469696969697239,1.8939393939393872,1478433,15609133.16,2023-10-31,1.3677,4005099840.0,1142545124.0,3.1667,26.719
4725,SZSE.301029,怡合达,31.02,30.92,30.92,29.5,29.76,-4.061895551257244,4.57769181173437,9204349,275848048.81,2023-10-31,3.0892,17195113728.0,8866970900.16,5.7521,31.8045
4726,SZSE.301030,仕净科技,38.38,38.41,38.41,36.7,37.0,-3.595622720166758,4.455445544554439,4357447,162873718.74,2023-10-31,3.8054,5314925014.0,4236808839.0,2.9611,25.9175
4727,SZSE.301031,中熔电气,121.6,121.59,124.62,120.01,122.25,0.5345394736842257,3.7911184210526314,526939,64752447.15,2023-10-31,1.4436,8102415450.75,4462344805.5,8.6337,56.0715
4728,SZSE.301032,新柴股份,9.42,9.44,9.6,9.35,9.48,0.6369426751592355,2.6539278131634823,2822926,26773286.74,2023-10-31,3.4181,2285944632.0,782926182.0,2.133,120.0475
4729,SZSE.301033,迈普医学,41.29,40.68,42.41,40.68,41.85,1.3562605957859075,4.189876483410019,2108093,87940921.05,2023-10-31,5.6139,2764734499.35,1571512279.5,4.497,88.382
4730,SZSE.301035,润丰股份,72.5,72.23,72.9,67.5,69.1,-4.689655172413798,7.448275862068973,1531982,106498326.66,2023-10-31,1.7438,19148697910.4,6070555372.2,2.9437,23.0994
4731,SZSE.301036,双乐股份,23.97,23.58,24.28,23.09,23.53,-1.8356278681685323,4.964539007092204,6886580,162106660.83,2023-10-31,17.0749,2353000000.0,949001653.86,1.5239,68.5859
4732,SZSE.301037,保立佳,20.14,20.48,20.5,19.86,20.1,-0.19860973187685316,3.177755710029794,1009092,20253919.62,2023-10-31,3.5714,2012167161.9,567921982.5,2.3913,191.5274
4733,SZSE.301038,深水规院,20.33,19.9,20.55,19.84,20.16,-0.836202656173135,3.492375799311367,11327411,228599327.14,2023-10-31,22.9602,3459456000.0,994593600.0,4.2918,-53.9771
4734,SZSE.301039,中集车辆,10.37,10.32,10.42,10.06,10.13,-2.314368370298925,3.4715525554484037,19964048,203228420.32,2023-10-31,2.7528,20438288000.0,7346645998.25,1.3957,7.4743
4735,SZSE.301040,中环海陆,18.63,18.7,18.75,18.4,18.5,-0.6977992485238782,1.8786902844873936,858208,15910966.0,2023-10-31,1.2336,1850007511.0,1287014586.0,1.8756,79.4284
4736,SZSE.301041,金百泽,27.1,27.1,27.45,26.51,26.68,-1.5498154981549828,3.4686346863468547,2746488,74114526.56,2023-10-31,4.4644,2846222400.0,1641340740.24,4.3423,78.7835
4737,SZSE.301042,安联锐视,37.83,37.72,38.28,36.68,36.99,-2.2204599524187074,4.229447528416604,1164881,43513004.71,2023-10-31,2.7543,2565617485.41,1564418402.91,2.2452,33.5133
4738,SZSE.301043,绿岛风,32.34,32.15,32.79,32.15,32.31,-0.09276437847867136,1.9789734075448377,896360,29122609.2,2023-10-31,4.9798,2197080000.0,581580000.0,2.7251,28.3903
4739,SZSE.301045,天禄科技,25.94,25.84,26.3,25.66,25.85,-0.3469545104086369,2.467232074016964,1586900,41208697.0,2023-10-31,2.8686,2666539792.4,1430037794.35,3.0531,1770.0244
4740,SZSE.301046,能辉科技,27.6,27.97,27.97,26.94,27.12,-1.7391304347826098,3.7318840579710058,2778154,75867335.18,2023-10-31,4.7094,4059592800.0,1599860328.0,5.0449,92.4096
4741,SZSE.301047,义翘神州,85.9,85.68,87.94,85.18,87.59,1.9674039580908076,3.213038416763668,1091574,94943917.18,2023-10-31,1.8671,11316628000.0,5120810081.9,1.7937,48.6883
4742,SZSE.301048,金鹰重工,10.51,10.46,10.46,10.27,10.36,-1.4272121788772685,1.8078020932445413,3913817,40513865.33,2023-10-31,2.9354,5525334024.0,1381334024.0,2.3408,18.0718
4743,SZSE.301049,超越科技,23.7,23.93,23.99,23.55,23.75,0.21097046413502962,1.8565400843881763,703700,16729399.0,2023-10-31,2.7398,2238516682.5,609995807.5,2.751,-25.7505
4744,SZSE.301050,雷电微力,63.7,63.92,65.8,63.59,64.52,1.2872841444269811,3.469387755102031,5687043,367828421.33,2023-10-31,4.2461,11241964800.0,8641788476.2,4.2954,38.22
4745,SZSE.301051,信濠光电,58.74,58.58,59.1,57.0,57.15,-2.7068437180796767,3.5750766087844763,1999450,116233554.5,2023-10-31,3.2131,6858000000.0,3556344487.5,2.6062,-446.2219
4746,SZSE.301052,果麦文化,38.18,38.18,39.0,36.4,37.16,-2.671555788370883,6.809848088004195,3061040,114699459.25,2023-10-31,5.5521,2703759370.4,2048760488.4,4.1443,53.5731
4747,SZSE.301053,远信工业,25.58,25.61,25.98,25.05,25.29,-1.1336982017200903,3.635652853792024,1149100,29229088.0,2023-10-31,4.9392,2067520725.0,588370534.92,3.5289,83.1821
4748,SZSE.301055,张小泉,14.74,14.75,14.86,14.61,14.71,-0.2035278154681075,1.6960651289009496,946700,13934291.0,2023-10-31,1.6197,2294760000.0,859799500.0,3.4957,236.3263
4749,SZSE.301056,森赫股份,10.26,10.16,10.33,10.06,10.25,-0.09746588693957392,2.6315789473684172,3968669,40482323.01,2023-10-31,5.9503,2734563336.75,683640836.75,3.4299,36.0131
4750,SZSE.301057,汇隆新材,17.33,17.29,17.49,17.0,17.32,-0.05770340450085287,2.827466820542403,2507800,43183438.24,2023-10-31,5.6584,2034241586.16,767622400.0,2.6823,42.9016
4751,SZSE.301058,中粮科工,12.32,12.24,12.35,12.1,12.25,-0.5681818181818232,2.029220779220779,1911100,23317746.0,2023-10-31,0.9395,6275359501.25,2491816600.0,3.3538,35.0129
4752,SZSE.301059,金三江,11.83,11.88,11.98,11.78,11.87,0.33812341504648735,1.6906170752324687,879730,10435051.8,2023-10-31,1.3316,2743797980.0,784186362.81,4.9139,63.6663
4753,SZSE.301060,兰卫医学,14.03,14.15,14.5,13.97,14.25,1.5680684248039922,3.7776193870277934,6341951,90619854.87,2023-10-31,3.5274,5707367250.0,2561999406.0,2.9542,470.7523
4754,SZSE.301061,匠心家居,46.7,46.71,46.8,43.92,44.48,-4.753747323340485,6.167023554603844,761000,34149356.6,2023-10-31,2.3781,5693440000.0,1423360000.0,1.9556,14.2413
4755,SZSE.301062,上海艾录,10.32,10.45,10.45,10.19,10.21,-1.0658914728682078,2.519379844961238,2865425,29409024.25,2023-10-31,1.1973,4088000278.0,2443418054.86,3.5946,54.8265
4756,SZSE.301063,海锅股份,24.22,24.22,24.39,23.76,24.13,-0.37159372419488523,2.6011560693641576,845838,20325279.04,2023-10-31,2.0624,2518224270.12,989643690.0,1.6268,30.265
4757,SZSE.301065,本立科技,23.6,23.54,23.99,23.51,23.53,-0.2966101694915291,2.0338983050847323,1389806,32958926.97,2023-10-31,3.0461,2494650600.0,1073564485.5,1.9419,44.8848
4758,SZSE.301066,万事利,13.68,13.67,13.86,13.56,13.63,-0.36549707602338,2.192982456140343,1303785,17880548.8,2023-10-31,1.8098,2567240376.96,981714107.4,3.9669,336.0145
4759,SZSE.301067,显盈科技,23.65,23.6,23.85,23.23,23.34,-1.3107822410147962,2.6215644820296027,1245524,29240229.28,2023-10-31,2.7555,2269488240.0,1054994841.0,2.6795,105.5441
4760,SZSE.301068,大地海洋,27.58,27.53,27.94,27.4,27.68,0.36258158085569203,1.9579405366207496,383300,10594589.0,2023-10-31,0.9668,2325120000.0,1097403854.24,2.8913,42.9184
4761,SZSE.301069,凯盛新材,20.09,20.2,20.2,19.9,20.12,0.1493280238924921,1.4932802389248419,1421900,28513557.0,2023-10-31,1.0125,8463276800.0,2825652800.0,5.676,47.1952
4762,SZSE.301070,开勒股份,37.33,37.3,37.37,36.23,36.94,-1.0447361371551,3.0538440932226107,647200,23743856.0,2023-10-31,1.8467,2384669088.0,1294594807.2,2.8727,71.482
4763,SZSE.301071,力量钻石,33.54,33.39,34.14,32.81,33.73,0.5664877757900921,3.9654144305307044,5309553,177573186.36,2023-10-31,4.0433,8778985117.49,4429282507.41,1.6581,23.5202
4764,SZSE.301072,中捷精工,28.5,28.15,28.19,26.89,27.28,-4.280701754385962,4.5614035087719325,6339087,173336228.55,2023-10-31,19.005,2865894944.0,909918944.0,3.4992,75.6213
4765,SZSE.301073,君亭酒店,24.86,24.83,24.93,24.28,24.58,-1.1263073209975882,2.614641995172963,3698347,90762469.93,2023-10-31,4.3428,4779606710.68,2093261509.44,4.9204,171.9898
4766,SZSE.301075,多瑞医药,27.96,27.86,30.49,27.78,29.06,3.9341917024320328,9.69241773962803,4360654,126373216.78,2023-10-31,15.901,2324800000.0,796933564.74,2.9856,134.1874
4767,SZSE.301076,新瀚新材,21.6,21.6,21.86,21.38,21.53,-0.3240740740740766,2.222222222222224,1334277,28858014.9,2023-10-31,1.9246,2896301720.0,1492632378.25,2.6459,27.5262
4768,SZSE.301077,星华新材,21.07,21.15,21.41,21.0,21.24,0.8068343616516316,1.9458946369245378,595800,12617097.0,2023-10-31,1.3898,2548800000.0,910558842.48,2.1237,26.9046
4769,SZSE.301078,孩子王,8.56,8.59,8.79,8.55,8.63,0.8177570093457875,2.803738317756991,12479562,107867030.08,2023-10-31,1.9647,9596944035.0,5481710964.32,3.0861,109.9699
4770,SZSE.301079,邵阳液压,17.8,17.85,17.92,17.49,17.55,-1.4044943820224698,2.41573033707867,1143870,20128689.1,2023-10-31,1.9598,1936898449.2,1024350133.95,3.9485,53.1629
4771,SZSE.301080,百普赛斯,65.29,64.65,66.18,64.2,64.66,-0.964925716036158,3.0326236789707517,1270493,82494253.64,2023-10-31,2.0216,7759200000.0,4063566105.8,2.9988,46.7041
4772,SZSE.301081,严牌股份,10.66,10.62,10.89,10.45,10.81,1.40712945590995,4.1275797373358465,4650029,49664502.68,2023-10-31,5.5106,2213931240.0,912191040.0,2.3135,38.0684
4773,SZSE.301082,久盛电气,16.98,17.32,17.4,16.77,16.89,-0.5300353356890497,3.7102473498233155,1621414,27618227.55,2023-10-31,2.3866,2730258534.9,1147483325.58,2.496,38.2597
4774,SZSE.301083,百胜智能,16.43,16.42,16.59,15.78,15.96,-2.8606208155812496,4.93000608642727,2301500,37050411.0,2023-10-31,4.1954,2838752005.32,875528365.32,3.5026,59.4339
4775,SZSE.301085,亚康股份,67.95,67.96,68.68,62.5,62.8,-7.579102281089045,9.094922737306852,7680981,493674565.18,2023-10-31,21.4951,5220256845.2,2244070833.6,6.0916,58.9257
4776,SZSE.301086,鸿富瀚,48.12,48.01,48.2,46.38,46.72,-2.9093931837073983,3.7822111388196182,1361500,64128874.14,2023-10-31,4.1896,4204800000.0,1518248160.0,2.1998,29.2347
4777,SZSE.301087,可孚医疗,38.51,38.25,39.12,38.06,38.79,0.7270838743183683,2.752531809919489,1685573,65242482.15,2023-10-31,1.861,8116351717.5,3513377756.43,1.6599,21.5771
4778,SZSE.301088,戎美股份,16.28,16.32,16.44,16.18,16.31,0.1842751842751733,1.5970515970516064,637900,10387915.0,2023-10-31,1.1413,3718680000.0,911575555.52,1.4592,31.3093
4779,SZSE.301089,拓新药业,51.66,51.4,52.57,51.0,51.53,-0.25164537359658734,3.039101819589625,3420982,177231218.17,2023-10-31,4.3666,6492780000.0,4037081366.76,3.8836,13.244
4780,SZSE.301090,华润材料,11.16,11.12,11.45,11.1,11.35,1.7025089605734678,3.136200716845875,4579982,51994161.06,2023-10-31,2.0639,16870172981.55,2518621557.05,2.3331,29.1041
4781,SZSE.301091,深城交,20.16,20.18,20.2,19.32,19.41,-3.720238095238093,4.36507936507936,7678109,150330853.25,2023-10-31,5.1809,6055920000.0,2876562000.0,2.8561,35.3925
4782,SZSE.301092,争光股份,28.79,28.82,29.09,28.23,28.55,-0.8336227856894696,2.987148315387285,1697100,48677247.0,2023-10-31,3.96,3816948968.2,1223535488.2,2.1283,34.6971
4783,SZSE.301093,华兰股份,35.23,35.4,35.64,35.01,35.42,0.539313085438553,1.788248651717294,1228842,43547099.58,2023-10-31,1.2709,4809563745.14,3424718039.82,1.9591,45.2015
4784,SZSE.301095,广立微,89.05,92.0,99.98,90.8,90.8,1.9651880965749546,10.308815272318931,3871293,363861086.8,2023-10-31,3.4591,18160000000.0,10161957908.8,5.7307,130.1508
4785,SZSE.301096,百诚医药,70.01,69.96,70.67,68.7,69.2,-1.1569775746322009,2.813883730895584,1532701,106596392.66,2023-10-31,2.2353,7485133356.4,4744813356.4,2.8786,29.8891
4786,SZSE.301097,天益医疗,48.55,48.4,51.59,48.39,50.67,4.366632337796106,6.591143151390326,1230300,61913834.0,2023-10-31,6.7056,2986863136.56,929661136.56,2.3583,50.3112
4787,SZSE.301098,金埔园林,11.4,11.42,11.45,11.33,11.42,0.17543859649122862,1.0526315789473615,1283900,14625720.5,2023-10-31,1.1891,1808928000.0,1233058957.38,1.594,29.1103
4788,SZSE.301099,雅创电子,55.39,54.59,55.95,52.39,52.8,-4.675934284166827,6.427152915688756,3947359,211264050.49,2023-10-31,13.9573,4224000000.0,1493273760.0,4.2346,47.4206
4789,SZSE.301100,风光股份,19.31,19.31,19.43,19.08,19.25,-0.31071983428274663,1.812532366649412,564525,10853673.0,2023-10-31,1.1291,3850000000.0,962500000.0,1.7978,54.9347
4790,SZSE.301101,明月镜片,35.97,35.58,36.93,35.41,36.45,1.334445371142623,4.225743675284969,1322489,48124826.7,2023-10-31,1.8505,7345116045.0,2605012245.0,4.7344,42.8593
4791,SZSE.301102,兆讯传媒,18.85,18.91,19.58,18.57,18.83,-0.10610079575598119,5.358090185676382,2117620,40271786.85,2023-10-31,2.9768,5460700000.0,1339500954.05,1.8245,29.9919
4792,SZSE.301103,何氏眼科,33.46,33.3,33.49,33.05,33.42,-0.11954572624028881,1.3150029886431704,1735012,57721183.55,2023-10-31,2.0881,5281244660.82,2776872178.02,2.4965,78.9634
4793,SZSE.301105,鸿铭股份,35.15,35.2,35.73,34.9,35.73,1.6500711237553256,2.361308677098146,709875,25113720.25,2023-10-31,5.6835,1786500000.0,446267700.0,2.0615,-451.4121
4794,SZSE.301106,骏成科技,41.19,40.98,41.8,40.72,41.13,-0.14566642388927908,2.6219956300072793,516874,21315860.4,2023-10-31,2.4794,2985489654.84,857423413.71,2.6122,38.2311
4795,SZSE.301107,瑜欣电子,31.67,31.66,32.13,31.55,31.65,-0.0631512472371476,1.831386169876861,934100,29739800.0,2023-10-31,4.4678,2323110000.0,661719210.0,2.5278,35.4476
4796,SZSE.301108,洁雅股份,35.57,35.97,39.3,35.16,38.45,8.096710711273559,11.639021647455722,3956056,150381945.55,2023-10-31,11.2266,3122517502.1,1354913711.6,1.6948,29.5667
4797,SZSE.301109,军信股份,16.25,16.25,16.29,16.13,16.17,-0.4923076923076808,0.9846153846153856,1211099,19613281.96,2023-10-31,1.2277,6629861700.0,1595183937.27,1.3171,12.2504
4798,SZSE.301110,青木股份,45.59,45.3,45.79,43.7,44.45,-2.5005483658697147,4.584338670761124,1274900,56823740.0,2023-10-31,3.5283,2963333348.15,1606125229.45,2.1277,54.5761
4799,SZSE.301111,粤万年青,20.25,20.36,20.55,20.03,20.35,0.4938271604938427,2.567901234567899,1788138,36499306.14,2023-10-31,2.5494,3256000000.0,1427318068.0,4.2113,99.2783
4800,SZSE.301112,信邦智能,28.85,28.9,28.94,28.15,28.37,-1.663778162911611,2.738301559792037,1010540,28824589.35,2023-10-31,2.7872,3128263442.0,1028608508.33,2.5652,52.4124
4801,SZSE.301113,雅艺科技,32.21,32.44,32.44,31.41,32.03,-0.5588326606643879,3.197764669357335,1778500,56558573.0,2023-10-31,9.6216,2242100000.0,592059335.75,3.0805,82.1934
4802,SZSE.301115,建科股份,18.42,18.43,18.52,18.31,18.41,-0.054288816503811343,1.140065146579809,800800,14751168.0,2023-10-31,0.8131,3412937850.0,1813256350.92,1.2864,31.3149
4803,SZSE.301116,益客食品,13.17,13.15,13.23,12.98,13.16,-0.07593014426727773,1.8982536066818527,2364688,30949001.86,2023-10-31,2.0298,5908571443.88,1533150751.72,3.075,73.5124
4804,SZSE.301117,佳缘科技,66.48,66.72,69.89,62.6,65.0,-2.226233453670279,10.965703971119131,6272358,414846842.31,2023-10-31,14.4846,5997114500.0,2814740045.0,4.4624,104.5286
4805,SZSE.301118,恒光股份,23.66,23.66,24.08,23.54,23.77,0.46491969568891456,2.282333051563817,942353,22419638.46,2023-10-31,1.7786,2535545900.0,1259387203.01,1.7955,106.2042
4806,SZSE.301119,正强股份,26.24,26.24,26.36,25.23,25.46,-2.9725609756097504,4.306402439024386,2007645,51380312.27,2023-10-31,7.354,2647840000.0,695058000.0,2.8364,26.2977
4807,SZSE.301120,新特电气,11.57,11.41,11.58,11.27,11.38,-1.6421780466724267,2.679343128781335,3764128,42888604.46,2023-10-31,2.5389,4226999205.9,1687208495.76,2.6319,48.8746
4808,SZSE.301121,紫建电子,42.19,41.88,42.7,40.78,41.18,-2.3939322114244987,4.5508414316188714,1459561,60638176.98,2023-10-31,4.9373,2915675117.12,1217356118.22,1.7982,-186.7771
4809,SZSE.301122,采纳股份,42.4,42.5,42.68,40.79,41.65,-1.7688679245283057,4.457547169811322,1180290,49087378.7,2023-10-31,2.6676,5091531655.7,1842831655.7,2.8496,42.2822
4810,SZSE.301123,奕东电子,22.25,22.43,22.8,22.0,22.17,-0.35955056179775013,3.595505617977531,1576799,35135001.14,2023-10-31,2.0634,5178912000.0,1694147442.21,1.7305,89.3135
4811,SZSE.301125,腾亚精工,18.44,18.44,18.44,17.92,18.17,-1.4642082429501047,2.819956616052058,2304200,41713867.6,2023-10-31,5.4566,1841711200.0,767273675.0,3.0489,48.1894
4812,SZSE.301126,达嘉维康,13.25,13.74,14.58,13.37,13.9,4.9056603773584895,9.13207547169812,16782731,236627793.75,2023-10-31,15.4226,2870429230.0,1512587074.6,1.6487,130.1056
4813,SZSE.301127,天源环保,10.11,10.11,10.34,10.11,10.17,0.5934718100890191,2.274975272007917,6650735,67805669.95,2023-10-31,2.6904,4273747236.0,2514046943.52,1.87,16.2148
4814,SZSE.301128,强瑞技术,56.64,56.81,57.05,53.05,54.15,-4.396186440677974,7.062146892655368,4714817,256509156.33,2023-10-31,17.2978,4000960581.3,1475952958.35,4.8798,100.9237
4815,SZSE.301129,瑞纳智能,28.02,28.02,28.05,27.16,27.32,-2.4982155603140543,3.176302640970737,1008900,27785102.6,2023-10-31,2.7868,3658202640.0,989052300.0,2.2662,21.0332
4816,SZSE.301130,西点药业,30.73,31.45,31.58,30.42,31.03,0.9762447120078122,3.7748128864301873,1744500,54405514.38,2023-10-31,3.0063,2507346351.29,1800612998.02,2.5752,50.2501
4817,SZSE.301131,聚赛龙,53.8,52.47,53.68,51.44,51.48,-4.312267657992564,4.163568773234204,5061206,265033553.9,2023-10-31,21.9345,2459714400.0,1187860227.84,3.0655,53.6532
4818,SZSE.301132,满坤科技,29.1,28.83,29.3,28.53,28.75,-1.2027491408934776,2.6460481099656343,1919746,55235585.26,2023-10-31,4.464,4239762500.0,1236408125.0,2.5265,38.8082
4819,SZSE.301133,金钟股份,29.59,29.8,29.9,27.89,28.23,-4.596147347076718,6.792835417370727,5141566,146803595.87,2023-10-31,16.0946,2995107469.68,901832954.61,3.3633,44.3935
4820,SZSE.301135,瑞德智能,24.55,24.53,24.82,23.91,24.04,-2.0773930753564263,3.706720977596742,1144090,27700666.0,2023-10-31,2.3133,2465770780.0,1188946280.0,1.9185,63.6787
4821,SZSE.301136,招标股份,13.38,13.3,13.74,13.3,13.44,0.4484304932735439,3.288490284005975,6381619,86260853.5,2023-10-31,6.1427,3698752780.8,1396279180.8,2.5252,101.471
4822,SZSE.301137,哈焊华通,18.88,18.5,18.88,18.35,18.57,-1.6419491525423657,2.8072033898304958,4187561,77814859.65,2023-10-31,4.1175,3376274838.0,1888602426.0,2.5691,53.212
4823,SZSE.301138,华研精机,28.56,28.52,28.71,28.06,28.18,-1.3305322128851493,2.2759103641456657,749818,21225402.98,2023-10-31,2.4994,3381600000.0,845400000.0,3.2255,43.8045
4824,SZSE.301139,元道通信,34.89,34.4,34.88,33.0,33.26,-4.67182573803383,5.388363427916316,6122781,207281670.81,2023-10-31,9.006,4043777408.0,2261207708.0,2.1311,34.8095
4825,SZSE.301141,中科磁业,50.88,51.2,53.68,50.18,52.72,3.616352201257844,6.878930817610063,6546491,341867369.95,2023-10-31,30.5598,4670713532.96,1129362251.68,3.7125,94.0523
4826,SZSE.301148,嘉戎技术,23.21,23.22,23.49,22.93,23.08,-0.5601034037053143,2.412753123653592,1250317,28980306.32,2023-10-31,3.2485,2688752606.4,888327966.4,1.5393,29.886
4827,SZSE.301149,隆华新材,12.25,12.18,12.34,12.04,12.18,-0.5714285714285783,2.4489795918367405,7313493,89322472.44,2023-10-31,3.9498,5237400219.24,2255266083.42,2.9552,26.0284
4828,SZSE.301150,中一科技,37.26,37.09,37.47,36.46,36.72,-1.449275362318836,2.7106816961889373,487736,17939294.21,2023-10-31,0.7174,4822327072.8,2496611270.16,1.2997,36.4921
4829,SZSE.301151,冠龙节能,25.38,23.41,24.4,22.28,22.28,-12.214342001576039,8.353033884948768,23337905,538999350.27,2023-10-31,42.7689,3735783181.2,1215762318.12,1.8372,46.1449
4830,SZSE.301152,天力锂能,31.48,31.05,31.37,30.58,31.19,-0.921219822109276,2.5095298602287253,2570951,79579570.2,2023-10-31,3.5221,3804628155.33,2276708030.33,1.6232,-27.7144
4831,SZSE.301153,中科江南,59.54,60.6,63.2,59.82,60.88,2.2505878401074986,5.6768558951965105,2432949,149609909.6,2023-10-31,2.1272,11835072000.0,6962934484.8,7.0719,36.9685
4832,SZSE.301155,海力风电,64.61,64.4,66.68,63.49,64.78,0.26311716452562806,4.937316204921846,2059875,133716656.25,2023-10-31,2.3194,14082619944.84,5753065287.96,2.5085,478.2426
4833,SZSE.301156,美农生物,18.44,18.32,18.66,18.32,18.49,0.27114967462038564,1.8438177874186543,1337498,24764305.44,2023-10-31,2.8437,2070880000.0,869659787.89,2.6433,31.5315
4834,SZSE.301157,华塑科技,46.62,46.48,47.0,45.83,46.35,-0.5791505791505669,2.5096525096525135,516204,23947993.85,2023-10-31,3.4414,2781000000.0,695250000.0,2.6695,63.2477
4835,SZSE.301158,德石股份,17.57,17.57,17.64,17.2,17.33,-1.3659647125782715,2.5042686397268143,3820901,66253220.02,2023-10-31,4.919,2605920938.3,1346140815.64,2.028,31.4901
4836,SZSE.301159,三维天地,44.92,44.88,45.25,43.36,43.78,-2.5378450578806833,4.207479964381123,1873210,82367637.2,2023-10-31,5.726,3386383000.0,1432227676.0,4.3102,-89.1008
4837,SZSE.301160,翔楼新材,39.11,38.96,39.2,38.21,38.64,-1.2017386857581136,2.531321912554339,2273663,88001546.81,2023-10-31,5.4876,2885120012.88,1600958252.88,2.1154,16.0666
4838,SZSE.301161,唯万密封,20.58,20.58,20.9,20.37,20.84,1.263362487852282,2.5753158406219514,1111389,23037708.68,2023-10-31,2.0841,2500800000.0,1111355520.0,2.6988,73.1882
4839,SZSE.301162,国能日新,61.85,61.85,61.87,59.32,59.94,-3.0881164106709824,4.122877930476956,877890,52818826.42,2023-10-31,1.4496,5949025939.08,3629961305.1,5.7543,72.215
4840,SZSE.301163,宏德股份,27.55,27.55,27.58,27.02,27.2,-1.2704174228675202,2.032667876588017,566399,15427793.79,2023-10-31,2.1121,2219520000.0,729413777.6,2.017,43.8607
4841,SZSE.301165,锐捷网络,37.5,37.45,37.45,36.0,36.38,-2.9866666666666597,3.8666666666666747,3682200,134655066.0,2023-10-31,5.9929,20670454538.84,2235275166.84,4.976,65.8563
4842,SZSE.301166,优宁维,41.54,41.5,42.91,41.24,42.53,2.383245064997608,4.020221473278754,1763284,74812735.76,2023-10-31,4.2727,3685933390.04,1755164956.04,1.7361,54.3927
4843,SZSE.301167,建研设计,16.59,16.55,16.76,16.54,16.63,0.24110910186858625,1.32610006027729,1207466,20134763.99,2023-10-31,1.8131,1862560000.0,1107482666.1,2.0242,29.1995
4844,SZSE.301168,通灵股份,40.12,39.98,40.11,37.93,38.44,-4.187437686939177,5.4336989032901295,2533253,98100250.26,2023-10-31,5.1019,4612800000.0,1908661320.0,2.2072,27.6942
4845,SZSE.301169,零点有数,50.32,50.13,50.9,48.22,48.73,-3.159777424483312,5.325914149443561,2625800,129254828.0,2023-10-31,9.3371,3520244187.02,1370391297.44,5.5982,-175.6402
4846,SZSE.301170,锡南科技,34.55,34.5,34.8,33.92,34.2,-1.0130246020260358,2.5470332850940536,1093364,37398065.03,2023-10-31,4.6115,3420000000.0,810863326.8,2.1327,33.3572
4847,SZSE.301171,易点天下,17.9,17.79,18.14,17.4,17.69,-1.1731843575418899,4.134078212290515,21983482,390653387.71,2023-10-31,7.1196,8347661659.45,5462230192.25,2.477,43.3577
4848,SZSE.301172,君逸数码,49.36,49.5,51.96,48.22,50.59,2.4918962722852545,7.576985413290117,12145989,612665266.11,2023-10-31,43.9035,6232688000.0,1399580899.71,4.3642,83.9601
4849,SZSE.301175,中科环保,5.32,5.32,5.34,5.27,5.29,-0.5639097744360999,1.3157894736842157,5943000,31497189.0,2023-10-31,0.9557,7786245200.0,3289745200.0,2.33,31.8704
4850,SZSE.301176,逸豪新材,17.11,17.2,17.3,17.02,17.19,0.46756282875513033,1.6364699006429055,839142,14391896.16,2023-10-31,1.489,2906256005.73,968752007.64,1.7789,-180.6673
4851,SZSE.301177,迪阿股份,31.56,31.56,31.66,31.21,31.4,-0.5069708491761693,1.4258555133079827,691640,21705801.3,2023-10-31,1.7287,12560314000.0,1256314000.0,1.9388,406.9189
4852,SZSE.301178,天亿马,33.16,33.08,33.38,31.88,32.24,-2.77442702050662,4.5235223160434375,1391800,45126909.0,2023-10-31,3.1923,2126447232.0,1405627117.44,2.6048,73.4917
4853,SZSE.301179,泽宇智能,26.02,26.31,26.55,25.76,25.94,-0.3074558032282848,3.0361260568793202,1239420,32263173.2,2023-10-31,2.0326,6204291016.32,1581783016.32,2.6999,25.2597
4854,SZSE.301180,万祥科技,17.51,17.6,17.69,17.25,17.35,-0.913763563677894,2.5128498001142274,1959634,34175116.56,2023-10-31,3.3865,6940173500.0,1003975134.7,5.2146,144.064
4855,SZSE.301181,标榜股份,29.46,29.38,29.5,28.02,28.29,-3.9714867617107963,5.023761031907672,2437830,69662696.1,2023-10-31,6.2508,3309930000.0,1103310000.0,2.4154,22.8642
4856,SZSE.301182,凯旺科技,24.33,24.22,24.35,23.62,23.85,-1.9728729963008451,3.0004110152075647,1312465,31358478.65,2023-10-31,3.6486,2285347545.0,857925045.0,2.4494,-70.3232
4857,SZSE.301183,东田微,45.3,45.31,45.5,43.45,44.44,-1.8984547461368684,4.525386313465778,3408861,151009083.54,2023-10-31,7.3964,3555200000.0,2048150720.0,4.353,-168.7957
4858,SZSE.301185,鸥玛软件,21.19,21.31,21.32,20.33,20.49,-3.303445021236451,4.672015101462963,6335400,131501003.0,2023-10-31,7.3574,3143526624.0,1764383101.77,3.1295,50.4879
4859,SZSE.301186,超达装备,40.69,40.99,40.99,39.3,39.68,-2.4821823543868193,4.153354632587872,1406934,56035168.2,2023-10-31,6.5134,2887070056.96,857117125.12,2.4076,27.5218
4860,SZSE.301187,欧圣电气,18.43,18.42,18.52,18.22,18.32,-0.5968529571351078,1.627780792186656,2517255,46178384.4,2023-10-31,5.2581,3345372349.52,877055747.04,2.338,22.0727
4861,SZSE.301188,力诺特玻,12.62,12.75,12.76,12.49,12.54,-0.6339144215530945,2.139461172741677,2200400,27635514.0,2023-10-31,1.4595,2914421400.0,1890548043.78,2.0261,34.829
4862,SZSE.301189,奥尼电子,29.39,29.36,29.79,29.24,29.47,0.2722014290575059,1.8713848247703324,914830,26991998.1,2023-10-31,2.2217,3385998823.55,1213470423.55,1.4832,350.0417
4863,SZSE.301190,善水科技,20.4,20.41,20.58,20.18,20.36,-0.19607843137254832,1.9607843137254832,1849700,37641861.0,2023-10-31,2.6035,4369999140.0,1446514884.0,2.1644,348.9041
4864,SZSE.301191,菲菱科思,107.08,105.36,106.5,101.21,102.18,-4.576017930519227,4.9402316025401625,2607863,268608945.79,2023-10-31,11.9645,7085365560.0,2227181186.1,4.2995,44.3577
4865,SZSE.301192,泰祥股份,22.82,22.85,23.13,22.41,22.56,-1.1393514460999232,3.1551270815074446,1059500,24041549.0,2023-10-31,1.0606,2253744000.0,2253744000.0,3.9003,62.4949
4866,SZSE.301193,家联科技,17.59,17.54,17.67,17.41,17.52,-0.3979533826037551,1.4781125639568027,568020,9938365.0,2023-10-31,0.6143,3363840000.0,1619899200.0,2.18,34.4328
4867,SZSE.301195,北路智控,43.12,43.17,43.47,41.0,41.8,-3.0612244897959218,5.728200371057512,1195170,50300924.5,2023-10-31,2.5899,5497608732.0,1928975532.0,2.4664,24.725
4868,SZSE.301196,唯科科技,34.3,34.45,34.46,34.05,34.2,-0.2915451895043608,1.1953352769679408,558245,19101927.5,2023-10-31,1.471,4268160000.0,1297890000.0,1.4148,27.2487
4869,SZSE.301197,工大科雅,19.7,19.68,19.85,19.53,19.77,0.35532994923856975,1.624365482233504,1556132,30701833.44,2023-10-31,2.3188,2383075800.0,1326725160.0,1.8254,55.3285
4870,SZSE.301198,喜悦智行,13.04,13.06,13.08,12.85,12.95,-0.6901840490797562,1.7638036809815985,1558739,20202479.54,2023-10-31,2.0025,2188550000.0,1008046130.0,2.2884,43.8451
4871,SZSE.301199,迈赫股份,24.88,24.88,25.13,24.4,24.56,-1.2861736334405127,2.9340836012861757,1264200,31206236.0,2023-10-31,2.7281,3274830400.0,1138110400.0,1.8575,93.7584
4872,SZSE.301200,大族数控,38.69,38.42,38.97,38.28,38.5,-0.4910829671749717,1.7834065650038713,824681,31788167.23,2023-10-31,1.9635,16170000000.0,1617000000.0,3.2046,83.3876
4873,SZSE.301201,诚达药业,28.54,28.23,29.63,28.23,28.63,0.31534688156973356,4.905395935529077,12072200,348657399.18,2023-10-31,14.3727,4429456781.12,2404743181.12,1.9712,58.5742
4874,SZSE.301202,朗威股份,33.58,33.41,33.83,32.59,32.82,-2.2632519356759917,3.6926742108397708,2161739,71381690.82,2023-10-31,6.6906,4476648000.0,1060418794.8,3.6706,64.5486
4875,SZSE.301203,国泰环保,42.46,42.43,42.78,41.45,41.89,-1.3424399434762146,3.132359868111159,1279342,53688061.86,2023-10-31,6.4469,3351200000.0,831277727.0,2.3777,22.0424
4876,SZSE.301205,联特科技,70.21,71.48,71.5,67.9,68.7,-2.150690784788478,5.127474718701032,3322263,229475478.48,2023-10-31,4.8887,8913412800.0,4668733836.0,6.2924,194.5913
4877,SZSE.301206,三元生物,28.95,28.95,29.15,28.73,28.95,0.0,1.4507772020725325,485996,14041493.98,2023-10-31,0.4698,5857329015.0,2994568458.75,1.2956,53.871
4878,SZSE.301207,华兰疫苗,29.42,29.35,30.0,29.17,29.79,1.2576478585995865,2.821210061182863,5535300,164306681.5,2023-10-31,3.9254,17874446850.0,4200806702.52,2.9653,27.7277
4879,SZSE.301208,中亦科技,40.38,40.0,40.33,38.2,38.35,-5.027241208519073,5.27488855869241,3699368,144019582.52,2023-10-31,10.4373,3835001917.5,1359269730.0,2.7117,25.8009
4880,SZSE.301209,联合化学,24.82,24.85,25.3,24.47,25.16,1.3698630136986356,3.3440773569701925,1080790,26974642.21,2023-10-31,4.4114,2012800000.0,616420000.0,2.9717,55.2732
4881,SZSE.301210,金杨股份,48.46,48.06,48.26,46.2,46.38,-4.292199752373083,4.2509286009079545,2029305,95687603.58,2023-10-31,12.3466,3824325791.28,762309657.36,2.1163,47.6526
4882,SZSE.301211,亨迪药业,22.88,22.87,23.47,22.68,23.08,0.8741258741258751,3.452797202797199,6365801,147190496.37,2023-10-31,8.983,6647040000.0,1635559653.24,2.8568,34.6764
4883,SZSE.301212,联盛化学,28.48,28.47,28.64,28.0,28.37,-0.38623595505618,2.247191011235957,514578,14571446.74,2023-10-31,1.9058,3063960000.0,765990000.0,2.2851,28.4467
4884,SZSE.301213,观想科技,42.25,42.5,43.1,41.61,41.94,-0.7337278106508971,3.5266272189349164,930100,39331235.0,2023-10-31,3.2344,3355199958.06,1206043374.06,4.1482,290.3904
4885,SZSE.301215,中汽股份,5.87,5.85,5.91,5.81,5.84,-0.5110732538330498,1.7035775127768402,5516241,32249477.26,2023-10-31,0.7188,7722816000.0,4481616000.0,2.7799,47.9296
4886,SZSE.301216,万凯新材,14.01,14.02,14.08,13.94,14.02,0.07137758743753775,0.9992862241256286,1986200,27812504.5,2023-10-31,0.6956,7221605262.0,4003279169.94,1.2473,13.0467
4887,SZSE.301217,铜冠铜箔,11.97,11.97,12.12,11.9,11.97,0.0,1.837928153717618,1931130,23141030.2,2023-10-31,0.8432,9923316061.68,2741316061.68,1.7816,230.1245
4888,SZSE.301218,华是科技,35.0,35.1,35.5,34.06,34.4,-1.7142857142857237,4.114285714285708,3241799,111992580.91,2023-10-31,5.7847,3922976000.0,1927792099.2,4.3274,109.8999
4889,SZSE.301219,腾远钴业,39.72,39.35,39.99,39.35,39.8,0.20140986908359082,1.6112789526686822,2224696,88375188.13,2023-10-31,1.2917,11729743843.6,6854497210.4,1.3796,125.6343
4890,SZSE.301220,亚香股份,33.39,33.57,33.67,33.22,33.29,-0.2994908655286066,1.3477088948787148,624509,20885859.79,2023-10-31,1.4816,2689832000.0,1403251098.99,1.7279,26.4796
4891,SZSE.301221,光庭信息,62.83,61.63,63.61,60.15,60.77,-3.2786885245901565,5.506923444214549,5500078,339695708.17,2023-10-31,12.6419,5628657171.0,2643908236.0,2.7549,151.5118
4892,SZSE.301222,浙江恒威,29.18,29.15,29.48,28.9,29.31,0.44551062371487316,1.987662782727902,888100,25977869.0,2023-10-31,3.0432,2970081954.0,855365454.0,2.2881,23.8299
4893,SZSE.301223,中荣股份,18.34,18.45,18.45,18.29,18.35,0.05452562704471031,0.872410032715377,474391,8705185.45,2023-10-31,0.4235,3543890726.0,2055476351.0,1.2625,16.4571
4894,SZSE.301225,恒勃股份,39.24,39.29,39.29,37.12,37.9,-3.4148827726809494,5.530071355759433,4901224,185732764.18,2023-10-31,20.7334,3918102000.0,895927764.5,2.8081,37.4397
4895,SZSE.301226,祥明智能,22.63,22.64,22.74,22.07,22.2,-1.900132567388424,2.960671674767999,722380,16088058.97,2023-10-31,1.4718,2415360000.0,1089572980.8,2.672,44.3114
4896,SZSE.301227,森鹰窗业,30.89,30.67,31.11,29.69,29.85,-3.366785367432823,4.596956943994814,1165300,35245884.0,2023-10-31,3.4656,2829780000.0,1003691325.0,1.5603,19.9557
4897,SZSE.301228,实朴检测,17.49,17.54,17.54,17.06,17.25,-1.3722126929674006,2.7444253859348224,1824400,31564895.0,2023-10-31,3.3253,2070000000.0,946420905.0,2.4456,-36.6915
4898,SZSE.301229,纽泰格,35.4,35.07,35.58,33.99,34.25,-3.248587570621464,4.491525423728803,2064669,71360642.45,2023-10-31,6.1824,2740000000.0,1143804129.25,3.3156,38.4771
4899,SZSE.301230,泓博医药,39.65,39.37,42.1,38.89,40.21,1.4123581336696223,8.095838587641868,2365747,96295104.52,2023-10-31,9.7536,4327507399.86,975293550.0,3.8438,57.7489
4900,SZSE.301231,荣信文化,25.96,25.99,26.59,25.68,26.03,0.2696456086286547,3.505392912172574,1492499,38961176.36,2023-10-31,2.769,2196932000.0,1403017000.0,2.3838,152.1405
4901,SZSE.301232,飞沃科技,50.43,50.43,50.71,49.41,49.71,-1.4277215942891108,2.5778306563553524,382456,19063585.89,2023-10-31,2.9943,2668800206.61,634945730.58,1.7331,30.7686
4902,SZSE.301233,盛帮股份,42.36,42.36,42.78,42.03,42.44,0.18885741265344258,1.7705382436260624,879400,37312121.0,2023-10-31,4.7636,2184386800.0,783476352.0,2.516,37.6215
4903,SZSE.301234,五洲医疗,34.99,34.99,35.56,34.85,35.2,0.6001714775650147,2.02915118605316,1287800,45422184.0,2023-10-31,6.9883,2393600000.0,648665600.0,3.2196,31.4964
4904,SZSE.301235,华康医疗,25.02,25.0,25.86,24.92,25.42,1.5987210231814597,3.7569944044764094,3749272,95204534.69,2023-10-31,7.5078,2684352000.0,1273178494.0,1.5474,25.2651
4905,SZSE.301236,软通动力,34.8,34.69,36.58,33.51,35.73,2.6724137931034564,8.821839080459771,93040929,3267308262.8,2023-10-31,13.6761,34048588254.21,24307668848.97,3.2919,52.1161
4906,SZSE.301237,和顺科技,31.28,31.3,31.41,31.0,31.26,-0.06393861892582953,1.31074168797954,597500,18634719.64,2023-10-31,1.5311,2500800000.0,1219921500.0,1.7368,93.5791
4907,SZSE.301238,瑞泰新材,17.75,17.69,17.86,17.56,17.72,-0.16901408450704647,1.6901408450704265,2171592,38352737.12,2023-10-31,1.0179,12994666076.0,3780266076.0,1.8319,24.789
4908,SZSE.301239,普瑞眼科,103.99,103.0,103.0,98.46,99.4,-4.41388595057216,4.365804404269648,1985120,198112703.61,2023-10-31,2.8043,14872133371.2,7036472622.2,6.2757,60.9997
4909,SZSE.301246,宏源药业,27.84,27.94,28.3,27.62,27.96,0.4310344827586299,2.442528735632183,1273453,35708957.53,2023-10-31,2.6947,11184190128.0,1321311312.0,2.5594,70.5162
4910,SZSE.301248,杰创智能,17.85,17.9,18.13,17.56,17.68,-0.9523809523809601,3.193277310924371,2097043,37325924.5,2023-10-31,2.0611,2717504400.0,1798858230.0,1.7069,284.2452
4911,SZSE.301251,威尔高,40.6,40.5,40.72,39.18,39.28,-3.251231527093601,3.79310344827586,4628337,183909371.39,2023-10-31,14.5,5287942732.8,1253804205.52,3.7287,52.2647
4912,SZSE.301252,同星科技,46.54,46.1,46.64,45.64,46.02,-1.1173184357541777,2.1486892995272884,1179584,54394974.94,2023-10-31,5.8979,3681600000.0,920400000.0,3.2692,31.5674
4913,SZSE.301255,通力科技,41.93,41.36,41.8,39.83,40.36,-3.7443357977581693,4.698306701645597,3058080,123765932.8,2023-10-31,11.2429,4391168000.0,1097792000.0,4.2883,50.6348
4914,SZSE.301256,华融化学,8.37,8.37,8.44,8.34,8.38,0.11947431302272715,1.194743130226997,2952312,24769190.92,2023-10-31,2.1676,4022400000.0,1141356000.0,2.3429,26.6788
4915,SZSE.301257,普蕊斯,70.9,71.77,72.0,69.0,70.09,-1.142454160789852,4.231311706629055,2006032,141527266.04,2023-10-31,5.6036,4286704400.0,2509147704.6,4.1168,31.7285
4916,SZSE.301258,富士莱,34.4,34.26,35.1,34.18,34.67,0.7848837209302406,2.674418604651168,1665865,57839329.05,2023-10-31,5.0233,3178198900.0,1149743875.0,1.6377,20.2021
4917,SZSE.301259,艾布鲁,14.37,14.28,14.4,14.11,14.26,-0.7654836464857318,2.018093249826033,928700,13220114.9,2023-10-31,1.2476,2224560000.0,1061532225.0,2.4892,85.0081
4918,SZSE.301260,格力博,16.39,16.31,16.42,16.11,16.26,-0.7931665649786424,1.8913971934106302,2424764,39362706.19,2023-10-31,1.995,7904993599.68,1976240400.0,1.6507,-71.3001
4919,SZSE.301261,恒工精密,44.32,43.9,44.94,43.51,43.98,-0.7671480144404441,3.22653429602888,2254556,99377805.94,2023-10-31,11.3914,3865410820.08,870443276.04,2.6875,34.943
4920,SZSE.301262,海看股份,25.11,25.31,26.99,25.31,25.72,2.4293110314615562,6.690561529271205,5124857,133194696.01,2023-10-31,13.0889,10725240000.0,1007045586.76,2.931,27.2049
4921,SZSE.301263,泰恩康,18.94,18.77,18.98,18.08,18.22,-3.801478352692722,4.751847940865903,8766715,162465026.29,2023-10-31,3.2666,7752564450.0,4882595654.66,4.2358,40.9588
4922,SZSE.301265,华新环保,11.35,11.35,11.38,11.16,11.25,-0.8810572687224627,1.938325991189433,1250906,14075462.84,2023-10-31,1.6514,3408448297.5,852187500.0,1.6684,35.3458
4923,SZSE.301266,宇邦新材,47.06,47.0,47.38,45.19,45.48,-3.3574160645983953,4.653633659158531,1406325,64766680.5,2023-10-31,3.7502,4729920000.0,1705500000.0,3.1905,33.1876
4924,SZSE.301267,华厦眼科,41.14,41.13,41.13,39.64,40.81,-0.8021390374331472,3.6217792902284924,2372127,95433390.71,2023-10-31,2.6357,34280400000.0,3672838785.0,6.1988,51.0474
4925,SZSE.301268,铭利达,30.78,30.5,30.99,29.45,29.69,-3.5412605588044155,5.0032488628979825,3601013,108143659.23,2023-10-31,1.7134,11876296900.0,6239726406.4,5.0078,25.0357
4926,SZSE.301269,华大九天,102.86,103.2,104.55,102.53,103.2,0.3305463737118375,1.9638343379350536,1799478,186034334.14,2023-10-31,0.6728,56031590457.6,27600576427.2,11.7984,229.5735
4927,SZSE.301270,汉仪股份,41.49,41.3,41.97,40.4,41.62,0.3133285128946728,3.7840443480356716,7171897,295514544.43,2023-10-31,9.6837,4162000000.0,3082444832.5,3.8527,84.4006
4928,SZSE.301272,英华特,55.4,55.6,55.6,53.81,54.41,-1.7870036101083064,3.231046931407941,824547,44927742.77,2023-10-31,5.9426,3183839237.0,754946367.4,3.264,36.1818
4929,SZSE.301273,瑞晨环保,27.04,27.0,27.0,26.37,26.78,-0.9615384615384581,2.32988165680473,581188,15529177.44,2023-10-31,1.6783,1918567189.76,927372439.76,1.928,92.5167
4930,SZSE.301276,嘉曼服饰,26.25,26.0,26.2,25.55,25.8,-1.7142857142857126,2.476190476190471,2136437,55023789.1,2023-10-31,5.5146,2786400000.0,999536634.0,1.4251,14.7263
4931,SZSE.301277,新天地,23.1,23.21,23.66,22.77,23.1,0.0,3.852813852813855,8932739,207111228.39,2023-10-31,17.8512,4620924000.0,1155924000.0,3.2434,25.7155
4932,SZSE.301278,快可电子,50.89,50.87,50.92,49.73,50.25,-1.2576144625663255,2.33837689133426,1098725,55041231.46,2023-10-31,3.2576,4186970700.0,1694857125.0,3.6636,23.5635
4933,SZSE.301279,金道科技,24.46,24.88,24.88,23.85,24.15,-1.2673753066230642,4.2109566639411184,694986,16756418.16,2023-10-31,2.4173,2415000000.0,694312500.0,1.8458,31.2284
4934,SZSE.301280,珠城科技,36.93,36.9,38.19,36.62,37.4,1.2726780395342585,4.251286217167615,2541156,95491664.32,2023-10-31,10.8255,3653983740.0,877919895.6,2.1542,26.8955
4935,SZSE.301281,科源制药,38.48,38.62,39.35,37.31,37.93,-1.4293139293139245,5.3014553014553,6308764,240896680.77,2023-10-31,23.2882,4107439700.0,1027523700.0,3.1091,46.1679
4936,SZSE.301282,金禄电子,27.11,27.07,27.37,26.28,26.49,-2.2869789745481373,4.0206565842862405,2571814,68626421.92,2023-10-31,3.565,4003697752.32,1910987752.32,2.4306,54.574
4937,SZSE.301283,聚胶股份,33.9,34.16,34.58,33.52,33.95,0.1474926253687503,3.126843657817095,1494411,50874358.3,2023-10-31,3.3667,2716000000.0,1506969714.25,1.8621,28.6256
4938,SZSE.301285,鸿日达,16.3,17.16,17.51,15.75,15.89,-2.51533742331288,10.797546012269947,18178822,296076982.34,2023-10-31,25.175,3283986300.0,1147413849.12,3.0921,104.392
4939,SZSE.301286,侨源股份,26.47,26.6,26.78,26.08,26.39,-0.3022289384208454,2.6445032111824816,611685,16134367.66,2023-10-31,1.5398,10558639000.0,1048342750.0,6.3,63.3364
4940,SZSE.301287,康力源,37.64,37.47,38.15,37.15,38.02,1.0095642933050097,2.6567481402763016,1155320,43428016.43,2023-10-31,6.9305,2534793400.0,633793400.0,2.3644,25.5241
4941,SZSE.301288,清研环境,20.3,20.31,20.31,20.04,20.2,-0.49261083743843415,1.3300492610837418,883700,17825646.0,2023-10-31,1.8765,2181802000.0,951277064.8,2.6066,125.3001
4942,SZSE.301289,国缆检测,49.46,48.18,48.9,46.54,46.89,-5.196118075212297,4.771532551556812,3287808,155258637.6,2023-10-31,12.9697,3657420000.0,1188656857.89,3.9764,48.3515
4943,SZSE.301290,东星医疗,30.75,30.97,31.15,30.66,30.91,0.5203252032520256,1.5934959349593447,498899,15418030.17,2023-10-31,2.0864,3096357753.94,739131974.9,1.3994,31.9396
4944,SZSE.301291,明阳电气,29.98,29.8,30.38,29.49,29.89,-0.30020013342227925,2.9686457638425634,3090828,92586322.3,2023-10-31,4.3335,9331658000.0,2131893639.05,2.2985,22.4765
4945,SZSE.301292,海科新源,20.75,20.58,20.88,20.31,20.62,-0.6265060240963849,2.74698795180723,1518107,31205871.27,2023-10-31,3.5398,4597500730.36,884324393.22,1.4499,230.3629
4946,SZSE.301293,三博脑科,62.9,63.3,64.96,62.62,63.62,1.14467408585055,3.7201907790143025,2797656,178735108.91,2023-10-31,7.8535,10080686274.98,2266350656.04,4.3369,127.7798
4947,SZSE.301295,美硕科技,34.13,34.36,34.36,33.45,33.86,-0.7910928801640904,2.666276003515958,752771,25467153.92,2023-10-31,4.4098,2437920000.0,578009567.92,2.5371,45.0904
4948,SZSE.301296,新巨丰,12.02,12.07,12.1,11.86,11.9,-0.9983361064891727,1.9966722129783712,1738670,20811677.8,2023-10-31,0.64,4998000000.0,3232985490.7,2.0017,31.4005
4949,SZSE.301297,富乐德,25.88,25.52,27.84,25.38,27.13,4.829984544049459,9.505409582689339,24400125,643328653.69,2023-10-31,32.4341,9180520700.0,2040984338.35,6.5492,103.3915
4950,SZSE.301298,东利机械,17.83,17.71,17.73,17.06,17.24,-3.3090297251822776,3.757711721817172,6454506,111759898.64,2023-10-31,7.8854,2530832000.0,1411155529.56,2.8873,41.3365
4951,SZSE.301299,卓创资讯,60.38,60.5,61.61,59.17,59.72,-1.0930771778734694,4.041073203047363,916500,55103034.0,2023-10-31,2.605,3583200000.0,2101095018.2,5.4181,82.4917
4952,SZSE.301300,远翔新材,31.14,31.15,31.39,30.96,31.18,0.12845215157353262,1.3808606294155419,345100,10748556.0,2023-10-31,1.183,2000197000.0,909572577.06,2.3979,53.487
4953,SZSE.301301,川宁生物,9.14,9.12,9.35,9.11,9.21,0.7658643326039494,2.6258205689277925,14066337,130001062.97,2023-10-31,6.3134,20471988000.0,2051988000.0,3.0775,28.458
4954,SZSE.301302,华如科技,28.72,28.6,28.9,27.93,28.24,-1.671309192200554,3.3774373259052886,2331726,66207895.25,2023-10-31,2.6931,4467709200.0,2445019200.0,1.9009,43.2588
4955,SZSE.301303,真兰仪表,20.54,20.49,20.7,20.31,20.36,-0.8763388510223957,1.8987341772151927,1133754,23132000.16,2023-10-31,1.5531,5945120000.0,1486280000.0,2.0104,21.9088
4956,SZSE.301305,朗坤环境,19.03,19.0,19.14,18.78,18.92,-0.578034682080919,1.8917498686284784,1012185,19217302.19,2023-10-31,1.7981,4608357644.0,1065067041.28,1.367,27.209
4957,SZSE.301306,西测测试,32.69,32.79,33.29,32.45,32.64,-0.15295197308043962,2.5695931477515948,749898,24646626.18,2023-10-31,1.9091,2754816000.0,1282099200.0,2.282,1154.5143
4958,SZSE.301307,美利信,34.73,34.45,34.62,33.17,33.41,-3.800748632306361,4.175064785488039,4498631,151861768.19,2023-10-31,8.9298,7036146000.0,1683117754.24,2.1534,29.3395
4959,SZSE.301308,江波龙,100.42,103.56,108.2,98.23,100.4,-0.019916351324433812,9.928301135232024,4529036,458897596.92,2023-10-31,4.0128,41451571101.6,11331571101.6,7.0014,-40.6648
4960,SZSE.301309,万得凯,27.04,26.9,27.37,26.9,27.35,1.1464497041420163,1.7381656804733816,418938,11414728.6,2023-10-31,1.6758,2735000000.0,683750000.0,1.9428,29.3663
4961,SZSE.301310,鑫宏业,50.8,50.0,50.74,48.97,49.33,-2.8937007874015763,3.4842519685039433,1130961,56156194.46,2023-10-31,5.1182,4789873938.0,1090048167.12,2.1288,28.8463
4962,SZSE.301311,昆船智能,21.1,21.2,21.3,20.61,20.76,-1.6113744075829328,3.2701421800947927,2556390,53207177.3,2023-10-31,4.2607,4982400000.0,1245600000.0,2.7427,54.3259
4963,SZSE.301312,智立方,75.09,75.0,75.4,72.59,73.57,-2.0242375815687996,3.742176055400189,583600,43057906.5,2023-10-31,3.4704,4603763625.51,1237175558.85,4.0393,59.7163
4964,SZSE.301313,凡拓数创,28.16,28.0,28.88,27.83,28.23,0.24857954545454142,3.7286931818181843,4975834,141068228.58,2023-10-31,7.6795,2888871882.0,1829133660.18,2.8653,-98.7819
4965,SZSE.301314,科瑞思,44.43,44.39,44.86,43.61,43.91,-1.170380373621438,2.8134143596668917,479740,21127578.6,2023-10-31,3.4732,2426027500.0,606506875.0,2.3566,53.1855
4966,SZSE.301315,威士顿,57.63,57.3,58.1,55.87,56.78,-1.4749262536873142,3.8695124067326114,1843113,104708453.06,2023-10-31,8.834,4996640000.0,1184652412.34,5.1102,89.1864
4967,SZSE.301316,慧博云通,25.52,25.44,25.95,25.16,25.47,-0.19592476489028732,3.0956112852664543,5771689,147289955.51,2023-10-31,3.7739,10188254700.0,3895356406.41,10.3616,127.933
4968,SZSE.301317,鑫磊股份,20.95,20.95,21.13,20.77,20.94,-0.04773269689736237,1.7183770883054867,1085451,22673578.92,2023-10-31,2.762,3291558600.0,822942000.0,3.0144,59.8985
4969,SZSE.301318,维海德,30.8,30.61,31.32,30.1,30.62,-0.5844155844155874,3.9610389610389576,865039,26533421.39,2023-10-31,2.897,3188093160.0,914301013.24,1.8206,32.7307
4970,SZSE.301319,唯特偶,54.45,54.57,55.92,54.28,54.8,0.642791551882449,3.0119375573921037,593612,32551255.5,2023-10-31,2.2709,3213472000.0,1432472000.0,2.8957,33.2108
4971,SZSE.301320,豪江智能,19.19,19.1,19.21,18.75,19.02,-0.8858780614903639,2.397081813444507,2147814,40719937.47,2023-10-31,4.999,3446424000.0,817188727.14,3.3508,48.9976
4972,SZSE.301321,翰博高新,15.65,15.55,16.02,15.42,15.64,-0.06389776357826893,3.8338658146964835,8347820,131277742.74,2023-10-31,8.9463,2915843400.0,1459368227.96,2.1278,-335.558
4973,SZSE.301322,绿通科技,43.6,43.58,43.9,42.94,43.28,-0.7339449541284404,2.201834862385323,839270,36325652.64,2023-10-31,3.199,4540102209.44,1135450800.0,1.5938,17.9113
4974,SZSE.301323,新莱福,40.17,40.0,40.5,39.91,40.05,-0.29873039581778116,1.4687577794373996,944910,37986015.35,2023-10-31,4.0406,4202161744.5,936579062.25,2.1401,31.9047
4975,SZSE.301325,曼恩斯特,74.0,73.86,74.48,71.63,72.32,-2.2702702702702804,3.851351351351363,1386422,101070896.52,2023-10-31,5.4822,8678400000.0,1828921886.72,2.9886,27.2916
4976,SZSE.301326,捷邦科技,36.06,36.11,36.46,35.51,36.08,0.05546311702717688,2.634498058790912,624155,22561490.48,2023-10-31,2.8124,2604717234.24,800717234.24,1.9138,-256.1031
4977,SZSE.301327,华宝新能,62.41,63.0,63.0,61.63,62.32,-0.14420765902899424,2.1951610318859114,562879,35098254.99,2023-10-31,1.6252,7777536000.0,2158401225.12,1.2628,-258.0882
4978,SZSE.301328,维峰电子,47.14,47.47,47.47,45.68,46.17,-2.057700466694945,3.7971998302927434,533183,24706416.73,2023-10-31,1.9404,5073787234.98,1268651180.25,2.6745,38.5324
4979,SZSE.301329,信音电子,21.82,21.8,22.37,21.36,21.75,-0.32080659945005197,4.628780934922097,2814580,61405884.19,2023-10-31,6.9014,3701850000.0,887027487.75,2.406,49.9611
4980,SZSE.301330,熵基科技,31.48,31.2,31.65,30.72,30.93,-1.7471410419313882,2.954256670902159,1904622,59229811.78,2023-10-31,2.9423,5970716869.38,2002176039.42,1.8734,30.3674
4981,SZSE.301331,恩威医药,42.85,42.79,43.75,42.6,43.12,0.6301050175029133,2.683780630105014,1699219,73620526.54,2023-10-31,7.3934,3024366040.08,991019586.48,2.7156,33.1314
4982,SZSE.301332,德尔玛,12.66,12.59,12.65,12.41,12.5,-1.2638230647709303,1.8957345971563997,2343952,29314899.72,2023-10-31,2.7492,5769531250.0,1065730537.5,2.0756,30.0258
4983,SZSE.301333,诺思格,73.87,74.88,76.5,71.0,75.33,1.9764451062677546,7.445512386625151,1691370,125013550.79,2023-10-31,2.9814,7231680000.0,4273561296.0,4.2565,46.4747
4984,SZSE.301335,天元宠物,22.14,22.03,22.29,22.0,22.28,0.6323396567299078,1.3098464317976475,494580,10967693.7,2023-10-31,1.5701,2807280000.0,701820000.0,1.467,32.6818
4985,SZSE.301336,趣睡科技,44.14,44.33,44.33,43.81,44.18,0.09062075215224841,1.1780697779791482,376400,16584903.0,2023-10-31,1.4619,1767200000.0,1137485848.32,2.2296,68.981
4986,SZSE.301337,亚华电子,30.74,30.6,30.85,30.0,30.37,-1.2036434612882174,2.7651268705270056,947453,28765790.95,2023-10-31,3.835,3164554000.0,750306369.07,2.8084,55.9797
4987,SZSE.301338,凯格精机,43.49,43.07,45.6,42.33,42.69,-1.8395033340998013,7.5189698781329115,7125259,313013865.37,2023-10-31,20.7733,4542216000.0,1464267000.0,3.2411,64.8851
4988,SZSE.301339,通行宝,22.53,22.43,22.43,21.7,21.81,-3.1957390146471476,3.2401242787394606,3220543,70895747.69,2023-10-31,2.6828,8876670000.0,2618148255.18,3.4872,44.5173
4989,SZSE.301345,涛涛车业,49.45,49.02,49.73,48.25,48.36,-2.204246713852387,2.9929221435793667,579921,28320821.39,2023-10-31,2.2925,5287372896.0,1223322297.6,1.8461,19.2674
4990,SZSE.301348,蓝箭电子,51.55,50.53,52.0,48.88,49.1,-4.752667313288061,6.052376333656639,11122818,554741310.41,2023-10-31,23.4552,9820000000.0,2328402180.3,6.303,151.5887
4991,SZSE.301349,信德新材,45.75,45.89,46.13,44.35,45.13,-1.3551912568305902,3.8907103825136637,2376963,107672220.51,2023-10-31,5.6407,4603260000.0,1901744487.89,1.6517,57.5451
4992,SZSE.301353,普莱得,33.43,33.88,33.88,32.68,33.38,-0.14956625785221833,3.589590188453493,957500,31602378.0,2023-10-31,5.0395,2536880000.0,634220000.0,2.0268,36.9047
4993,SZSE.301355,南王科技,16.46,16.41,16.52,16.2,16.31,-0.9113001215066974,1.944106925880925,2225093,36322989.95,2023-10-31,4.8095,3182047205.68,754581840.11,2.1124,38.7639
4994,SZSE.301356,天振股份,17.15,17.24,17.26,17.01,17.23,0.4664723032069995,1.457725947521866,755698,12941422.32,2023-10-31,1.3994,3721680000.0,930420000.0,1.1579,-54.7947
4995,SZSE.301357,北方长龙,54.62,53.96,58.82,53.79,55.26,1.1717319663127057,9.209080922738925,4065140,227752577.99,2023-10-31,23.9126,3757680000.0,939420000.0,3.3092,227.1902
4996,SZSE.301358,湖南裕能,36.33,36.1,36.27,35.68,36.0,-0.9083402146985886,1.6240022020368936,2203565,79170503.44,2023-10-31,1.6454,27261110520.0,4821243840.0,2.4246,11.2125
4997,SZSE.301359,东南电子,25.7,25.7,25.98,25.53,25.68,-0.07782101167315147,1.7509727626459117,687800,17689627.04,2023-10-31,3.205,2204371200.0,551092800.0,2.614,58.9195
4998,SZSE.301360,荣旗科技,66.56,66.88,70.99,65.0,68.73,3.2602163461538547,8.999399038461531,1341900,91459041.93,2023-10-31,10.6202,3666058200.0,868427880.42,3.305,84.8148
4999,SZSE.301361,众智科技,23.85,23.84,24.11,23.61,23.78,-0.2935010482180256,2.0964360587002093,996465,23694801.11,2023-10-31,3.4262,2766470080.0,691617520.0,2.6026,38.6784
5000,SZSE.301362,民爆光电,41.34,41.26,41.64,40.76,40.92,-1.0159651669085723,2.1286889211417575,884451,36371238.51,2023-10-31,3.682,4283096400.0,982936823.88,1.6984,18.3275
5001,SZSE.301363,美好医疗,34.92,34.9,35.5,34.28,34.93,0.028636884306987298,3.4936998854524592,3772603,131486227.19,2023-10-31,3.3636,14204633800.0,3917748800.0,4.4881,37.85
5002,SZSE.301365,矩阵股份,15.19,15.24,15.28,14.99,15.09,-0.6583278472679366,1.9091507570770188,1031900,15578598.5,2023-10-31,2.2931,2716200000.0,679050000.0,1.5505,35.8779
5003,SZSE.301366,一博科技,33.0,33.0,33.53,32.4,32.86,-0.424242424242427,3.424242424242432,1220060,40346547.2,2023-10-31,2.2315,4929000032.86,1796570454.22,2.2916,43.2358
5004,SZSE.301367,怡和嘉业,105.83,106.0,106.9,104.37,104.85,-0.9260134177454415,2.390626476424455,593400,62652512.24,2023-10-31,3.7088,6710400000.0,1677600000.0,2.4149,17.6096
5005,SZSE.301368,丰立智能,37.61,37.19,37.55,35.81,36.31,-3.4565275192767753,4.626429141185842,2437604,89128036.87,2023-10-31,8.0984,4360831000.0,1092929329.74,4.4687,136.2405
5006,SZSE.301369,联动科技,64.0,64.0,64.8,62.75,63.43,-0.8906250000000004,3.2031249999999956,873300,55648203.0,2023-10-31,3.5993,4414744999.24,1538987374.24,3.0414,115.6944
5007,SZSE.301370,国科恒泰,17.64,17.55,17.85,17.34,17.5,-0.7936507936508019,2.8911564625850428,3332888,58591761.03,2023-10-31,5.0308,8235500000.0,1159371272.5,3.4477,68.4158
5008,SZSE.301371,敷尔佳,42.15,42.15,43.8,41.5,43.65,3.558718861209975,5.456702253855273,3915182,167427969.66,2023-10-31,10.4038,17463492000.0,1642647232.35,3.2407,23.7635
5009,SZSE.301372,科净源,52.82,52.3,52.91,50.72,51.27,-2.9344945096554276,4.146156758803479,2195491,112953540.62,2023-10-31,13.5041,3515657216.1,833544071.1,3.6674,56.6982
5010,SZSE.301373,凌玮科技,30.38,30.35,30.35,29.89,30.07,-1.0204081632653073,1.5141540487162635,700529,21068156.31,2023-10-31,2.6273,3261755776.37,801769460.38,2.2302,29.0547
5011,SZSE.301376,致欧科技,22.72,22.75,23.0,22.2,22.91,0.8362676056338003,3.521126760563384,2656480,59957555.56,2023-10-31,7.8318,9198365000.0,777088574.17,3.0725,25.1886
5012,SZSE.301377,鼎泰高科,20.87,20.89,21.85,20.89,21.6,3.4978437949209518,4.599904168663157,6072823,130674123.77,2023-10-31,12.1456,8856000000.0,1080000000.0,3.8029,39.6719
5013,SZSE.301378,通达海,47.83,47.72,48.66,47.68,48.58,1.5680535228935755,2.0489232699142734,783400,37828601.64,2023-10-31,4.5414,3352020000.0,838005000.0,2.435,66.5044
5014,SZSE.301379,天山电子,29.56,29.42,30.07,29.36,29.57,0.033829499323423384,2.401894451962114,1895849,56218028.91,2023-10-31,7.4816,2996623800.0,749303800.0,2.3471,26.8753
5015,SZSE.301380,挖金客,46.99,46.87,47.36,45.79,46.18,-1.7237710151095986,3.3411364120025544,1133609,52713483.4,2023-10-31,4.0286,3140240000.0,1299456387.74,4.2348,72.3702
5016,SZSE.301381,赛维时代,33.35,33.3,35.61,32.55,34.64,3.8680659670164985,9.17541229385308,8979298,305072716.01,2023-10-31,28.5865,13859464000.0,1088074961.6,5.7741,55.2949
5017,SZSE.301382,蜂助手,41.56,41.24,41.95,40.37,40.9,-1.5880654475457279,3.8017324350336987,4978074,204370438.36,2023-10-31,13.7567,6935985600.0,1480033780.5,4.2487,50.9192
5018,SZSE.301383,天键股份,41.7,41.6,42.6,41.3,41.88,0.4316546762589857,3.117505995203847,3035532,127357258.85,2023-10-31,11.0138,4868131200.0,1154258114.16,2.6487,32.44
5019,SZSE.301386,未来电器,25.78,25.69,25.69,24.97,25.16,-2.4049650892164487,2.7928626842513666,1992693,50324406.57,2023-10-31,5.6934,3522400000.0,880600000.0,2.2787,38.4729
5020,SZSE.301387,光大同创,65.78,64.78,64.78,60.4,60.67,-7.768318637883853,6.658558832471879,4278358,264445713.07,2023-10-31,24.2972,4610920000.0,1068301992.02,2.8108,42.5689
5021,SZSE.301388,欣灵电气,24.26,24.3,24.34,23.82,23.98,-1.1541632316570571,2.143446001648803,545500,13113545.0,2023-10-31,2.1299,2456693448.0,614173362.0,2.5015,50.6652
5022,SZSE.301389,隆扬电子,18.1,17.92,18.54,17.92,18.4,1.6574585635358963,3.42541436464087,4142851,76144646.07,2023-10-31,5.8453,5216400000.0,1304100000.0,2.3572,45.3454
5023,SZSE.301390,经纬股份,41.18,41.18,41.6,40.25,40.6,-1.4084507042253502,3.2782904322486677,561500,22905641.0,2023-10-31,3.7433,2436000000.0,609000000.0,2.6528,31.2531
5024,SZSE.301391,卡莱特,94.59,94.49,96.73,94.06,95.67,1.141769743101806,2.822708531557249,707056,67486827.43,2023-10-31,4.4157,6505560000.0,1531892435.85,3.0383,39.6298
5025,SZSE.301393,昊帆生物,81.94,82.05,84.54,79.52,80.06,-2.294361728093719,6.1264339760800715,4640945,380799264.25,2023-10-31,19.8376,8646480000.0,1872983204.64,3.9459,82.2591
5026,SZSE.301395,仁信新材,19.7,19.74,19.78,19.45,19.65,-0.2538071065989911,1.675126903553309,727637,14251251.85,2023-10-31,2.1176,2847678000.0,675214832.7,1.748,52.6302
5027,SZSE.301396,宏景科技,29.4,29.28,29.6,28.71,28.82,-1.9727891156462563,3.0272108843537437,1202000,34954646.18,2023-10-31,4.3846,3160268368.62,790068021.6,2.5307,81.6686
5028,SZSE.301397,溯联股份,48.94,48.95,49.3,46.29,46.85,-4.270535349407433,6.150388230486306,3155905,149174064.99,2023-10-31,13.3044,4686874000.0,1111319573.7,2.4467,28.6112
5029,SZSE.301398,星源卓镁,51.66,51.82,55.12,50.18,53.09,2.7680991095625274,9.562524196670534,3887737,204213117.48,2023-10-31,20.0841,4247200000.0,1027676721.04,4.1175,60.484
5030,SZSE.301399,英特科技,42.09,42.07,43.1,42.0,42.4,0.7365169874079314,2.6134473746733224,873071,37058480.19,2023-10-31,4.1845,3731200000.0,884646659.2,2.9145,33.1558
5031,SZSE.301408,华人健康,16.97,16.92,17.26,16.82,17.07,0.5892751915144379,2.5928108426635315,4367646,74536945.65,2023-10-31,7.2784,6828170700.0,1024339974.0,3.5621,37.8337
5032,SZSE.301418,协昌科技,59.0,58.88,58.88,57.62,58.0,-1.6949152542372836,2.1355932203389916,1329583,77247334.69,2023-10-31,7.6473,4253333372.0,1008401398.0,2.6628,42.1622
5033,SZSE.301419,阿莱德,41.82,41.79,41.8,40.08,40.3,-3.634624581539936,4.112864658058343,2430306,99155719.81,2023-10-31,9.7212,4030000000.0,1007500000.0,4.2296,48.185
5034,SZSE.301421,波长光电,64.17,62.9,76.2,62.5,71.81,11.905875019479506,21.349540283621636,12979410,894851845.81,2023-10-31,47.305,8309709580.0,1970300159.85,7.0828,145.9577
5035,SZSE.301428,世纪恒通,38.92,38.92,39.33,38.0,38.2,-1.8499486125385323,3.4172661870503553,1445861,55923002.07,2023-10-31,6.1802,3769066679.4,893692781.8,3.1002,43.9765
5036,SZSE.301429,森泰股份,21.81,21.7,22.01,21.5,21.74,-0.3209536909674515,2.3383768913342577,757919,16480052.57,2023-10-31,2.564,2570102800.0,642634400.0,1.9292,45.9201
5037,SZSE.301439,泓淋电力,15.38,15.38,15.48,15.0,15.24,-0.9102730819245841,3.1209362808842678,2124505,32335027.39,2023-10-31,2.1839,5929911569.16,1482547200.0,2.1595,32.672
5038,SZSE.301446,福事特,32.7,32.73,32.97,32.2,32.37,-1.0091743119266194,2.354740061162067,671652,21792624.73,2023-10-31,3.3583,2589600000.0,647400000.0,2.4136,16.6304
5039,SZSE.301448,开创电气,30.68,30.4,31.78,29.4,31.67,3.2268578878748455,7.757496740547596,4395734,134341620.13,2023-10-31,21.9787,2533600000.0,633400000.0,3.879,47.1046
5040,SZSE.301456,盘古智能,33.8,33.8,33.93,32.9,33.13,-1.9822485207100393,3.0473372781065122,1752775,58419731.39,2023-10-31,5.0668,4922594711.65,1146084311.5,2.4215,44.9348
5041,SZSE.301468,博盈特焊,31.51,31.69,31.7,31.25,31.58,0.22215169787367373,1.4281180577594392,654754,20575199.9,2023-10-31,2.0919,4168560000.0,988425388.52,1.8201,32.7377
5042,SZSE.301469,恒达新材,38.85,38.9,39.2,38.13,38.63,-0.5662805662805637,2.754182754182755,983562,37985012.04,2023-10-31,4.7355,3456612400.0,802341391.52,2.5643,42.214
5043,SZSE.301486,致尚科技,45.18,45.81,45.99,44.38,44.75,-0.9517485613103172,3.5635236830455943,2163740,97709269.47,2023-10-31,7.0914,5758474526.25,1365426275.25,2.3039,73.3844
5044,SZSE.301487,盟固利,48.77,47.6,49.49,47.12,47.89,-1.804387943407837,4.859544802132468,10513449,507286420.06,2023-10-31,19.3053,22011031215.82,2608038109.81,11.098,335.1585
5045,SZSE.301488,豪恩汽电,77.71,76.1,77.3,73.56,73.57,-5.3274996782910815,4.812765409857155,3853513,289635626.49,2023-10-31,19.3697,6768440000.0,1463645059.87,5.5987,64.234
5046,SZSE.301489,思泉新材,79.5,75.57,77.33,70.07,70.18,-11.723270440251564,9.13207547169812,7193028,529112672.9,2023-10-31,52.5995,4048076020.12,959717886.38,9.0613,64.4939
5047,SZSE.301498,乖宝宠物,45.16,45.06,45.48,44.7,45.1,-0.13286093888396078,1.7271922054915723,1500621,67810788.41,2023-10-31,3.9953,18042006950.0,1693960329.6,5.0931,49.5092
5048,SZSE.301499,维科精密,32.53,32.54,32.68,31.61,31.95,-1.7829695665539602,3.2892714417460813,2855081,91686045.64,2023-10-31,8.7094,4417242968.7,1047377679.3,3.6411,74.265
5049,SZSE.301500,飞南资源,23.16,23.11,23.78,22.5,23.33,0.7340241796200297,5.526770293609676,7547176,174440164.2,2023-10-31,20.0894,9332233300.0,876459503.61,2.1369,52.8646
5050,SZSE.301503,智迪科技,34.34,34.68,34.74,33.36,33.9,-1.2813046010483498,4.018637157833437,846120,28708817.8,2023-10-31,4.2306,2712000000.0,678000000.0,2.7796,39.9589
5051,SZSE.301505,苏州规划,41.5,41.12,43.0,40.55,43.0,3.6144578313253017,5.903614457831332,5042714,212502244.01,2023-10-31,25.5773,3784000000.0,847770413.0,3.9871,48.228
5052,SZSE.301507,民生健康,18.5,18.4,18.6,18.21,18.34,-0.8648648648648671,2.108108108108111,5702782,104810390.36,2023-10-31,6.7452,6539206412.2,1550566248.98,4.4513,76.2045
5053,SZSE.301509,金凯生科,78.19,77.0,80.8,75.8,77.17,-1.3045146438163346,6.39467962655071,3789896,296910037.57,2023-10-31,18.5791,6639192461.95,1574164206.35,3.0958,43.5292
5054,SZSE.301510,固高科技,41.46,41.59,41.98,39.91,40.32,-2.749638205499283,4.992764109985528,3717668,150863289.12,2023-10-31,10.7916,16128403200.0,1389008436.48,13.0646,391.8521
5055,SZSE.301511,德福科技,26.96,26.96,27.15,26.42,26.59,-1.3724035608308593,2.7077151335311456,2388392,63653951.19,2023-10-31,4.1071,11971615700.0,1546280638.67,2.848,59.9941
5056,SZSE.301512,智信精密,55.26,54.61,56.27,54.28,55.17,-0.16286644951138962,3.6011581614187516,746500,41142864.0,2023-10-31,5.5987,2942403678.0,735603678.0,2.9158,33.0906
5057,SZSE.301515,港通医疗,32.98,32.99,33.28,32.51,32.78,-0.6064281382656023,2.3347483323226297,1351964,44340605.48,2023-10-31,5.7024,3278000000.0,777165088.92,2.5534,38.8719
5058,SZSE.301517,陕西华达,76.2,75.44,84.55,72.03,72.9,-4.330708661417315,16.430446194225716,11393824,888006681.68,2023-10-31,53.7567,7875146430.0,1545129132.3,11.8653,104.6922
5059,SZSE.301518,长华化学,25.1,25.24,25.24,24.69,24.9,-0.7968127490039945,2.191235059760945,1020401,25403459.13,2023-10-31,3.0695,3490437279.6,827762403.0,2.4775,34.6493
5060,SZSE.301519,舜禹股份,23.85,23.8,23.8,22.78,23.12,-3.060796645702313,4.276729559748425,8458837,196329590.1,2023-10-31,21.669,3795379200.0,902525382.8,2.5294,37.6303
5061,SZSE.301520,万邦医药,61.74,61.24,63.56,60.6,61.95,0.3401360544217802,4.794298671849694,3082383,191990629.89,2023-10-31,19.5019,4130000020.65,979152645.45,2.8816,38.5552
5062,SZSE.301525,儒竞科技,81.0,81.01,82.28,79.58,80.21,-0.9753086419753143,3.3333333333333366,2464365,199034795.29,2023-10-31,11.0148,7564746911.28,1794548035.41,2.4636,30.449
5063,SZSE.301528,多浦乐,73.73,73.72,74.38,71.91,72.51,-1.654686016546858,3.3500610335006087,831526,60690695.59,2023-10-31,5.8903,4488369000.0,1023616781.55,3.1502,53.254
5064,SZSE.301529,福赛科技,44.72,44.53,44.6,42.42,43.0,-3.8461538461538436,4.874776386404292,3124930,135890942.29,2023-10-31,16.288,3648000030.0,824975382.0,3.0432,43.7596
5065,SZSE.301533,威马农机,39.53,39.31,40.6,39.09,39.84,0.7842145206172546,3.8198836326840326,1664598,66524655.4,2023-10-31,7.6933,3916538928.0,862017402.72,3.5636,47.8921
5066,SZSE.301548,崇德科技,60.68,60.86,61.2,59.25,59.85,-1.3678312458800246,3.213579433091633,1045933,62764295.22,2023-10-31,7.354,3591000000.0,851223687.3,2.5415,32.3316
5067,SZSE.301550,斯菱股份,52.32,51.57,53.5,50.55,50.91,-2.6949541284403744,5.6383792048929715,2872311,148846276.04,2023-10-31,11.0127,5600100000.0,1327828968.99,3.616,41.0228
5068,SZSE.301555,惠柏新材,22.88,69.0,84.0,65.01,68.3,198.513986013986,82.99825174825173,17200271,1213366276.22,2023-10-31,78.6254,6301815610.0,1494146304.1,10.4796,92.468
5069,SZSE.301558,三态股份,14.47,14.76,15.74,14.44,15.7,8.50034554250172,8.98410504492053,57189348,861923208.8,2023-10-31,51.4145,12384964201.1,1746340123.5,8.8864,87.0575
5070,SZSE.301559,中集环科,20.56,20.5,20.69,20.11,20.35,-1.021400778210102,2.82101167315176,6810021,139007440.14,2023-10-31,8.0586,12210000000.0,1719705606.3,2.4177,19.2186
